  0.17469678213222697       -8.8138606139318112E-017   1.4144485009662701E-016  -2.2672069430576753E-016   8.9842641998217884E-002  -3.2704876256127166E-017   1.4205984619862448E-016  -1.7368814805397176E-016  -6.9011932559262259E-017  -2.2262369398855247E-018   3.2473580467491836E-018  -6.7104168519202260E-017  -3.6953545209393192E-018  -5.9207304242755946E-017  -4.6835090539067467E-002   6.0775284533245956E-016   4.7276596908886992E-016  -1.0803045824856061E-016   2.2911139721393215E-016
  -8.8138606139318112E-017  0.17469678213222642        2.2547052011857295E-018  -7.0355994030819213E-016  -5.1115596174212460E-017   8.9842641998217093E-002   7.5327862020817190E-017  -1.1680199038509953E-015  -1.5526612738511358E-017  -2.2485562030054759E-019  -1.1479515035579165E-018  -1.5414304300901191E-017   5.9840128173404342E-019  -1.5935931041945941E-017   2.8137728646998292E-017  -4.6835090539072158E-002   2.4973786009156595E-015   1.6958293242064814E-015   1.1184223786468668E-015
   1.4144485009662701E-016   2.2547052011857295E-018  0.17469678213222531        2.0932697662224383E-016   1.6144811713554994E-016   8.3476894691111086E-018   8.9842641998216372E-002   5.4621634539310792E-016  -6.1659720880491168E-017  -6.0763669008966506E-019  -1.9871309041920560E-018  -5.9565329640787431E-017   4.2858061163397223E-019  -6.1778876780341481E-017   2.7624038457528218E-016   3.2670558407454876E-016  -4.6835090539066482E-002  -6.7978012261901165E-016   1.5290096895955692E-015
  -2.2672069430576753E-016  -7.0355994030819213E-016   2.0932697662224383E-016  0.31106588045912836        4.7842558812854619E-017   3.7674971532054373E-016  -3.2335234711164904E-016  0.53911184125910583        1.7929644786377691E-014   1.7995648879700744E-016  -9.3618055714959477E-017   1.6178300693871813E-014   2.1112870930595760E-017   1.7222689711304941E-014   1.8106800042923795E-016   1.7915926259902483E-015  -1.6850803475489122E-015 -0.22855021110474430        4.9115529660344770E-002
   8.9842641998217884E-002  -5.1115596174212460E-017   1.6144811713554994E-016   4.7842558812854619E-017   4.7209803941296792E-002  -4.4499100877131209E-017   1.4800956664463022E-017   1.1831237134117325E-016   1.0591981230191577E-017   3.2607092975411092E-018  -2.2802750811516551E-018  -1.1221400937170978E-018   1.4485910302336549E-017  -1.6108426707474569E-017   2.0491172982849214E-002  -7.0989577199498735E-016  -2.7184237246094510E-015   3.3556026707553783E-016  -9.4363087094778340E-016
  -3.2704876256127166E-017   8.9842641998217093E-002   8.3476894691111086E-018   3.7674971532054373E-016  -4.4499100877131209E-017   4.7209803941296424E-002   1.0516862540597578E-017   4.1807381524855569E-016   4.8815530184544069E-017  -1.3710009386055197E-018   2.2819922389582898E-018   4.1885586306219689E-017  -1.6441921317624913E-018   4.1459372081867508E-017  -5.6480580439390287E-017   2.0491172982854008E-002  -1.4080163037154822E-015  -1.4285260395307472E-015  -1.1812220051604645E-015
   1.4205984619862448E-016   7.5327862020817190E-017   8.9842641998216372E-002  -3.2335234711164904E-016   1.4800956664463022E-017   1.0516862540597578E-017   4.7209803941295474E-002  -4.5041698399646143E-016   6.2932399693010175E-018   8.2828093742437270E-019   5.6722784471133612E-018  -6.0168498149677232E-018  -5.4142975083129094E-018  -1.9646131717850911E-018  -1.4799071486759872E-015   1.3941222811095120E-015   2.0491172982845720E-002  -9.1788881204350752E-016  -2.5104646297433123E-015
  -1.7368814805397176E-016  -1.1680199038509953E-015   5.4621634539310792E-016  0.53911184125910583        1.1831237134117325E-016   4.1807381524855569E-016  -4.5041698399646143E-016  0.93455107392061965        3.1144571506536180E-014   3.1109798567301563E-016  -1.6734079321642846E-016   2.8102688704006464E-014   3.1044131765057149E-017   2.9904175522261977E-014  -3.5819746228161436E-015  -8.3024573686503845E-015  -2.7026003018314212E-015 -0.37766131214107590        7.0648191982113376E-002
  -6.9011932559262259E-017  -1.5526612738511358E-017  -6.1659720880491168E-017   1.7929644786377691E-014   1.0591981230191577E-017   4.8815530184544069E-017   6.2932399693010175E-018   3.1144571506536180E-014   1.0754366296405608E-027   7.1323412673871447E-030  -6.8104791802706947E-030   9.6823590440338484E-028   1.8302456023878139E-030   1.0250075588343983E-027   2.0610391134903800E-015   2.5217179227863209E-015   1.7009482160856441E-015  -4.5860516638078372E-015   1.5849672592619604E-015
  -2.2262369398855247E-018  -2.2485562030054759E-019  -6.0763669008966506E-019   1.7995648879700744E-016   3.2607092975411092E-018  -1.3710009386055197E-018   8.2828093742437270E-019   3.1109798567301563E-016   7.1323412673871447E-030   9.9075623955402171E-031  -6.4679301740537815E-032   6.7799414189018253E-030  -4.5819072378574425E-031   7.3027629203339152E-030   1.9586573669704666E-016  -5.5580848698499009E-017   5.0725185562165070E-017  -8.5767117629916051E-016  -9.0407093688597902E-016
   3.2473580467491836E-018  -1.1479515035579165E-018  -1.9871309041920560E-018  -9.3618055714959477E-017  -2.2802750811516551E-018   2.2819922389582898E-018   5.6722784471133612E-018  -1.6734079321642846E-016  -6.8104791802706947E-030  -6.4679301740537815E-032   2.2013552548417488E-031  -6.1956917986126007E-030   3.1014168454305506E-032  -6.1930225169288973E-030  -1.7595958733781429E-016   1.2761856931285670E-016   2.9723878500177602E-016  -3.6550213762957532E-016   3.5439831097449719E-016
  -6.7104168519202260E-017  -1.5414304300901191E-017  -5.9565329640787431E-017   1.6178300693871813E-014  -1.1221400937170978E-018   4.1885586306219689E-017  -6.0168498149677232E-018   2.8102688704006464E-014   9.6823590440338484E-028   6.7799414189018253E-030  -6.1956917986126007E-030   8.7205607615441277E-028   1.3144465982073493E-030   9.2336005641968054E-028   1.4978396062899893E-015   2.2119736482438103E-015   1.1070296955472445E-015  -4.4110982660056097E-015   9.6399715224149463E-016
  -3.6953545209393192E-018   5.9840128173404342E-019   4.2858061163397223E-019   2.1112870930595760E-017   1.4485910302336549E-017  -1.6441921317624913E-018  -5.4142975083129094E-018   3.1044131765057149E-017   1.8302456023878139E-030  -4.5819072378574425E-031   3.1014168454305506E-032   1.3144465982073493E-030   8.1300424069700308E-031   1.2951888800669296E-030   7.2727875698200699E-016  -8.6675625472308043E-017  -2.4986061752215996E-016  -7.6284901693636634E-017   1.0256011756224646E-015
  -5.9207304242755946E-017  -1.5935931041945941E-017  -6.1778876780341481E-017   1.7222689711304941E-014  -1.6108426707474569E-017   4.1459372081867508E-017  -1.9646131717850911E-018   2.9904175522261977E-014   1.0250075588343983E-027   7.3027629203339152E-030  -6.1930225169288973E-030   9.2336005641968054E-028   1.2951888800669296E-030   9.7890825901772723E-028   6.5148634836289149E-016   2.2051125691703585E-015   1.3376854466764648E-015  -5.9018033179366033E-015   1.7593295915143313E-015
  -4.6835090539067467E-002   2.8137728646998292E-017   2.7624038457528218E-016   1.8106800042923795E-016   2.0491172982849214E-002  -5.6480580439390287E-017  -1.4799071486759872E-015  -3.5819746228161436E-015   2.0610391134903800E-015   1.9586573669704666E-016  -1.7595958733781429E-016   1.4978396062899893E-015   7.2727875698200699E-016   6.5148634836289149E-016   1.9883497243066701       -1.5373789164823431E-017   2.5758297292875390E-015   2.9985856414192105E-016   1.7849100353112382E-016
   6.0775284533245956E-016  -4.6835090539072158E-002   3.2670558407454876E-016   1.7915926259902483E-015  -7.0989577199498735E-016   2.0491172982854008E-002   1.3941222811095120E-015  -8.3024573686503845E-015   2.5217179227863209E-015  -5.5580848698499009E-017   1.2761856931285670E-016   2.2119736482438103E-015  -8.6675625472308043E-017   2.2051125691703585E-015  -1.5373789164823431E-017   1.9883497243066739       -2.0727081860700335E-015   3.9999800532161495E-016  -3.4756679276741505E-016
   4.7276596908886992E-016   2.4973786009156595E-015  -4.6835090539066482E-002  -1.6850803475489122E-015  -2.7184237246094510E-015  -1.4080163037154822E-015   2.0491172982845720E-002  -2.7026003018314212E-015   1.7009482160856441E-015   5.0725185562165070E-017   2.9723878500177602E-016   1.1070296955472445E-015  -2.4986061752215996E-016   1.3376854466764648E-015   2.5758297292875390E-015  -2.0727081860700335E-015   1.9883497243066783        5.7611024057798297E-016  -3.2302534061522571E-016
  -1.0803045824856061E-016   1.6958293242064814E-015  -6.7978012261901165E-016 -0.22855021110474430        3.3556026707553783E-016  -1.4285260395307472E-015  -9.1788881204350752E-016 -0.37766131214107590       -4.5860516638078372E-015  -8.5767117629916051E-016  -3.6550213762957532E-016  -4.4110982660056097E-015  -7.6284901693636634E-017  -5.9018033179366033E-015   2.9985856414192105E-016   3.9999800532161495E-016   5.7611024057798297E-016   2.2863066604986915      -0.55442131866768674     
   2.2911139721393215E-016   1.1184223786468668E-015   1.5290096895955692E-015   4.9115529660344770E-002  -9.4363087094778340E-016  -1.1812220051604645E-015  -2.5104646297433123E-015   7.0648191982113376E-002   1.5849672592619604E-015  -9.0407093688597902E-016   3.5439831097449719E-016   9.6399715224149463E-016   1.0256011756224646E-015   1.7593295915143313E-015   1.7849100353112382E-016  -3.4756679276741505E-016  -3.2302534061522571E-016 -0.55442131866768674        2.1346369643809857     
