  0.14993407627514965       -4.1055686953416068E-018  -2.0163736658744860E-016  -1.5903259184485510E-016   9.6865776934690576E-002  -1.9092122631111826E-018  -1.3128630399941374E-016  -1.0369153898782953E-016   6.1520623608433777E-019   3.4855166254948282E-019   6.7501481869389649E-019  -2.0033333296248074E-018  -1.1632490694920064E-018   1.3881270935358237E-018  -7.9306244456798404E-017
  -4.1055686953416068E-018  0.14993407627514868       -2.6862238200591318E-018   2.9198982509764505E-017  -1.2917252445625663E-019   9.6865776934690173E-002   2.7073996437404650E-018  -4.6820380778520419E-018   1.2337335435508592E-017  -5.1251117535043619E-019   1.9252265135614961E-019   9.8417708081602997E-018  -1.6976317562917655E-019   9.9379743323184533E-018   1.0014758923059383E-016
  -2.0163736658744860E-016  -2.6862238200591318E-018  0.14993407627514974        3.8291286099529739E-016  -1.1432420012122035E-016  -1.7287942453461071E-018   9.6865776934690617E-002   2.2595407913918030E-016   1.7305235275465291E-017  -3.5480223837605429E-019   2.5630498221827916E-019   1.6943874636812358E-017  -3.4461539742883547E-019   1.7039044925706939E-017  -2.8346008501472040E-016
  -1.5903259184485510E-016   2.9198982509764505E-017   3.8291286099529739E-016  0.84088283662136409        2.6485593594391735E-016  -1.3674906055668023E-016   4.0320006042068388E-017  0.53795660596321071        1.4461627878930781E-014   4.1312682379731786E-017  -4.1549689297080340E-019   1.4381524918253264E-014   7.2546076358671008E-018   1.4098932060324631E-014 -0.31201457688831596     
   9.6865776934690576E-002  -1.2917252445625663E-019  -1.1432420012122035E-016   2.6485593594391735E-016   6.2580695291323735E-002   3.9669376363075213E-019  -7.4519554361119581E-017   1.7595382363208312E-016   3.9745754610833067E-019   2.2518381700484684E-019   4.3609722672530343E-019  -1.2942650813828654E-018  -7.5152378754858026E-019   8.9680753529042764E-019   1.7877479739755642E-016
  -1.9092122631111826E-018   9.6865776934690173E-002  -1.7287942453461071E-018  -1.3674906055668023E-016   3.9669376363075213E-019   6.2580695291323624E-002   1.7533582008163281E-018  -9.9310389789859926E-017   7.9706068957328116E-018  -3.3111080830570277E-019   1.2438037212378958E-019   6.3583329382422471E-018  -1.0967648122927800E-019   6.4204857812980128E-018   2.7653861202198826E-016
  -1.3128630399941374E-016   2.7073996437404650E-018   9.6865776934690617E-002   4.0320006042068388E-017  -7.4519554361119581E-017   1.7533582008163281E-018   6.2580695291323762E-002   3.0791202196178101E-018   1.1180147313001683E-017  -2.2922203766001624E-019   1.6558731578300643E-019   1.0946688182920569E-017  -2.2264077016316549E-019   1.1008173498359952E-017  -5.9808762758240091E-016
  -1.0369153898782953E-016  -4.6820380778520419E-018   2.2595407913918030E-016  0.53795660596321071        1.7595382363208312E-016  -9.9310389789859926E-017   3.0791202196178101E-018  0.34504979451028506        9.2641157319272475E-015   2.4601538779897464E-017  -7.8159071769646432E-019   9.2030856171413347E-015   4.9456259901592203E-018   9.0183472463450844E-015 -0.15760813471822085     
   6.1520623608433777E-019   1.2337335435508592E-017   1.7305235275465291E-017   1.4461627878930781E-014   3.9745754610833067E-019   7.9706068957328116E-018   1.1180147313001683E-017   9.2641157319272475E-015   2.4888490245935072E-028   6.8526323815336332E-031  -1.4194310785143695E-032   2.4737239976498603E-028   1.2889667566455738E-031   2.4245802331841535E-028  -4.7881280457471186E-015
   3.4855166254948282E-019  -5.1251117535043619E-019  -3.5480223837605429E-019   4.1312682379731786E-017   2.2518381700484684E-019  -3.3111080830570277E-019  -2.2922203766001624E-019   2.4601538779897464E-017   6.8526323815336332E-031   5.7852975069579831E-033   1.0383890423907391E-033   7.0141037875922961E-031  -2.6974604354039337E-034   6.9563816058829585E-031  -1.0153151673944698E-016
   6.7501481869389649E-019   1.9252265135614961E-019   2.5630498221827916E-019  -4.1549689297080340E-019   4.3609722672530343E-019   1.2438037212378958E-019   1.6558731578300643E-019  -7.8159071769646432E-019  -1.4194310785143695E-032   1.0383890423907391E-033   3.0253263447938611E-034  -8.5059531527516307E-033  -1.8590150439936464E-034  -6.0645416378674911E-033  -2.4163530415622375E-017
  -2.0033333296248074E-018   9.8417708081602997E-018   1.6943874636812358E-017   1.4381524918253264E-014  -1.2942650813828654E-018   6.3583329382422471E-018   1.0946688182920569E-017   9.2030856171413347E-015   2.4737239976498603E-028   7.0141037875922961E-031  -8.5059531527516307E-033   2.4597506720234784E-028   1.2488574133704976E-031   2.4113091842636040E-028  -5.2197031584105646E-015
  -1.1632490694920064E-018  -1.6976317562917655E-019  -3.4461539742883547E-019   7.2546076358671008E-018  -7.5152378754858026E-019  -1.0967648122927800E-019  -2.2264077016316549E-019   4.9456259901592203E-018   1.2889667566455738E-031  -2.6974604354039337E-034  -1.8590150439936464E-034   1.2488574133704976E-031   1.7665558662919776E-034   1.2107145481925283E-031   1.1663475530825735E-017
   1.3881270935358237E-018   9.9379743323184533E-018   1.7039044925706939E-017   1.4098932060324631E-014   8.9680753529042764E-019   6.4204857812980128E-018   1.1008173498359952E-017   9.0183472463450844E-015   2.4245802331841535E-028   6.9563816058829585E-031  -6.0645416378674911E-033   2.4113091842636040E-028   1.2107145481925283E-031   2.3639932079500257E-028  -5.3010312840565198E-015
  -7.9306244456798404E-017   1.0014758923059383E-016  -2.8346008501472040E-016 -0.31201457688831596        1.7877479739755642E-016   2.7653861202198826E-016  -5.9808762758240091E-016 -0.15760813471822085       -4.7881280457471186E-015  -1.0153151673944698E-016  -2.4163530415622375E-017  -5.2197031584105646E-015   1.1663475530825735E-017  -5.3010312840565198E-015   2.0961657441605088     
