   4.7647706989035581E-032  -1.1701595441233832E-031   3.3330090249362416E-031   1.5921884943849893E-016  -1.1716726822386393E-031   1.4684789031767153E-031  -3.9837593934658002E-031   6.4527143450298720E-017   6.6140848309459844E-031  -4.7386310039127580E-033  -2.2765546876549348E-033   6.8173632205257124E-031   5.3242961213989209E-034   7.6219844850288465E-031   1.7806847001744670E-016
  -1.1701595441233832E-031   4.7059031835425040E-031  -2.7298996644861546E-031  -7.2973570062163234E-016   1.0443390050374468E-031  -5.2039148977398477E-031   5.0805372576843757E-031  -2.7946661053086237E-016  -2.7184155034127105E-030   5.6008041120235875E-033   8.1675433738932460E-033  -2.7818790584499267E-030  -1.7634125868482617E-033  -3.1033212776341608E-030   7.3771982671593741E-017
   3.3330090249362416E-031  -2.7298996644861546E-031   3.9559213010133915E-030   1.0517878240025818E-016  -1.3654338990959563E-030   5.5152820033348946E-031  -4.1870651338487538E-030   9.1089373528836516E-017   1.3688247518542720E-030  -5.1122000038045667E-032  -8.2524314223038810E-033   1.4706992267623035E-030   2.3670747351026248E-033   1.6647943960825767E-030   2.7674243633051733E-015
   1.5921884943849893E-016  -7.2973570062163234E-016   1.0517878240025818E-016   1.1582400693869017       -5.2629369758813760E-017   7.8604707489840128E-016  -4.6174732335270918E-016  0.43931422227406164        4.2328328762881200E-015  -4.6744908627929996E-018  -1.2370835925068287E-017   4.3257942829701761E-015   2.6218874514513947E-018   4.8236098998573822E-015 -0.34982385147515710     
  -1.1716726822386393E-031   1.0443390050374468E-031  -1.3654338990959563E-030  -5.2629369758813760E-017   4.7152663186557328E-031  -2.0126573251349758E-031   1.4501672200810925E-030  -3.7613591827131788E-017  -5.3175923282090106E-031   1.7692216869377113E-032   3.0201176153229624E-033  -5.6819764698398476E-031  -8.5318065102386832E-034  -6.4215282007439787E-031  -9.4922745676808825E-016
   1.4684789031767153E-031  -5.2039148977398477E-031   5.5152820033348946E-031   7.8604707489840128E-016  -2.0126573251349758E-031   5.9187466434818781E-031  -8.1769902104094297E-031   3.0437230577911949E-016   2.9924149456999403E-030  -9.3406510293445229E-033  -9.2629259968047855E-033   3.0668715991069020E-030   2.0383904705237902E-033   3.4228324297334100E-030   1.0316253050861652E-016
  -3.9837593934658002E-031   5.0805372576843757E-031  -4.1870651338487538E-030  -4.6174732335270918E-016   1.4501672200810925E-030  -8.1769902104094297E-031   4.5379909461476407E-030  -2.2891243683467472E-016  -2.7215010644062642E-030   5.5114506884453413E-032   1.2419903425590737E-032  -2.8566999193705951E-030  -3.2814616665239888E-033  -3.2115484793457866E-030  -2.8007147673344347E-015
   6.4527143450298720E-017  -2.7946661053086237E-016   9.1089373528836516E-017  0.43931422227406164       -3.7613591827131788E-017   3.0437230577911949E-016  -2.2891243683467472E-016  0.16729367189263039        1.6182617655177642E-015  -2.4306999441043609E-018  -4.7846754396380060E-018   1.6547336144071855E-015   1.0220867546936040E-018   1.8454839102916216E-015  -9.6372839302208926E-002
   6.6140848309459844E-031  -2.7184155034127105E-030   1.3688247518542720E-030   4.2328328762881200E-015  -5.3175923282090106E-031   2.9924149456999403E-030  -2.7215010644062642E-030   1.6182617655177642E-015   1.5714625989949193E-029  -2.9729894588136623E-032  -4.6988077509895614E-032   1.6077664360492857E-029   1.0112875742748621E-032   1.7934091889739359E-029  -5.8017019341529705E-016
  -4.7386310039127580E-033   5.6008041120235875E-033  -5.1122000038045667E-032  -4.6744908627929996E-018   1.7692216869377113E-032  -9.3406510293445229E-033   5.5114506884453413E-032  -2.4306999441043609E-018  -2.9729894588136623E-032   6.7015722042884437E-034   1.4151106472710331E-034  -3.1305368186634757E-032  -3.7931800587125358E-035  -3.5227200429036170E-032  -3.4548308899220970E-017
  -2.2765546876549348E-033   8.1675433738932460E-033  -8.2524314223038810E-033  -1.2370835925068287E-017   3.0201176153229624E-033  -9.2629259968047855E-033   1.2419903425590737E-032  -4.7846754396380060E-018  -4.6988077509895614E-032   1.4151106472710331E-034   1.4500790784087670E-034  -4.8149756651370791E-032  -3.1849611463615767E-035  -5.3735750256287000E-032  -1.3203190972502171E-018
   6.8173632205257124E-031  -2.7818790584499267E-030   1.4706992267623035E-030   4.3257942829701761E-015  -5.6819764698398476E-031   3.0668715991069020E-030  -2.8566999193705951E-030   1.6547336144071855E-015   1.6077664360492857E-029  -3.1305368186634757E-032  -4.8149756651370791E-032   1.6450375975619496E-029   1.0373715812227914E-032   1.8350283678701261E-029  -5.4197480048299846E-016
   5.3242961213989209E-034  -1.7634125868482617E-033   2.3670747351026248E-033   2.6218874514513947E-018  -8.5318065102386832E-034   2.0383904705237902E-033  -3.2814616665239888E-033   1.0220867546936040E-018   1.0112875742748621E-032  -3.7931800587125358E-035  -3.1849611463615767E-035   1.0373715812227914E-032   7.0836616221388131E-036   1.1580934626206381E-032   7.1821474803314566E-019
   7.6219844850288465E-031  -3.1033212776341608E-030   1.6647943960825767E-030   4.8236098998573822E-015  -6.4215282007439787E-031   3.4228324297334100E-030  -3.2115484793457866E-030   1.8454839102916216E-015   1.7934091889739359E-029  -3.5227200429036170E-032  -5.3735750256287000E-032   1.8350283678701261E-029   1.1580934626206381E-032   2.0469771562700506E-029  -5.8672219068038986E-016
   1.7806847001744670E-016   7.3771982671593741E-017   2.7674243633051733E-015 -0.34982385147515710       -9.4922745676808825E-016   1.0316253050861652E-016  -2.8007147673344347E-015  -9.6372839302208926E-002  -5.8017019341529705E-016  -3.4548308899220970E-017  -1.3203190972502171E-018  -5.4197480048299846E-016   7.1821474803314566E-019  -5.8672219068038986E-016   2.0911462229970645     
