   8.2453544152108360E-005   8.5717558777123286E-018   3.9210989659901876E-018   6.7198952202623429E-016  -2.9343563359146850E-004  -1.9075641884587417E-017  -7.0193398034170532E-018   6.0429229595253119E-016   4.0499517413583827E-019  -2.6715421231496948E-018   1.3588783025561576E-018   1.4140541236114468E-018  -1.9527908480160426E-018   1.9386135273417219E-019  -1.2778835413948685E-002  -5.2077883174063822E-016  -1.6101770749015149E-016  -1.3312582077035549E-015  -3.0180632043272076E-016
   8.5717558777123286E-018   8.2453544152128120E-005   9.5041513826403824E-018  -6.0627570328430336E-017  -2.3921853211158000E-017  -2.9343563359151518E-004  -8.6450300179142583E-018  -5.9242432414183540E-017  -1.9103221124186216E-020   7.4042614350881053E-020  -1.1285261393054207E-018   1.8800186707870623E-018  -7.8557232598984349E-020   4.8689368569526758E-018  -8.0710508467015350E-016  -1.2778835413950201E-002  -1.2403304616969693E-016  -5.3190662372603797E-016   1.8867793480817106E-016
   3.9210989659901876E-018   9.5041513826403824E-018   8.2453544152128526E-005  -3.0166272683030216E-016  -1.0923902472535352E-017  -2.9180835935198607E-017  -2.9343563359150515E-004  -2.6426689568440489E-016  -1.3957259139734328E-018   3.4152361925843130E-018   5.0802188138975458E-019  -2.6807411765866977E-018   7.9692042352955880E-019   3.9699871156526492E-018  -4.4163586825384669E-016  -1.3471564570596687E-015  -1.2778835413950239E-002   1.9016520849640493E-015   2.5460853882062667E-015
   6.7198952202623429E-016  -6.0627570328430336E-017  -3.0166272683030216E-016  0.61044082524927956        1.3175983461036166E-016  -2.7613121672519474E-017   5.3521060076180472E-016  0.56826475743470339        2.8902624696967643E-015   1.0832246913541047E-016  -1.4728870351963415E-017   3.1620489654927671E-015  -2.2388805404663798E-017   2.7936594418479337E-015  -1.9202660886155517E-015   1.0215017267330241E-016   1.4871010232995465E-015 -0.27500856202782115        5.3555518706048459E-002
  -2.9343563359146850E-004  -2.3921853211158000E-017  -1.0923902472535352E-017   1.3175983461036166E-016   1.0442785928326266E-003   4.4457708759279129E-017   1.4195497541338535E-017   1.9214688672369179E-016  -1.4412966324904950E-018   9.5074828333220757E-018  -4.8359754548421297E-018  -5.0323351404765278E-018   6.9495911382782834E-018  -6.8991368960931598E-019   4.5477313374615518E-002   8.3305118615221042E-016   1.0335578078713738E-016   1.6175895284024915E-016  -1.2576678736330030E-016
  -1.9075641884587417E-017  -2.9343563359151518E-004  -2.9180835935198607E-017  -2.7613121672519474E-017   4.4457708759279129E-017   1.0442785928327088E-003   1.4244083235387642E-017  -2.2468649798510865E-017   6.7984534220981179E-020  -2.6350282062817014E-019   4.0161982861605842E-018  -6.6906095486762520E-018   2.7956944189499316E-019  -1.7327570163643715E-017   1.1009528842921687E-015   4.5477313374617245E-002  -2.7810124537432090E-016   7.0611731455280206E-016   9.6188216679006095E-017
  -7.0193398034170532E-018  -8.6450300179142583E-018  -2.9343563359150515E-004   5.3521060076180472E-016   1.4195497541338535E-017   1.4244083235387642E-017   1.0442785928326318E-003   4.2725134153183890E-016   4.9671087167768644E-018  -1.2154140932822510E-017  -1.8079480291224966E-018   9.5402204202997059E-018  -2.8360800230576478E-018  -1.4128388253182389E-017   4.9688154413931175E-016   8.9206375982918071E-016   4.5477313374615601E-002  -2.4793079440456377E-015  -1.6111150095719122E-015
   6.0429229595253119E-016  -5.9242432414183540E-017  -2.6426689568440489E-016  0.56826475743470339        1.9214688672369179E-016  -2.2468649798510865E-017   4.2725134153183890E-016  0.52905811003449688        2.6944277236024405E-015   1.0409122348091518E-016  -9.1352457717160982E-018   2.9486175839947899E-015  -2.3235889811811003E-017   2.6058268699773756E-015   1.1828054396609237E-015   1.5616309013134565E-016  -1.6348047626842797E-015 -0.24760852111949883        4.1207848946297997E-002
   4.0499517413583827E-019  -1.9103221124186216E-020  -1.3957259139734328E-018   2.8902624696967643E-015  -1.4412966324904950E-018   6.7984534220981179E-020   4.9671087167768644E-018   2.6944277236024405E-015   1.5204912500790764E-029   7.2494165531572613E-031   3.4293432066199056E-031   1.5224031855287392E-029   1.7521876248804944E-031   1.2746151478483868E-029  -6.2767061463740747E-017   2.9606601041094594E-018   2.1631273611184564E-016   2.9979183238654243E-016   6.2407761775639075E-016
  -2.6715421231496948E-018   7.4042614350881053E-020   3.4152361925843130E-018   1.0832246913541047E-016   9.5074828333220757E-018  -2.6350282062817014E-019  -1.2154140932822510E-017   1.0409122348091518E-016   7.2494165531572613E-031   4.4083030076829798E-031   2.4637404919454373E-031   6.9470142219797747E-031  -2.6502178190020110E-032   9.2675302133160030E-031   4.1404159692859055E-016  -1.1475290627490706E-017  -5.2930097370079812E-016   4.9115283353092256E-016  -4.5307390326652339E-016
   1.3588783025561576E-018  -1.1285261393054207E-018   5.0802188138975458E-019  -1.4728870351963415E-017  -4.8359754548421297E-018   4.0161982861605842E-018  -1.8079480291224966E-018  -9.1352457717160982E-018   3.4293432066199056E-031   2.4637404919454373E-031   4.2661841534786881E-031   3.0899736220000006E-031  -1.8647263130308866E-031   2.6107746455704036E-031  -2.1060201055664226E-016   1.7490151506302229E-016  -7.8734371890534188E-017   7.7965585938536789E-016  -6.3917837105069347E-016
   1.4140541236114468E-018   1.8800186707870623E-018  -2.6807411765866977E-018   3.1620489654927671E-015  -5.0323351404765278E-018  -6.6906095486762520E-018   9.5402204202997059E-018   2.9486175839947899E-015   1.5224031855287392E-029   6.9470142219797747E-031   3.0899736220000006E-031   1.7009791973551378E-029  -4.5230456928615960E-031   1.5022165659230920E-029  -2.1915328319505558E-016  -2.9136951499406010E-016   4.1546728688548018E-016  -7.8533912742860051E-016  -6.2742585283740427E-016
  -1.9527908480160426E-018  -7.8557232598984349E-020   7.9692042352955880E-019  -2.2388805404663798E-017   6.9495911382782834E-018   2.7956944189499316E-019  -2.8360800230576478E-018  -2.3235889811811003E-017   1.7521876248804944E-031  -2.6502178190020110E-032  -1.8647263130308866E-031  -4.5230456928615960E-031   3.3904016202558838E-031  -5.9459727949978211E-031   3.0264791042364047E-016   1.2174976300647428E-017  -1.2350851664419299E-016   3.7951136041784137E-017   7.4483131887063554E-016
   1.9386135273417219E-019   4.8689368569526758E-018   3.9699871156526492E-018   2.7936594418479337E-015  -6.8991368960931598E-019  -1.7327570163643715E-017  -1.4128388253182389E-017   2.6058268699773756E-015   1.2746151478483868E-029   9.2675302133160030E-031   2.6107746455704036E-031   1.5022165659230920E-029  -5.9459727949978211E-031   1.4238194478059671E-029  -3.0045067742619727E-017  -7.5459876680524941E-016  -6.1527751739649254E-016  -1.1153657804615321E-015  -1.1777391032094771E-015
  -1.2778835413948685E-002  -8.0710508467015350E-016  -4.4163586825384669E-016  -1.9202660886155517E-015   4.5477313374615518E-002   1.1009528842921687E-015   4.9688154413931175E-016   1.1828054396609237E-015  -6.2767061463740747E-017   4.1404159692859055E-016  -2.1060201055664226E-016  -2.1915328319505558E-016   3.0264791042364047E-016  -3.0045067742619727E-017   1.9804926060611729       -9.0842589527129203E-017  -7.8226796107428928E-016  -5.8563485697403550E-016   6.2588359387476979E-017
  -5.2077883174063822E-016  -1.2778835413950201E-002  -1.3471564570596687E-015   1.0215017267330241E-016   8.3305118615221042E-016   4.5477313374617245E-002   8.9206375982918071E-016   1.5616309013134565E-016   2.9606601041094594E-018  -1.1475290627490706E-017   1.7490151506302229E-016  -2.9136951499406010E-016   1.2174976300647428E-017  -7.5459876680524941E-016  -9.0842589527129203E-017   1.9804926060611681       -2.7668839441830073E-016  -3.4945015876780268E-016  -8.2349615023792585E-016
  -1.6101770749015149E-016  -1.2403304616969693E-016  -1.2778835413950239E-002   1.4871010232995465E-015   1.0335578078713738E-016  -2.7810124537432090E-016   4.5477313374615601E-002  -1.6348047626842797E-015   2.1631273611184564E-016  -5.2930097370079812E-016  -7.8734371890534188E-017   4.1546728688548018E-016  -1.2350851664419299E-016  -6.1527751739649254E-016  -7.8226796107428928E-016  -2.7668839441830073E-016   1.9804926060611705        4.3792187486660592E-016   4.6859916096920498E-016
  -1.3312582077035549E-015  -5.3190662372603797E-016   1.9016520849640493E-015 -0.27500856202782115        1.6175895284024915E-016   7.0611731455280206E-016  -2.4793079440456377E-015 -0.24760852111949883        2.9979183238654243E-016   4.9115283353092256E-016   7.7965585938536789E-016  -7.8533912742860051E-016   3.7951136041784137E-017  -1.1153657804615321E-015  -5.8563485697403550E-016  -3.4945015876780268E-016   4.3792187486660592E-016   2.2408056204877096      -0.52797094935161704     
  -3.0180632043272076E-016   1.8867793480817106E-016   2.5460853882062667E-015   5.3555518706048459E-002  -1.2576678736330030E-016   9.6188216679006095E-017  -1.6111150095719122E-015   4.1207848946297997E-002   6.2407761775639075E-016  -4.5307390326652339E-016  -6.3917837105069347E-016  -6.2742585283740427E-016   7.4483131887063554E-016  -1.1777391032094771E-015   6.2588359387476979E-017  -8.2349615023792585E-016   4.6859916096920498E-016 -0.52797094935161704        2.1246211490264026     
