  0.28227207106723307        8.6897110058818780E-018  -9.9324671581812571E-018  -1.6544945519870793E-016  -1.1515686560341438E-017   1.1504809594949073E-017  -1.9936770401183924E-017  -7.1976677495955805E-019   1.0323498116560272E-018   1.2235453335308331E-017  0.32678936314433354        1.6491731483041237E-017   8.3878866969955952E-017  -2.3000044209122925E-016   5.9428275788481711E-017
   8.6897110058818780E-018  0.28227207106723312       -4.1487673756515253E-018   4.0151450961588663E-018   8.2015113389822540E-019  -6.4306566621622748E-018  -7.2574423339279357E-018  -2.9246673119964227E-018   3.0093280191220627E-018   2.1045161780979809E-018   3.0491492035260310E-017  0.32678936314433515        3.7180511219727563E-017  -5.8083789717853205E-017   1.0777117047748321E-017
  -9.9324671581812571E-018  -4.1487673756515253E-018  0.28227207106723295       -5.6799123470166016E-016   7.9526323239221236E-018   1.8432077922507445E-017  -5.0286956787986560E-018  -1.8201820990880970E-017   4.8132208591863005E-018   1.0249188666965553E-017   2.1330092203854173E-016   3.3042755272390607E-018  0.32678936314433332       -7.2622022454806381E-016  -1.5387386675917009E-016
  -1.6544945519870793E-016   4.0151450961588663E-018  -5.6799123470166016E-016  0.58675199871817618       -1.2455909984220082E-015   1.0998323973931037E-016   1.7829529556880060E-016   1.2326642358618728E-015  -8.3545470962803415E-017   9.6269316857880268E-016  -1.1065021521128826E-016   1.1601859243726844E-017  -8.0778116497125802E-016  0.58872497226532738      -0.25455898378274450     
  -1.1515686560341438E-017   8.2015113389822540E-019   7.9526323239221236E-018  -1.2455909984220082E-015   2.8059119210346814E-030  -1.0505739108156459E-031  -6.1155485734173904E-031  -2.9856326801161628E-030   4.8340256298832128E-032  -2.0085468828367532E-030  -1.3331832168147720E-017   9.4949764500386361E-019   9.2068465811362260E-018  -1.2628666602127585E-015  -2.4011967095421870E-017
   1.1504809594949073E-017  -6.4306566621622748E-018   1.8432077922507445E-017   1.0998323973931037E-016  -1.0505739108156459E-031   1.2481789428574662E-031  -1.5392437370169187E-031  -6.3847788150770897E-032  -1.1833520536698626E-031   2.0973515619323569E-031   1.3319239790233147E-017  -7.4448392548455338E-018   2.1339011624314072E-017   9.9916735021637395E-017  -4.9779321050148426E-016
  -1.9936770401183924E-017  -7.2574423339279357E-018  -5.0286956787986560E-018   1.7829529556880060E-016  -6.1155485734173904E-031  -1.5392437370169187E-031   3.9511238575306399E-031   9.0973815183653691E-031   1.6180163758589161E-031   2.4016389116737108E-031  -2.3081010026691014E-017  -8.4020177745326873E-018  -5.8217741915026713E-018   1.9789217728547640E-016   7.4192869927642537E-016
  -7.1976677495955805E-019  -2.9246673119964227E-018  -1.8201820990880970E-017   1.2326642358618728E-015  -2.9856326801161628E-030  -6.3847788150770897E-032   9.0973815183653691E-031   3.4336377517926710E-030   1.1955687188983235E-031   1.9409311392159529E-030  -8.3328161058253094E-019  -3.3859182904025784E-018  -2.1072440738426357E-017   1.2667524557900380E-015   7.5655401759341455E-016
   1.0323498116560272E-018   3.0093280191220627E-018   4.8132208591863005E-018  -8.3545470962803415E-017   4.8340256298832128E-032  -1.1833520536698626E-031   1.6180163758589161E-031   1.1955687188983235E-031   1.1555960266380393E-031  -1.6515581457455798E-031   1.1951622993296918E-018   3.4839308867616123E-018   5.5723167130902952E-018  -7.3330972841262902E-017   4.8887189248760892E-016
   1.2235453335308331E-017   2.1045161780979809E-018   1.0249188666965553E-017   9.6269316857880268E-016  -2.0085468828367532E-030   2.0973515619323569E-031   2.4016389116737108E-031   1.9409311392159529E-030  -1.6515581457455798E-031   1.5881713485071467E-030   1.4165113778738991E-017   2.4364206453984764E-018   1.1865594157297819E-017   9.6305939482485870E-016  -5.4146786386696341E-016
  0.32678936314433354        3.0491492035260310E-017   2.1330092203854173E-016  -1.1065021521128826E-016  -1.3331832168147720E-017   1.3319239790233147E-017  -2.3081010026691014E-017  -8.3328161058253094E-019   1.1951622993296918E-018   1.4165113778738991E-017  0.37832750317987712        4.2746364716135527E-017   3.5735115669687084E-016  -1.7624589504116523E-016   4.1596148661016814E-016
   1.6491731483041237E-017  0.32678936314433515        3.3042755272390607E-018   1.1601859243726844E-017   9.4949764500386361E-019  -7.4448392548455338E-018  -8.4020177745326873E-018  -3.3859182904025784E-018   3.4839308867616123E-018   2.4364206453984764E-018   4.2746364716135527E-017  0.37832750317988068        5.2431339435041240E-017  -6.0222707190148675E-017   1.1385463371497605E-017
   8.3878866969955952E-017   3.7180511219727563E-017  0.32678936314433332       -8.0778116497125802E-016   9.2068465811362260E-018   2.1339011624314072E-017  -5.8217741915026713E-018  -2.1072440738426357E-017   5.5723167130902952E-018   1.1865594157297819E-017   3.5735115669687084E-016   5.2431339435041240E-017  0.37832750317987673       -9.7875856354992024E-016   4.3520533860140383E-016
  -2.3000044209122925E-016  -5.8083789717853205E-017  -7.2622022454806381E-016  0.58872497226532738       -1.2628666602127585E-015   9.9916735021637395E-017   1.9789217728547640E-016   1.2667524557900380E-015  -7.3330972841262902E-017   9.6305939482485870E-016  -1.7624589504116523E-016  -6.0222707190148675E-017  -9.7875856354992024E-016  0.59176839669414738      -0.20953673017669652     
   5.9428275788481711E-017   1.0777117047748321E-017  -1.5387386675917009E-016 -0.25455898378274450       -2.4011967095421870E-017  -4.9779321050148426E-016   7.4192869927642537E-016   7.5655401759341455E-016   4.8887189248760892E-016  -5.4146786386696341E-016   4.1596148661016814E-016   1.1385463371497605E-017   4.3520533860140383E-016 -0.20953673017669652        2.0889854434594386     
