   2.9742442054730433E-006  -1.9117454843501453E-018   1.5378421341786542E-018   4.1058822058972185E-016   1.2490643225398884E-016  -2.2693371665975185E-005   6.9673459701480772E-018  -6.1006340342295930E-018   1.7984787239360150E-019   4.8252129272601950E-019  -6.0664267468257845E-019   7.6098502586182384E-019  -1.7189404319979365E-019  -8.5181651311436910E-019  -2.4347971145052029E-003   6.1143341304070137E-016  -4.5091094850945273E-016  -1.5316168957041892E-016   1.6238228526830382E-016
  -1.9117454843501453E-018   2.9742442054810541E-006  -1.3345008090647322E-018  -8.3223195487853910E-017  -2.8488796761469631E-017   7.8835026271819170E-018  -2.2693371666008684E-005   4.4682195457488068E-018   3.5021457420699502E-019   1.9679513992755174E-020   5.3004169111397846E-020   6.0961182916529948E-019   3.2831909286407042E-020   3.4831241759268041E-019   9.5330784180569245E-016  -2.4347971145084846E-003   4.7201502419883862E-016   1.2102357448959633E-016  -2.7393180385860467E-016
   1.5378421341786542E-018  -1.3345008090647322E-018   2.9742442054739103E-006  -1.9490093392891259E-016  -7.5401193480733125E-017  -1.0420829008363747E-017   5.7033476840087921E-018  -2.2693371665978573E-005   3.2697783121676134E-019  -2.5000852893738010E-019  -1.5948833750260991E-019  -1.4900108441917804E-018   4.1124024331171391E-020  -6.8810120691214723E-019  -8.0608353646598521E-016   6.2094559965581206E-016  -2.4347971145055611E-003   1.1876231132650097E-015   9.3448989178713474E-016
   4.1058822058972185E-016  -8.3223195487853910E-017  -1.9490093392891259E-016  0.63375091226774805       0.19574938435593467        1.1394893828646506E-016  -7.2459541191924585E-017   7.3586188074113886E-017   5.8888788238971746E-015   8.5484961288606654E-018   1.9889053952498134E-017   5.9993770390503344E-015   3.7646585468902981E-018   6.1270836168130677E-015  -8.3384748624933794E-016  -5.9414632726985030E-016  -3.7404046184251770E-015 -0.14827482152745533        2.4087283102326495E-002
   1.2490643225398884E-016  -2.8488796761469631E-017  -7.5401193480733125E-017  0.19574938435593467        6.0570707166765041E-002   5.0498068399505997E-017  -1.6679223837656189E-018   7.0816463543237196E-017   1.7985560092426909E-015   4.2128789893270844E-018   8.4513075487893977E-018   1.8520711864629401E-015   5.7107327494229642E-018   1.8805194430007714E-015   1.4584454591565080E-015   1.8563879699997915E-015   3.1229133464878681E-015  -6.0578288589227647E-002   7.5066048231689558E-003
  -2.2693371665975185E-005   7.8835026271819170E-018  -1.0420829008363747E-017   1.1394893828646506E-016   5.0498068399505997E-017   1.7314957414136682E-004  -2.0166162889772347E-018   3.6530621882224220E-017  -1.3722325167400839E-018  -3.6816193547353398E-018   4.6286608408550011E-018  -5.8062871879383521E-018   1.3115450985233473E-018   6.4993280268774517E-018   1.8577410607049528E-002   8.2207967426554387E-016   2.3657001294849272E-015   1.9379877279199737E-016  -5.8611637795157594E-016
   6.9673459701480772E-018  -2.2693371666008684E-005   5.7033476840087921E-018  -7.2459541191924585E-017  -1.6679223837656189E-018  -2.0166162889772347E-018   1.7314957414141162E-004   8.1060908295617658E-020  -2.6721240578385498E-018  -1.5015395320345249E-019  -4.0441982109997429E-019  -4.6513153781290638E-018  -2.5050623569018366E-019  -2.6576106742543245E-018  -1.0364186087111660E-015   1.8577410607051949E-002   6.5045863628809564E-017  -2.4462994265983984E-016   1.1374234657378241E-016
  -6.1006340342295930E-018   4.4682195457488068E-018  -2.2693371665978573E-005   7.3586188074113886E-017   7.0816463543237196E-017   3.6530621882224220E-017   8.1060908295617658E-020   1.7314957414136807E-004  -2.4948285808838857E-018   1.9075556931050934E-018   1.2168900296311455E-018   1.1368726821866964E-017  -3.1377476228922976E-019   5.2501863846607191E-018   1.5390245603266999E-015  -6.0179546850270302E-017   1.8577410607049618E-002  -8.4074614170185135E-016  -1.3270996916076126E-015
   1.7984787239360150E-019   3.5021457420699502E-019   3.2697783121676134E-019   5.8888788238971746E-015   1.7985560092426909E-015  -1.3722325167400839E-018  -2.6721240578385498E-018  -2.4948285808838857E-018   5.8780192833261633E-029  -9.3939841874975799E-032  -3.5433963153105877E-031   5.5613726886143104E-029  -6.5276699561094329E-031   5.9269503837988113E-029  -1.4722835466537502E-016  -2.8669516550407313E-016  -2.6767293636793715E-016   1.5211754361770121E-015  -3.6539918769279916E-016
   4.8252129272601950E-019   1.9679513992755174E-020  -2.5000852893738010E-019   8.5484961288606654E-018   4.2128789893270844E-018  -3.6816193547353398E-018  -1.5015395320345249E-019   1.9075556931050934E-018  -9.3939841874975799E-032   2.0940377132808491E-031  -9.4827916542078562E-032   1.1781345370639093E-031   1.5819586783189814E-031  -3.5806782960864162E-032  -3.9500503995432894E-016  -1.6110184831632353E-017   2.0466377432550851E-016  -1.1840133501736721E-016  -4.2772597960874208E-016
  -6.0664267468257845E-019   5.3004169111397846E-020  -1.5948833750260991E-019   1.9889053952498134E-017   8.4513075487893977E-018   4.6286608408550011E-018  -4.0441982109997429E-019   1.2168900296311455E-018  -3.5433963153105877E-031  -9.4827916542078562E-032   2.0487154235962230E-031   2.0437272577670925E-031   6.7978389521081975E-032   8.8098522250494255E-032   4.9661417550544185E-016  -4.3390652916448381E-017   1.3056148625359814E-016  -3.6727846055352832E-016   2.1789649698771991E-016
   7.6098502586182384E-019   6.0961182916529948E-019  -1.4900108441917804E-018   5.9993770390503344E-015   1.8520711864629401E-015  -5.8062871879383521E-018  -4.6513153781290638E-018   1.1368726821866964E-017   5.5613726886143104E-029   1.1781345370639093E-031   2.0437272577670925E-031   5.8334526414928823E-029  -3.4915237016670614E-031   5.8000778099883799E-029  -6.2296301753970822E-016  -4.9904480603471615E-016   1.2197633594915345E-015  -1.4953515423119642E-015   1.2203436427199531E-015
  -1.7189404319979365E-019   3.2831909286407042E-020   4.1124024331171391E-020   3.7646585468902981E-018   5.7107327494229642E-018   1.3115450985233473E-018  -2.5050623569018366E-019  -3.1377476228922976E-019  -6.5276699561094329E-031   1.5819586783189814E-031   6.7978389521081975E-032  -3.4915237016670614E-031   3.7617558993026160E-031  -2.3274882087800395E-031   1.4071713399096796E-016  -2.6877092959189546E-017  -3.3665243625911853E-017  -4.8103645205952262E-016  -6.0525056045586903E-016
  -8.5181651311436910E-019   3.4831241759268041E-019  -6.8810120691214723E-019   6.1270836168130677E-015   1.8805194430007714E-015   6.4993280268774517E-018  -2.6576106742543245E-018   5.2501863846607191E-018   5.9269503837988113E-029  -3.5806782960864162E-032   8.8098522250494255E-032   5.8000778099883799E-029  -2.3274882087800395E-031   6.1202457288186259E-029   6.9732014083149009E-016  -2.8513800841902394E-016   5.6329834315232270E-016   3.4294202618615575E-016  -4.2845582552404762E-016
  -2.4347971145052029E-003   9.5330784180569245E-016  -8.0608353646598521E-016  -8.3384748624933794E-016   1.4584454591565080E-015   1.8577410607049528E-002  -1.0364186087111660E-015   1.5390245603266999E-015  -1.4722835466537502E-016  -3.9500503995432894E-016   4.9661417550544185E-016  -6.2296301753970822E-016   1.4071713399096796E-016   6.9732014083149009E-016   1.9931910694804553        2.1737575931976560E-016  -1.5757252273818079E-015  -6.5904629097412085E-016   2.4120007516985545E-016
   6.1143341304070137E-016  -2.4347971145084846E-003   6.2094559965581206E-016  -5.9414632726985030E-016   1.8563879699997915E-015   8.2207967426554387E-016   1.8577410607051949E-002  -6.0179546850270302E-017  -2.8669516550407313E-016  -1.6110184831632353E-017  -4.3390652916448381E-017  -4.9904480603471615E-016  -2.6877092959189546E-017  -2.8513800841902394E-016   2.1737575931976560E-016   1.9931910694804595       -4.1097022161241947E-016  -3.9882808288422591E-016   3.0296830478808635E-016
  -4.5091094850945273E-016   4.7201502419883862E-016  -2.4347971145055611E-003  -3.7404046184251770E-015   3.1229133464878681E-015   2.3657001294849272E-015   6.5045863628809564E-017   1.8577410607049618E-002  -2.6767293636793715E-016   2.0466377432550851E-016   1.3056148625359814E-016   1.2197633594915345E-015  -3.3665243625911853E-017   5.6329834315232270E-016  -1.5757252273818079E-015  -4.1097022161241947E-016   1.9931910694804604       -4.3967380090785368E-016   8.5212454911677141E-016
  -1.5316168957041892E-016   1.2102357448959633E-016   1.1876231132650097E-015 -0.14827482152745533       -6.0578288589227647E-002   1.9379877279199737E-016  -2.4462994265983984E-016  -8.4074614170185135E-016   1.5211754361770121E-015  -1.1840133501736721E-016  -3.6727846055352832E-016  -1.4953515423119642E-015  -4.8103645205952262E-016   3.4294202618615575E-016  -6.5904629097412085E-016  -3.9882808288422591E-016  -4.3967380090785368E-016   2.1521331494536371      -0.49387802273880121     
   1.6238228526830382E-016  -2.7393180385860467E-016   9.3448989178713474E-016   2.4087283102326495E-002   7.5066048231689558E-003  -5.8611637795157594E-016   1.1374234657378241E-016  -1.3270996916076126E-015  -3.6539918769279916E-016  -4.2772597960874208E-016   2.1789649698771991E-016   1.2203436427199531E-015  -6.0525056045586903E-016  -4.2845582552404762E-016   2.4120007516985545E-016   3.0296830478808635E-016   8.5212454911677141E-016 -0.49387802273880121        2.1134881295609365     
