  0.27041813298260770       -2.2106694816493541E-016  -4.6439155793998005E-017  -5.4640866197087390E-016  0.31379164093303397        4.7940841414468154E-017   3.5718724019562572E-017  -1.3065469233723013E-015   2.2928418697112622E-017  -1.3161789237805323E-018  -2.1679312715098526E-018  -3.5474088227540951E-017  -1.4257769601887919E-018   1.4422948324312839E-017 -0.12821325911636700        1.0385349205298826E-016  -4.9155905214218930E-017  -3.0150046815591470E-016  -5.7799356247617985E-016
  -2.2106694816493541E-016  0.27041813298260403        1.4123632423176948E-016  -1.9430018137902011E-016  -3.2434299990796164E-016  0.31379164093303208       -2.0835239343328165E-016  -3.8276660825809861E-016   6.1850471383440761E-018   2.1282993931007959E-019  -8.5331527138766349E-019   2.3948438882853930E-017   2.7587145002855650E-018   2.3981573178520722E-017  -7.3898669505196227E-016 -0.12821325911636680       -1.7632483692667758E-016  -3.3695820470517254E-016  -3.6771200078032528E-016
  -4.6439155793998005E-017   1.4123632423176948E-016  0.27041813298260658        8.7273097044748086E-016  -2.1253000796377650E-016   2.6775087767848540E-016  0.31379164093303330       -1.1313244798072263E-015   7.0148242684063748E-016   1.4092826822688110E-017   3.9097269300895505E-017   6.9855447379666119E-016  -1.9726507568779327E-017   7.4189670048005192E-016   4.2080214910304731E-016  -7.6730246384819345E-017 -0.12821325911636530        2.4722223474851451E-015  -3.1852300476819598E-016
  -5.4640866197087390E-016  -1.9430018137902011E-016   8.7273097044748086E-016  0.26011379693218878        2.7046110276380560E-016  -2.5948567255802066E-016   2.7443674047873239E-016  0.52543634008029205       -9.6324017135312496E-015  -7.5273217985147667E-018   6.5961825150531099E-017  -9.8664598056590182E-015  -1.4662199953836601E-016  -9.8034951000775325E-015   7.5648378738276622E-016   1.4835846939910239E-015   2.8121200048635594E-016 -0.25116208116297412        5.7935298768800214E-002
  0.31379164093303397       -3.2434299990796164E-016  -2.1253000796377650E-016   2.7046110276380560E-016  0.36521648314303617        1.0273239100773640E-017  -1.6624861890952709E-016   2.3522202422198705E-016   2.5431552440075974E-017  -1.8485913244313756E-017   1.3530973494623356E-017  -2.2220870207823370E-017  -1.9379178329999977E-017  -8.5989084781549264E-019 -0.10233071370668051       -8.0460083176159653E-017   1.4249167749176857E-016  -1.1949544451900626E-016   6.3115907555710704E-018
   4.7940841414468154E-017  0.31379164093303208        2.6775087767848540E-016  -2.5948567255802066E-016   1.0273239100773640E-017  0.36521648314303673       -1.1472672330235444E-016  -5.8459724914375576E-016   1.2211869412842315E-017   1.8116012943274965E-019  -1.0741876211073378E-018   2.0966793649846404E-017   3.2070890638810248E-018   2.2624942497405026E-017   6.2709406623614371E-016 -0.10233071370667954        4.6365683560194411E-017   8.4695959062665171E-016   3.7463290184051613E-016
   3.5718724019562572E-017  -2.0835239343328165E-016  0.31379164093303330        2.7443674047873239E-016  -1.6624861890952709E-016  -1.1472672330235444E-016  0.36521648314303579       -2.9828375057348829E-015   8.5753894150584260E-016   1.5560247681858886E-017   6.6921463914967104E-017   8.5182764176611245E-016  -1.7556292044448944E-017   8.9018787473746804E-016  -6.8784140309375923E-016   6.3413201005532074E-017 -0.10233071370668431       -5.6532160301557197E-016  -2.8392691686633429E-016
  -1.3065469233723013E-015  -3.8276660825809861E-016  -1.1313244798072263E-015  0.52543634008029205        2.3522202422198705E-016  -5.8459724914375576E-016  -2.9828375057348829E-015   1.0621541528474558       -1.9581529257177174E-014  -1.4742617711797653E-017   1.2321285255300407E-016  -2.0072295116915122E-014  -2.9322793212167297E-016  -1.9954586753591850E-014  -2.1633773106104913E-015  -6.0232103995365571E-016  -2.7302014269266411E-015 -0.46996184173941458        9.3394253729504467E-002
   2.2928418697112622E-017   6.1850471383440761E-018   7.0148242684063748E-016  -9.6324017135312496E-015   2.5431552440075974E-017   1.2211869412842315E-017   8.5753894150584260E-016  -1.9581529257177174E-014   3.8076010213162886E-028   3.4594668731851513E-031   1.5636642327136109E-031   3.9216663473022092E-028   5.1006341934853554E-030   3.9097689994481168E-028  -6.0712374094270383E-017   2.1073300119829724E-016   1.5152721223983824E-015   2.9213247712057000E-015   1.0677150633064567E-015
  -1.3161789237805323E-018   2.1282993931007959E-019   1.4092826822688110E-017  -7.5273217985147667E-018  -1.8485913244313756E-017   1.8116012943274965E-019   1.5560247681858886E-017  -1.4742617711797653E-017   3.4594668731851513E-031   3.1377659148844743E-031  -2.6093266022959354E-031   2.8967376960482998E-032   2.6439182442062348E-031   5.6022041375805479E-031  -7.1906506852003666E-016  -2.8936011444327107E-018  -4.0334568209013043E-017  -8.6593024322782070E-017  -2.7874031458967736E-016
  -2.1679312715098526E-018  -8.5331527138766349E-019   3.9097269300895505E-017   6.5961825150531099E-017   1.3530973494623356E-017  -1.0741876211073378E-018   6.6921463914967104E-017   1.2321285255300407E-016   1.5636642327136109E-031  -2.6093266022959354E-031   8.1634127040232521E-031   5.8381590022587239E-031  -2.3599444154369573E-031  -4.7149265904103694E-032   6.8201366001238072E-016  -3.1604380887550105E-018   8.9613690674232609E-016  -5.7948680916253911E-016   2.7720921974136403E-016
  -3.5474088227540951E-017   2.3948438882853930E-017   6.9855447379666119E-016  -9.8664598056590182E-015  -2.2220870207823370E-017   2.0966793649846404E-017   8.5182764176611245E-016  -2.0072295116915122E-014   3.9216663473022092E-028   2.8967376960482998E-032   5.8381590022587239E-031   4.0472572804256750E-028   4.8271708575554313E-030   4.0303114177294939E-028   8.2072354752656174E-016  -3.0090176467646043E-016   1.4184708552817265E-015   2.2717968691606214E-015   1.5938536010425889E-015
  -1.4257769601887919E-018   2.7587145002855650E-018  -1.9726507568779327E-017  -1.4662199953836601E-016  -1.9379178329999977E-017   3.2070890638810248E-018  -1.7556292044448944E-017  -2.9322793212167297E-016   5.1006341934853554E-030   2.6439182442062348E-031  -2.3599444154369573E-031   4.8271708575554313E-030   4.1128532236682989E-031   5.2937802924761146E-030  -7.5152430448538624E-016  -1.0579152861899226E-018   2.3572677858003797E-016   3.1393022698121437E-016  -6.3601716718194062E-017
   1.4422948324312839E-017   2.3981573178520722E-017   7.4189670048005192E-016  -9.8034951000775325E-015  -8.5989084781549264E-019   2.2624942497405026E-017   8.9018787473746804E-016  -1.9954586753591850E-014   3.9097689994481168E-028   5.6022041375805479E-031  -4.7149265904103694E-032   4.0303114177294939E-028   5.2937802924761146E-030   4.0286786518007635E-028  -7.5358461144155788E-016  -2.3218075070021204E-016   8.9147362791037018E-016   1.8341216114192996E-015   2.1051886765606422E-015
 -0.12821325911636700       -7.3898669505196227E-016   4.2080214910304731E-016   7.5648378738276622E-016 -0.10233071370668051        6.2709406623614371E-016  -6.8784140309375923E-016  -2.1633773106104913E-015  -6.0712374094270383E-017  -7.1906506852003666E-016   6.8201366001238072E-016   8.2072354752656174E-016  -7.5152430448538624E-016  -7.5358461144155788E-016   2.0319134992724686       -4.4010561389912554E-016  -4.7983442374066703E-016   1.4053764186270635E-015   2.9076522812275439E-017
   1.0385349205298826E-016 -0.12821325911636680       -7.6730246384819345E-017   1.4835846939910239E-015  -8.0460083176159653E-017 -0.10233071370667954        6.3413201005532074E-017  -6.0232103995365571E-016   2.1073300119829724E-016  -2.8936011444327107E-018  -3.1604380887550105E-018  -3.0090176467646043E-016  -1.0579152861899226E-018  -2.3218075070021204E-016  -4.4010561389912554E-016   2.0319134992724677        5.6684080104968330E-017  -2.6561871410767382E-016  -4.5497315787783361E-017
  -4.9155905214218930E-017  -1.7632483692667758E-016 -0.12821325911636530        2.8121200048635594E-016   1.4249167749176857E-016   4.6365683560194411E-017 -0.10233071370668431       -2.7302014269266411E-015   1.5152721223983824E-015  -4.0334568209013043E-017   8.9613690674232609E-016   1.4184708552817265E-015   2.3572677858003797E-016   8.9147362791037018E-016  -4.7983442374066703E-016   5.6684080104968330E-017   2.0319134992724712        1.3848059734280172E-015   8.4019399560847072E-016
  -3.0150046815591470E-016  -3.3695820470517254E-016   2.4722223474851451E-015 -0.25116208116297412       -1.1949544451900626E-016   8.4695959062665171E-016  -5.6532160301557197E-016 -0.46996184173941458        2.9213247712057000E-015  -8.6593024322782070E-017  -5.7948680916253911E-016   2.2717968691606214E-015   3.1393022698121437E-016   1.8341216114192996E-015   1.4053764186270635E-015  -2.6561871410767382E-016   1.3848059734280172E-015   2.3595588992824377      -0.59648336622094211     
  -5.7799356247617985E-016  -3.6771200078032528E-016  -3.1852300476819598E-016   5.7935298768800214E-002   6.3115907555710704E-018   3.7463290184051613E-016  -2.8392691686633429E-016   9.3394253729504467E-002   1.0677150633064567E-015  -2.7874031458967736E-016   2.7720921974136403E-016   1.5938536010425889E-015  -6.3601716718194062E-017   2.1051886765606422E-015   2.9076522812275439E-017  -4.5497315787783361E-017   8.4019399560847072E-016 -0.59648336622094211        2.1509917197699200     
