  0.26477281000809483       -6.5768118672639863E-017  -4.7370836865398937E-016   1.1747189125837378E-016  0.40832579072140346       -1.8484236560069814E-017  -4.8495217309546724E-016  -1.5239816051001305E-017  -7.2940519893514878E-018  -3.4231486325297002E-017  -5.6176264663198008E-017   2.5554073465020094E-017  -2.1558865614217483E-017   1.8269689325271176E-017 -0.16369220548822552        1.3122745748831079E-015  -7.2852823808005598E-016   3.8168539055554542E-016   4.0961787740027198E-016
  -6.5768118672639863E-017  0.26477281000809372       -1.6547180728902642E-016   6.4982142263756750E-017  -1.9845470535968198E-016  0.40832579072140029        5.3712393470675636E-016  -1.1123048491327824E-015   2.9307293494259263E-016  -1.1958170139579924E-018  -2.6487064980146693E-017   2.7310701057104099E-016  -7.5725934798645844E-019   2.5385265008516176E-016   2.0290427751654234E-016 -0.16369220548822039        1.1405278870677052E-015   5.4250858636234432E-016   1.3819521014843003E-016
  -4.7370836865398937E-016  -1.6547180728902642E-016  0.26477281000809805        8.6480310053457978E-016  -1.3611284607392574E-016  -1.5459713902013680E-016  0.40832579072140107        8.6822400733602501E-016   3.2765883901951689E-016   3.2175074152507327E-017  -2.9798044509735439E-017   3.1785820680419863E-016  -1.8362285594788725E-017   2.9502163323410924E-016  -7.4659629787793924E-016   7.3294970594842603E-016 -0.16369220548822144        8.1476343966632004E-016  -3.3800885766668695E-016
   1.1747189125837378E-016   6.4982142263756750E-017   8.6480310053457978E-016  0.20861932949825546        1.4228722514448722E-017   1.1129458916838737E-015   1.8793347612729860E-016  0.49847833070778119        6.2621285768961811E-015  -2.9857672098648710E-017  -1.8888319308244454E-016   5.6095942686716653E-015   2.6101862758124559E-017   5.5091034356093695E-015  -1.9384292448052267E-016   1.1080176473643927E-015   9.5246383208446796E-017 -0.24449932238256092        5.7142471944700374E-002
  0.40832579072140346       -1.9845470535968198E-016  -1.3611284607392574E-016   1.4228722514448722E-017  0.63133785785238949       -2.8603338908218772E-016   2.5626308825032484E-016  -4.0359540160779213E-016  -1.2592453306191306E-017  -4.9916576689883792E-017  -9.2612157915830125E-017   4.5043678611434916E-017  -2.3595009805993437E-017   1.8474207556431918E-017 -0.19590247918433312       -1.3999841461512060E-015  -4.8923056022455957E-016   5.9466531446935123E-016   1.9506842113827050E-016
  -1.8484236560069814E-017  0.40832579072140029       -1.5459713902013680E-016   1.1129458916838737E-015  -2.8603338908218772E-016  0.63133785785238217        8.1259140199339580E-016   4.7809196969501581E-016   4.9505091470184357E-016  -3.7071371485255392E-018  -2.6287107371764895E-017   4.6183463275124767E-016  -3.2382045765802023E-018   4.3221626015337515E-016   3.4742375408983404E-017 -0.19590247918433543       -2.9354731115467288E-015  -6.0162372258353803E-016  -7.2325988893781416E-017
  -4.8495217309546724E-016   5.3712393470675636E-016  0.40832579072140107        1.8793347612729860E-016   2.5626308825032484E-016   8.1259140199339580E-016  0.63133785785237428       -1.4910988535103584E-015   4.8354471112610664E-016   4.7221991675312686E-017  -3.9226551824142436E-017   4.9482646225715365E-016  -2.9383991173905533E-017   4.3722141966480134E-016   7.4072254790520251E-016  -5.9383263529120341E-016 -0.19590247918432863       -7.0518489734742253E-016   1.0109380715485426E-015
  -1.5239816051001305E-017  -1.1123048491327824E-015   8.6822400733602501E-016  0.49847833070778119       -4.0359540160779213E-016   4.7809196969501581E-016  -1.4910988535103584E-015   1.1931036176496501        1.5126960816268605E-014  -5.7887212638556145E-017  -3.7417760937663554E-016   1.3561904125959269E-014   4.1912650131416113E-017   1.3335044288407410E-014   4.4863281586903041E-016  -4.2704458036082432E-015   1.5413899511211058E-015 -0.52094608768721518       0.10406275313323116     
  -7.2940519893514878E-018   2.9307293494259263E-016   3.2765883901951689E-016   6.2621285768961811E-015  -1.2592453306191306E-017   4.9505091470184357E-016   4.8354471112610664E-016   1.5126960816268605E-014   2.0492373785752196E-028  -5.1262743771009710E-031  -2.0779757744832019E-031   1.8337816605680305E-028  -8.7745536848380884E-031   1.8228591612036376E-028  -4.2147784055611934E-017   1.3146642932248016E-015  -9.5819087611206268E-016  -1.7773284414955082E-015   6.6846058383624637E-016
  -3.4231486325297002E-017  -1.1958170139579924E-018   3.2175074152507327E-017  -2.9857672098648710E-017  -4.9916576689883792E-017  -3.7071371485255392E-018   4.7221991675312686E-017  -5.7887212638556145E-017  -5.1262743771009710E-031   4.5402537780468866E-031   9.7970233497206486E-031  -2.9961950710437352E-033  -1.4747456402877130E-031  -1.7488310640007365E-031   1.2096458408378101E-016  -6.3946204998497542E-017  -1.0313936757521055E-016   2.4113559243303337E-016  -9.6792225874944301E-016
  -5.6176264663198008E-017  -2.6487064980146693E-017  -2.9798044509735439E-017  -1.8888319308244454E-016  -9.2612157915830125E-017  -2.6287107371764895E-017  -3.9226551824142436E-017  -3.7417760937663554E-016  -2.0779757744832019E-031   9.7970233497206486E-031   3.9589843963003619E-030   8.9123820119586649E-031  -8.9345146577898730E-031   1.0691972750838807E-030  -1.7285505640461757E-016   5.2194036075465894E-016   2.5200178625167231E-016   2.3275385112960880E-015  -2.3206638604702374E-015
   2.5554073465020094E-017   2.7310701057104099E-016   3.1785820680419863E-016   5.6095942686716653E-015   4.5043678611434916E-017   4.6183463275124767E-016   4.9482646225715365E-016   1.3561904125959269E-014   1.8337816605680305E-028  -2.9961950710437352E-033   8.9123820119586649E-031   1.6504471776961157E-028  -9.1690721973280289E-031   1.6340674092687309E-028   1.7985208898088504E-016   1.2427961031028115E-015  -3.5620823743834016E-017  -1.4975093521273436E-015  -4.7214846752174433E-016
  -2.1558865614217483E-017  -7.5725934798645844E-019  -1.8362285594788725E-017   2.6101862758124559E-017  -2.3595009805993437E-017  -3.2382045765802023E-018  -2.9383991173905533E-017   4.1912650131416113E-017  -8.7745536848380884E-031  -1.4747456402877130E-031  -8.9345146577898730E-031  -9.1690721973280289E-031   2.7540531568531652E-031  -1.1127851216398608E-030   3.4847870885307378E-016  -7.1418575782504654E-017  -2.5666083463235036E-017  -6.4901227540489928E-016   3.9909073409753727E-016
   1.8269689325271176E-017   2.5385265008516176E-016   2.9502163323410924E-016   5.5091034356093695E-015   1.8474207556431918E-017   4.3221626015337515E-016   4.3722141966480134E-016   1.3335044288407410E-014   1.8228591612036376E-028  -1.7488310640007365E-031   1.0691972750838807E-030   1.6340674092687309E-028  -1.1127851216398608E-030   1.6258587952295345E-028  -3.4812294794206078E-016   1.2573110830599265E-015  -7.9881593833793749E-016  -7.9367066887227829E-016  -1.0520652781433757E-016
 -0.16369220548822552        2.0290427751654234E-016  -7.4659629787793924E-016  -1.9384292448052267E-016 -0.19590247918433312        3.4742375408983404E-017   7.4072254790520251E-016   4.4863281586903041E-016  -4.2147784055611934E-017   1.2096458408378101E-016  -1.7285505640461757E-016   1.7985208898088504E-016   3.4847870885307378E-016  -3.4812294794206078E-016   2.0643360473734660        3.1404083567980011E-016   1.4326777385608707E-015   2.3715039029700997E-017  -6.6811958457762840E-018
   1.3122745748831079E-015 -0.16369220548822039        7.3294970594842603E-016   1.1080176473643927E-015  -1.3999841461512060E-015 -0.19590247918433543       -5.9383263529120341E-016  -4.2704458036082432E-015   1.3146642932248016E-015  -6.3946204998497542E-017   5.2194036075465894E-016   1.2427961031028115E-015  -7.1418575782504654E-017   1.2573110830599265E-015   3.1404083567980011E-016   2.0643360473734682        1.2148586986653742E-015   6.9357694361054387E-016  -2.8476989662429518E-016
  -7.2852823808005598E-016   1.1405278870677052E-015 -0.16369220548822144        9.5246383208446796E-017  -4.8923056022455957E-016  -2.9354731115467288E-015 -0.19590247918432863        1.5413899511211058E-015  -9.5819087611206268E-016  -1.0313936757521055E-016   2.5200178625167231E-016  -3.5620823743834016E-017  -2.5666083463235036E-017  -7.9881593833793749E-016   1.4326777385608707E-015   1.2148586986653742E-015   2.0643360473734571        4.4383599432702647E-016  -5.8712843030470415E-016
   3.8168539055554542E-016   5.4250858636234432E-016   8.1476343966632004E-016 -0.24449932238256092        5.9466531446935123E-016  -6.0162372258353803E-016  -7.0518489734742253E-016 -0.52094608768721518       -1.7773284414955082E-015   2.4113559243303337E-016   2.3275385112960880E-015  -1.4975093521273436E-015  -6.4901227540489928E-016  -7.9367066887227829E-016   2.3715039029700997E-017   6.9357694361054387E-016   4.4383599432702647E-016   2.3892686217945678      -0.61416884196307819     
   4.0961787740027198E-016   1.3819521014843003E-016  -3.3800885766668695E-016   5.7142471944700374E-002   1.9506842113827050E-016  -7.2325988893781416E-017   1.0109380715485426E-015  0.10406275313323116        6.6846058383624637E-016  -9.6792225874944301E-016  -2.3206638604702374E-015  -4.7214846752174433E-016   3.9909073409753727E-016  -1.0520652781433757E-016  -6.6811958457762840E-018  -2.8476989662429518E-016  -5.8712843030470415E-016 -0.61416884196307819        2.1582508109635450     
