   8.2820856484284347E-002   2.6071147381659567E-016   6.6223391626698980E-017  -1.8443859862673787E-016   4.0363898467061204E-002  -3.6674710403213287E-017  -1.6662084918545233E-017  -4.3299721865968849E-015   6.9866856070691097E-002   1.7843871131985263E-016  -7.3872574493565299E-017  -8.3977692838941915E-015  -2.6453825172599437E-019  -2.7994628484208316E-018  -3.7614397101301541E-018   7.4064688071279456E-018  -4.7373773428474986E-018  -4.5112146109266609E-018  -1.2140069000906530E-002   1.2020947238901578E-015  -5.3134227844635846E-015   4.5083065761489833E-016   1.3695733245218192E-015
   2.6071147381659567E-016   8.2820856484282196E-002  -4.0104725820802217E-016   1.1677834556477367E-016   1.7466478083878816E-017   4.0363898467062453E-002   1.4997913882849208E-017  -6.3305596115271917E-018   1.0440119149761635E-016   6.9866856070690014E-002  -2.3744671675402847E-016   1.1458151358921228E-016   3.2283303449805146E-017  -2.1908828029329434E-020   2.7369187628549897E-019   2.7791834933209064E-017   1.1188922415391177E-019   2.8633235083473926E-017  -2.4128607534661193E-015  -1.2140069000907578E-002  -6.0308459970886476E-016  -1.2973455694981698E-015   2.2790498317752990E-015
   6.6223391626698980E-017  -4.0104725820802217E-016   8.2820856484283015E-002  -9.6679019250331089E-018   8.2743521323131113E-017   8.2034254203962467E-017   4.0363898467061787E-002   1.6946028905013418E-015   4.0009001281875765E-017  -1.3073422380626051E-016   6.9866856070689862E-002   3.1070299907206409E-015   2.9567505482886916E-017  -8.4109538232020939E-019   1.8852936092856771E-018   2.3780272193784490E-017  -1.8643239056503961E-018   3.0368861929353536E-017  -1.5984787205135083E-015   2.0412826637452290E-015  -1.2140069000906247E-002  -2.4820656031580880E-015  -1.4146884595326634E-015
  -1.8443859862673787E-016   1.1677834556477367E-016  -9.6679019250331089E-018   1.4955485106175339E-004  -3.9571399890953040E-016   1.0717019524268895E-016  -2.5330684178965776E-017  -6.4795078349607254E-003  -1.8261126250660049E-017   5.5576156451612001E-017   7.8426757605463200E-017  -1.1560098487083476E-002   2.3652375710300502E-016   3.7858778554374173E-018  -1.6530822767747753E-019   2.5666719910106534E-016  -5.8021874409987407E-018   2.5321054604858594E-016   1.1004568518439086E-014  -3.4006540883198192E-015   4.1511625421434863E-015   7.2067873079736684E-003  -5.6487075897557141E-003
   4.0363898467061204E-002   1.7466478083878816E-017   8.2743521323131113E-017  -3.9571399890953040E-016   2.0130581165166032E-002  -9.6243323435473939E-017  -1.3976636993924237E-016   5.1112992674545385E-015   3.3554987535570194E-002  -5.6634910283541149E-017   1.1353209748118523E-016   8.4742910960536662E-015   3.5484578401111562E-018   1.0225286276384927E-018   1.0173516042008963E-018  -1.2552203036900579E-017   4.6764963762340409E-018   4.4162614752023258E-018  -3.6092528214044878E-002  -1.0803042680343957E-015   4.7152178356847341E-015   4.2692208646532083E-016  -2.1895508432770447E-015
  -3.6674710403213287E-017   4.0363898467062453E-002   8.2034254203962467E-017   1.0717019524268895E-016  -9.6243323435473939E-017   2.0130581165167642E-002   1.8016212999412633E-016  -3.3050438261814202E-017  -1.6549168698962087E-017   3.3554987535571713E-002   1.3772766751429761E-016   1.0116264543854420E-016   9.3800667237796335E-018   1.8014590616424420E-018  -5.9416407756685368E-019   1.8290487958170481E-017  -3.6420058252285461E-019   1.8021742374630979E-017   2.1755084808857098E-015  -3.6092528214041943E-002  -1.8302707335442621E-016  -1.2328060501419158E-015   1.1448878100718887E-015
  -1.6662084918545233E-017   1.4997913882849208E-017   4.0363898467061787E-002  -2.5330684178965776E-017  -1.3976636993924237E-016   1.8016212999412633E-016   2.0130581165166819E-002  -1.3303711189218904E-015  -2.4668614773096763E-017   3.2961638632800314E-017   3.3554987535570784E-002  -2.5480021145579302E-015   6.6561701753687297E-018   2.1734706318065665E-018  -5.3082476739495580E-018   2.0062643873411423E-017   2.2201587432637165E-018   1.1443377421576370E-017   2.2169826021150717E-015  -1.6350903608765537E-015  -3.6092528214041894E-002   2.0795335727393536E-015   2.2866453941629324E-015
  -4.3299721865968849E-015  -6.3305596115271917E-018   1.6946028905013418E-015  -6.4795078349607254E-003   5.1112992674545385E-015  -3.3050438261814202E-017  -1.3303711189218904E-015  0.30113232283046537       -1.7600368264887358E-015  -2.9241851712574693E-017   3.7661177849755652E-016  0.54045713065126166       -1.1131344857130564E-014  -1.3430158789931073E-016  -1.0328525740739222E-017  -1.2024952426936386E-014   9.2099651985182812E-017  -1.1759327050658393E-014  -1.4643449575052228E-014   4.2709404760665209E-015  -5.6021228536601536E-015 -0.22865710729844055        5.4800692162711329E-002
   6.9866856070691097E-002   1.0440119149761635E-016   4.0009001281875765E-017  -1.8261126250660049E-017   3.3554987535570194E-002  -1.6549168698962087E-017  -2.4668614773096763E-017  -1.7600368264887358E-015   5.9474485878741573E-002   6.1081875167111832E-017  -5.7348387752031942E-018  -3.1293427860339103E-015  -4.1965944746268037E-018  -4.9406416572188493E-018  -6.2531383167715980E-018   2.3710984796575920E-017  -1.1544082453429030E-017  -1.0953011533796308E-017   2.2363969301045734E-002  -2.8276853808585883E-017  -1.0843765201004862E-015   8.4826686167894277E-016   5.8006341367864613E-016
   1.7843871131985263E-016   6.9866856070690014E-002  -1.3073422380626051E-016   5.5576156451612001E-017  -5.6634910283541149E-017   3.3554987535571713E-002   3.2961638632800314E-017  -2.9241851712574693E-017   6.1081875167111832E-017   5.9474485878741185E-002  -2.6528189582015950E-018   1.7702558291127258E-017   3.4099028460567567E-017  -1.9765050395864563E-018   1.0170070434021470E-018   1.8317110043478470E-017   5.4683003001865879E-019   1.9760368563988029E-017  -4.8570111510550904E-016   2.2363969301041536E-002   1.9430137657926065E-015   2.2072538901820878E-015  -2.5043071682151880E-015
  -7.3872574493565299E-017  -2.3744671675402847E-016   6.9866856070689862E-002   7.8426757605463200E-017   1.1353209748118523E-016   1.3772766751429761E-016   3.3554987535570784E-002   3.7661177849755652E-016  -5.7348387752031942E-018  -2.6528189582015950E-018   5.9474485878740192E-002   9.0460624921781543E-016   3.3321055236764545E-017  -3.5009061577886506E-018   8.3187982008652351E-018   1.0905685866978921E-017  -4.9533697377989279E-018   2.9246463221523082E-017  -4.8905578909311039E-016   5.6795272590467071E-016   2.2363969301038705E-002  -1.0536414286652423E-015  -6.1753036545210672E-017
  -8.3977692838941915E-015   1.1458151358921228E-016   3.1070299907206409E-015  -1.1560098487083476E-002   8.4742910960536662E-015   1.0116264543854420E-016  -2.5480021145579302E-015  0.54045713065126166       -3.1293427860339103E-015   1.7702558291127258E-017   9.0460624921781543E-016  0.97051074706454310       -2.0003920278570298E-014  -2.3173937085548801E-016  -2.0419870489372928E-017  -2.1596909479198655E-014   1.3543779813820984E-016  -2.1100918632846646E-014   5.9821237630442209E-015   7.3821493554535711E-016   1.1668881214205622E-015 -0.38537412173987567        7.0849974713834071E-002
  -2.6453825172599437E-019   3.2283303449805146E-017   2.9567505482886916E-017   2.3652375710300502E-016   3.5484578401111562E-018   9.3800667237796335E-018   6.6561701753687297E-018  -1.1131344857130564E-014  -4.1965944746268037E-018   3.4099028460567567E-017   3.3321055236764545E-017  -2.0003920278570298E-014   4.1318249811562973E-028   4.3301080030846730E-030   5.5955304213419346E-031   4.4489528916561384E-028  -1.8836119085091136E-030   4.3441617994222135E-028  -2.4189483262570295E-016   4.1327195158009259E-016   5.0579616348247395E-016   6.8329188315769464E-015  -9.9931615472342097E-016
  -2.7994628484208316E-018  -2.1908828029329434E-020  -8.4109538232020939E-019   3.7858778554374173E-018   1.0225286276384927E-018   1.8014590616424420E-018   2.1734706318065665E-018  -1.3430158789931073E-016  -4.9406416572188493E-018  -1.9765050395864563E-018  -3.5009061577886506E-018  -2.3173937085548801E-016   4.3301080030846730E-030   3.5671192571661328E-031  -9.3344726033001192E-033   5.1039840034864769E-030  -5.4701287590782699E-031   5.4573423887071230E-030  -1.5662189513234337E-016  -1.1921651848610246E-016  -1.6983689684444437E-016   8.4543055059726810E-016  -2.5188675878757194E-016
  -3.7614397101301541E-018   2.7369187628549897E-019   1.8852936092856771E-018  -1.6530822767747753E-019   1.0173516042008963E-018  -5.9416407756685368E-019  -5.3082476739495580E-018  -1.0328525740739222E-017  -6.2531383167715980E-018   1.0170070434021470E-018   8.3187982008652351E-018  -2.0419870489372928E-017   5.5955304213419346E-031  -9.3344726033001192E-033   1.2904022739045441E-031   2.5554885206616103E-031   9.2570179017051231E-032   5.1658749988048331E-031  -1.8698461263035911E-016   4.7825206383085056E-017   4.0940016186358279E-016   4.8314962304530396E-017   2.0868865502009950E-016
   7.4064688071279456E-018   2.7791834933209064E-017   2.3780272193784490E-017   2.5666719910106534E-016  -1.2552203036900579E-017   1.8290487958170481E-017   2.0062643873411423E-017  -1.2024952426936386E-014   2.3710984796575920E-017   1.8317110043478470E-017   1.0905685866978921E-017  -2.1596909479198655E-014   4.4489528916561384E-028   5.1039840034864769E-030   2.5554885206616103E-031   4.8142075603786462E-028  -3.0199259539255954E-030   4.6925444241098220E-028   1.0621957835004030E-015  -3.1629474284047246E-016  -5.6092077292936724E-016   8.4931906394392021E-015  -1.3254769301699717E-015
  -4.7373773428474986E-018   1.1188922415391177E-019  -1.8643239056503961E-018  -5.8021874409987407E-018   4.6764963762340409E-018  -3.6420058252285461E-019   2.2201587432637165E-018   9.2099651985182812E-017  -1.1544082453429030E-017   5.4683003001865879E-019  -4.9533697377989279E-018   1.3543779813820984E-016  -1.8836119085091136E-030  -5.4701287590782699E-031   9.2570179017051231E-032  -3.0199259539255954E-030   1.8623174932432682E-030  -3.7906907758726692E-030  -4.5886715066482547E-016   2.7531764054916280E-017  -2.0556676308854424E-016  -1.5832956856560107E-015   1.4998371047763367E-015
  -4.5112146109266609E-018   2.8633235083473926E-017   3.0368861929353536E-017   2.5321054604858594E-016   4.4162614752023258E-018   1.8021742374630979E-017   1.1443377421576370E-017  -1.1759327050658393E-014  -1.0953011533796308E-017   1.9760368563988029E-017   2.9246463221523082E-017  -2.1100918632846646E-014   4.3441617994222135E-028   5.4573423887071230E-030   5.1658749988048331E-031   4.6925444241098220E-028  -3.7906907758726692E-030   4.5953545941378321E-028  -4.3452799117687249E-016  -2.7175920266899077E-016   2.1642455891755272E-016   9.4581568095344699E-015  -2.0697362634340289E-015
  -1.2140069000906530E-002  -2.4128607534661193E-015  -1.5984787205135083E-015   1.1004568518439086E-014  -3.6092528214044878E-002   2.1755084808857098E-015   2.2169826021150717E-015  -1.4643449575052228E-014   2.2363969301045734E-002  -4.8570111510550904E-016  -4.8905578909311039E-016   5.9821237630442209E-015  -2.4189483262570295E-016  -1.5662189513234337E-016  -1.8698461263035911E-016   1.0621957835004030E-015  -4.5886715066482547E-016  -4.3452799117687249E-016   1.9870394345894546       -4.5752449352901831E-017  -4.2844422896996158E-016   2.9176515103424678E-016  -2.4313517750950384E-017
   1.2020947238901578E-015  -1.2140069000907578E-002   2.0412826637452290E-015  -3.4006540883198192E-015  -1.0803042680343957E-015  -3.6092528214041943E-002  -1.6350903608765537E-015   4.2709404760665209E-015  -2.8276853808585883E-017   2.2363969301041536E-002   5.6795272590467071E-016   7.3821493554535711E-016   4.1327195158009259E-016  -1.1921651848610246E-016   4.7825206383085056E-017  -3.1629474284047246E-016   2.7531764054916280E-017  -2.7175920266899077E-016  -4.5752449352901831E-017   1.9870394345894602       -1.9828077089384875E-015  -2.1858318281739802E-015  -4.4359137866614860E-016
  -5.3134227844635846E-015  -6.0308459970886476E-016  -1.2140069000906247E-002   4.1511625421434863E-015   4.7152178356847341E-015  -1.8302707335442621E-016  -3.6092528214041894E-002  -5.6021228536601536E-015  -1.0843765201004862E-015   1.9430137657926065E-015   2.2363969301038705E-002   1.1668881214205622E-015   5.0579616348247395E-016  -1.6983689684444437E-016   4.0940016186358279E-016  -5.6092077292936724E-016  -2.0556676308854424E-016   2.1642455891755272E-016  -4.2844422896996158E-016  -1.9828077089384875E-015   1.9870394345894526        2.1498310317257041E-015   1.8877735543915931E-015
   4.5083065761489833E-016  -1.2973455694981698E-015  -2.4820656031580880E-015   7.2067873079736684E-003   4.2692208646532083E-016  -1.2328060501419158E-015   2.0795335727393536E-015 -0.22865710729844055        8.4826686167894277E-016   2.2072538901820878E-015  -1.0536414286652423E-015 -0.38537412173987567        6.8329188315769464E-015   8.4543055059726810E-016   4.8314962304530396E-017   8.4931906394392021E-015  -1.5832956856560107E-015   9.4581568095344699E-015   2.9176515103424678E-016  -2.1858318281739802E-015   2.1498310317257041E-015   2.2874408608792156      -0.55490048804839764     
   1.3695733245218192E-015   2.2790498317752990E-015  -1.4146884595326634E-015  -5.6487075897557141E-003  -2.1895508432770447E-015   1.1448878100718887E-015   2.2866453941629324E-015   5.4800692162711329E-002   5.8006341367864613E-016  -2.5043071682151880E-015  -6.1753036545210672E-017   7.0849974713834071E-002  -9.9931615472342097E-016  -2.5188675878757194E-016   2.0868865502009950E-016  -1.3254769301699717E-015   1.4998371047763367E-015  -2.0697362634340289E-015  -2.4313517750950384E-017  -4.4359137866614860E-016   1.8877735543915931E-015 -0.55490048804839764        2.1346744198126637     
