   7.5460380671981135E-004  -1.7276863196335735E-017   2.1935592382709915E-017   1.4119618932926398E-018   1.4408611605787672E-002  -4.5911035978777237E-016   5.3645958211624256E-016   1.7355416320647816E-016   2.9255432306724356E-002  -9.5621634118832691E-016   1.0633277866542510E-015   4.0077811210458842E-016  -6.7706104233014380E-018   3.9993728885048415E-018   4.5474364646337764E-018   7.5418091649332304E-018   5.2175881886116022E-018   5.7803701181886728E-018  -7.0123879265930368E-003  -8.2317564225506233E-016  -1.1451474635898722E-015  -2.2979635067945800E-016  -4.4037332215856378E-016
  -1.7276863196335735E-017   7.5460380671994471E-004  -9.7666016255354388E-019   9.7481127596585087E-018   2.0336212860303524E-016   1.4408611605788831E-002  -1.7658072276762941E-016  -1.7225908653248242E-016   3.7491361723458001E-016   2.9255432306727010E-002  -3.3403633163259583E-016  -3.5573098487437601E-016  -1.4957051238514099E-018  -9.7728136327914823E-019  -1.4936604998207389E-018   5.6619812258453176E-019  -9.9597261314116823E-019   9.3112700793238694E-020  -3.7627879611753753E-016  -7.0123879265936422E-003  -7.3441705073601861E-017   5.4483853804106487E-016   1.8252940786705334E-016
   2.1935592382709915E-017  -9.7666016255354388E-019   7.5460380671996564E-004   4.1269639179258366E-017  -1.2030075430629846E-016   2.0848776898515171E-016   1.4408611605789082E-002  -2.7111719579635392E-016  -1.0050575314764307E-016   3.4602218698029533E-016   2.9255432306727541E-002  -4.1896391753692603E-016  -1.3142303139624678E-017  -1.8075228463464630E-018  -4.4951642161034541E-018  -1.3243609595902765E-017   3.1299371652779524E-018  -1.1460279671141155E-017  -4.0393148369985464E-017  -5.8503104328225358E-016  -7.0123879265944176E-003   7.9994761593233823E-017   1.2908069151907883E-015
   1.4119618932926398E-018   9.7481127596585087E-018   4.1269639179258366E-017   2.3984522165529924E-004  -1.7927376398009008E-017   1.3181635412327543E-016   4.4294482104262274E-016  -7.4689388218257330E-003   1.0070179610969931E-016   2.4408946768684672E-016   1.1062752801847364E-015  -1.5396590678964733E-002  -1.0134248779267119E-016   3.5992827971977622E-018   1.6265082676991974E-018  -8.4532644527057261E-017  -3.9311127279147321E-018  -8.4376807217150740E-017   2.4748684991004708E-015  -1.3462021146816766E-015   4.8648862541999238E-015   1.5119872408928758E-002  -6.1507369604905208E-003
   1.4408611605787672E-002   2.0336212860303524E-016  -1.2030075430629846E-016  -1.7927376398009008E-017  0.28018111865007450        9.3017346619204619E-017  -1.0389291084877093E-015   3.1067282363741640E-016  0.56532505540741107        4.6856507389392288E-016  -1.9287329844136156E-015   7.0375998439012259E-016  -1.2530219197044468E-016   1.0157496958404329E-016   6.9128348389668691E-017   1.2710520222785473E-016   9.9527749397674313E-017   8.9569442146124587E-017 -0.23660309544411870        7.2114691063336622E-016   1.7648719196684294E-015  -9.2412812428927738E-016   1.2672075259870283E-015
  -4.5911035978777237E-016   1.4408611605788831E-002   2.0848776898515171E-016   1.3181635412327543E-016   9.3017346619204619E-017  0.28018111865006978        4.5070466951701671E-016   3.5674522249528173E-016  -2.4399715781902101E-016  0.56532505540740796        1.1626542052415201E-015   8.2264546131609155E-016  -2.0722235031096440E-017  -2.4526027365594888E-017  -2.1574047728084663E-017  -4.8553599943802272E-018  -8.3031832876277622E-018  -4.6079127629009190E-018   9.6399972694064667E-017 -0.23660309544411348       -6.2612887219274695E-016  -2.4568578159236620E-016  -1.0414536060886422E-015
   5.3645958211624256E-016  -1.7658072276762941E-016   1.4408611605789082E-002   4.4294482104262274E-016  -1.0389291084877093E-015   4.5070466951701671E-016  0.28018111865007062       -2.2111877072450914E-016   8.6858993576192228E-016  -3.9346919743316554E-016  0.56532505540741029        1.6101345442844974E-015  -2.8667681368891469E-016  -2.4679914921560646E-017  -6.5391853766238628E-017  -2.6551528260447574E-016  -6.8955721777986488E-018  -2.5778453516641577E-016   2.7853831437510412E-017  -1.8613143300366405E-015 -0.23660309544411531        3.4485353107168916E-016  -1.3200535393570054E-015
   1.7355416320647816E-016  -1.7225908653248242E-016  -2.7111719579635392E-016  -7.4689388218257330E-003   3.1067282363741640E-016   3.5674522249528173E-016  -2.2111877072450914E-016  0.25591646384048244       -8.5606125910732847E-016  -1.5351167656497073E-016  -2.2227999806030192E-015  0.53878841551258871        4.2461218458106249E-015  -3.2543521116087091E-017  -6.3766393769958410E-017   3.6748394810253887E-015   2.1451782398215077E-016   3.6431628743518743E-015  -3.4711338699301110E-015   9.4861402090327089E-016  -9.5155866815569948E-015 -0.30089515571149056        7.5553656805703903E-002
   2.9255432306724356E-002   3.7491361723458001E-016  -1.0050575314764307E-016   1.0070179610969931E-016  0.56532505540741107       -2.4399715781902101E-016   8.6858993576192228E-016  -8.5606125910732847E-016   1.1431211992668495        1.4958601848510944E-018   1.9800987564010109E-015  -1.2287505549420578E-015  -2.5721289666126279E-016   1.8850788982749822E-016   1.5280948212713837E-016   2.6996272059049750E-016   2.0215158031610004E-016   1.9649433563198437E-016 -0.40816368603795239       -2.8548101992727400E-016  -1.4800477737917511E-015   1.8319364147429743E-015  -1.0686643430535401E-015
  -9.5621634118832691E-016   2.9255432306727010E-002   3.4602218698029533E-016   2.4408946768684672E-016   4.6856507389392288E-016  0.56532505540740796       -3.9346919743316554E-016  -1.5351167656497073E-016   1.4958601848510944E-018   1.1431211992668557       -4.4965802796178601E-018  -3.4238589901667367E-016  -4.7586936824630131E-017  -4.5672453435182012E-017  -4.8689890205808390E-017   1.1605868268530349E-018  -2.4394675196347849E-017  -4.8645158888579584E-018   3.4081217665724028E-017 -0.40816368603795883        1.3686422153903825E-015   1.2226648301848890E-017   5.1162480435300295E-016
   1.0633277866542510E-015  -3.3403633163259583E-016   2.9255432306727541E-002   1.1062752801847364E-015  -1.9287329844136156E-015   1.1626542052415201E-015  0.56532505540741029       -2.2227999806030192E-015   1.9800987564010109E-015  -4.4965802796178601E-018   1.1431211992668617        2.5460273664362999E-016  -5.5693890310601097E-016  -5.7026718294888319E-017  -1.4714889359050875E-016  -5.3021666930688203E-016   3.2883803512362792E-017  -4.9600753840157917E-016  -6.4231186016651398E-016   2.2960082438183135E-015 -0.40816368603795888       -1.4595246854165409E-015   1.1418298916128860E-015
   4.0077811210458842E-016  -3.5573098487437601E-016  -4.1896391753692603E-016  -1.5396590678964733E-002   7.0375998439012259E-016   8.2264546131609155E-016   1.6101345442844974E-015  0.53878841551258871       -1.2287505549420578E-015  -3.4238589901667367E-016   2.5460273664362999E-016   1.1392953834989226        9.2790634109808341E-015  -2.7242504050497921E-017  -1.3599851306474250E-016   8.0847935009877536E-015   4.8359784699867012E-016   8.0072454149820157E-015   2.1752930038956051E-015  -9.6608434612774660E-016   5.4258561796417973E-015 -0.53498733423691780       0.10819245868858263     
  -6.7706104233014380E-018  -1.4957051238514099E-018  -1.3142303139624678E-017  -1.0134248779267119E-016  -1.2530219197044468E-016  -2.0722235031096440E-017  -2.8667681368891469E-016   4.2461218458106249E-015  -2.5721289666126279E-016  -4.7586936824630131E-017  -5.5693890310601097E-016   9.2790634109808341E-015   9.4347206237661538E-029   2.1617627881693654E-030  -1.3765751364619544E-030   8.4774693439763886E-029   6.3015056938312490E-030   8.3649840567297125E-029  -1.7833969154742706E-017  -1.4520449141012989E-016   8.4757305388965986E-016   1.6130110148814902E-015  -2.6770867290408687E-015
   3.9993728885048415E-018  -9.7728136327914823E-019  -1.8075228463464630E-018   3.5992827971977622E-018   1.0157496958404329E-016  -2.4526027365594888E-017  -2.4679914921560646E-017  -3.2543521116087091E-017   1.8850788982749822E-016  -4.5672453435182012E-017  -5.7026718294888319E-017  -2.7242504050497921E-017   2.1617627881693654E-030   5.5189609911477833E-031   1.5998906731702585E-032   2.4957237147425243E-030   3.9588962768363110E-032   2.3335455553912509E-030  -5.4895519619630404E-016   1.2815929031081443E-016  -1.8283313031400013E-016   9.1451653791924974E-016  -2.2423886406276435E-016
   4.5474364646337764E-018  -1.4936604998207389E-018  -4.4951642161034541E-018   1.6265082676991974E-018   6.9128348389668691E-017  -2.1574047728084663E-017  -6.5391853766238628E-017  -6.3766393769958410E-017   1.5280948212713837E-016  -4.8689890205808390E-017  -1.4714889359050875E-016  -1.3599851306474250E-016  -1.3765751364619544E-030   1.5998906731702585E-032   2.9453679765219781E-031  -7.8338016787014213E-031  -4.2733347176341946E-031  -8.4280698186313118E-031   3.1710596760742163E-016  -1.2713811448789297E-016  -3.7318436502183985E-016   1.3233896892833316E-016   3.2886286630032569E-016
   7.5418091649332304E-018   5.6619812258453176E-019  -1.3243609595902765E-017  -8.4532644527057261E-017   1.2710520222785473E-016  -4.8553599943802272E-018  -2.6551528260447574E-016   3.6748394810253887E-015   2.6996272059049750E-016   1.1605868268530349E-018  -5.3021666930688203E-016   8.0847935009877536E-015   8.4774693439763886E-029   2.4957237147425243E-030  -7.8338016787014213E-031   7.7909923662911085E-029   5.1827008357886237E-030   7.6758349137096905E-029   2.7300880469592581E-016   3.1278697294089959E-016   3.7964026489445317E-016   2.7788976259204530E-015  -1.7632522858800475E-015
   5.2175881886116022E-018  -9.9597261314116823E-019   3.1299371652779524E-018  -3.9311127279147321E-018   9.9527749397674313E-017  -8.3031832876277622E-018  -6.8955721777986488E-018   2.1451782398215077E-016   2.0215158031610004E-016  -2.4394675196347849E-017   3.2883803512362792E-017   4.8359784699867012E-016   6.3015056938312490E-030   3.9588962768363110E-032  -4.2733347176341946E-031   5.1827008357886237E-030   1.5637125183758107E-030   5.3950415904340205E-030  -4.6490285529270647E-017  -2.0825537187711311E-016   1.3241798587664213E-015   2.1194730691463998E-016  -8.7152897838761186E-016
   5.7803701181886728E-018   9.3112700793238694E-020  -1.1460279671141155E-017  -8.4376807217150740E-017   8.9569442146124587E-017  -4.6079127629009190E-018  -2.5778453516641577E-016   3.6431628743518743E-015   1.9649433563198437E-016  -4.8645158888579584E-018  -4.9600753840157917E-016   8.0072454149820157E-015   8.3649840567297125E-029   2.3335455553912509E-030  -8.4280698186313118E-031   7.6758349137096905E-029   5.3950415904340205E-030   7.5812692249505239E-029   3.6860006571906619E-016   1.2877467733161770E-016   8.9740833255102020E-016   2.6409573658354687E-015  -1.5178242168581843E-015
  -7.0123879265930368E-003  -3.7627879611753753E-016  -4.0393148369985464E-017   2.4748684991004708E-015 -0.23660309544411870        9.6399972694064667E-017   2.7853831437510412E-017  -3.4711338699301110E-015 -0.40816368603795239        3.4081217665724028E-017  -6.4231186016651398E-016   2.1752930038956051E-015  -1.7833969154742706E-017  -5.4895519619630404E-016   3.1710596760742163E-016   2.7300880469592581E-016  -4.6490285529270647E-017   3.6860006571906619E-016   2.1502312274990101       -1.8970996919654565E-017  -2.5697486724125937E-016  -1.0056005092892804E-015   5.9532958852297868E-016
  -8.2317564225506233E-016  -7.0123879265936422E-003  -5.8503104328225358E-016  -1.3462021146816766E-015   7.2114691063336622E-016 -0.23660309544411348       -1.8613143300366405E-015   9.4861402090327089E-016  -2.8548101992727400E-016 -0.40816368603795883        2.2960082438183135E-015  -9.6608434612774660E-016  -1.4520449141012989E-016   1.2815929031081443E-016  -1.2713811448789297E-016   3.1278697294089959E-016  -2.0825537187711311E-016   1.2877467733161770E-016  -1.8970996919654565E-017   2.1502312274990114        4.9056766128880469E-016  -6.7969561748686905E-017   7.6285420414308283E-017
  -1.1451474635898722E-015  -7.3441705073601861E-017  -7.0123879265944176E-003   4.8648862541999238E-015   1.7648719196684294E-015  -6.2612887219274695E-016 -0.23660309544411531       -9.5155866815569948E-015  -1.4800477737917511E-015   1.3686422153903825E-015 -0.40816368603795888        5.4258561796417973E-015   8.4757305388965986E-016  -1.8283313031400013E-016  -3.7318436502183985E-016   3.7964026489445317E-016   1.3241798587664213E-015   8.9740833255102020E-016  -2.5697486724125937E-016   4.9056766128880469E-016   2.1502312274990154       -1.4626059490290553E-015   5.6472674116021590E-016
  -2.2979635067945800E-016   5.4483853804106487E-016   7.9994761593233823E-017   1.5119872408928758E-002  -9.2412812428927738E-016  -2.4568578159236620E-016   3.4485353107168916E-016 -0.30089515571149056        1.8319364147429743E-015   1.2226648301848890E-017  -1.4595246854165409E-015 -0.53498733423691780        1.6130110148814902E-015   9.1451653791924974E-016   1.3233896892833316E-016   2.7788976259204530E-015   2.1194730691463998E-016   2.6409573658354687E-015  -1.0056005092892804E-015  -6.7969561748686905E-017  -1.4626059490290553E-015   2.4331788869177671      -0.64322171836967401     
  -4.4037332215856378E-016   1.8252940786705334E-016   1.2908069151907883E-015  -6.1507369604905208E-003   1.2672075259870283E-015  -1.0414536060886422E-015  -1.3200535393570054E-015   7.5553656805703903E-002  -1.0686643430535401E-015   5.1162480435300295E-016   1.1418298916128860E-015  0.10819245868858263       -2.6770867290408687E-015  -2.2423886406276435E-016   3.2886286630032569E-016  -1.7632522858800475E-015  -8.7152897838761186E-016  -1.5178242168581843E-015   5.9532958852297868E-016   7.6285420414308283E-017   5.6472674116021590E-016 -0.64322171836967401        2.1703360138293717     
