   6.7152550559559293E-002  -5.8165505436676468E-017   5.6559213331327132E-017   7.7025486672605606E-018   5.8988571161324672E-002  -2.3661300692917438E-017   1.8540421838133433E-017  -6.0428026115505047E-017   6.1861717428686180E-002  -2.7363469947129063E-017   1.4774513354641097E-017  -3.9115472483777707E-017   5.0024250792880303E-018  -4.7861709751701172E-020   4.8609858346310022E-019   7.1559480974819567E-018   5.1194369416117788E-019   5.8749755077176962E-018   1.6609048762429903E-016
  -5.8165505436676468E-017   6.7152550559558655E-002  -7.9907676522391304E-017   5.9742632147949157E-017  -1.3296652619911701E-018   5.8988571161324180E-002  -6.0651794188153636E-018   4.6732946019917963E-016  -9.2603641610549975E-018   6.1861717428686083E-002  -3.3653183683043953E-017   3.9287954850864413E-016   1.8523038050652157E-017   4.4679178226777106E-020   1.1982383408750159E-019   1.8791821145079261E-017  -1.2341945824545299E-019   1.8566208060063011E-017   8.9395235517741643E-016
   5.6559213331327132E-017  -7.9907676522391304E-017   6.7152550559558627E-002   1.6931606280356790E-017   4.8766510216592197E-018  -4.1504049726829752E-017   5.8988571161323930E-002   6.8503206470409614E-016   3.4423418976414781E-018  -5.8338970725666198E-017   6.1861717428685681E-002   8.1954811748544751E-016  -1.9964836234989106E-016   3.3954459438110321E-019   1.2386858476020127E-018  -1.9808992382385175E-016   9.9120527232262457E-020  -1.9914638674003386E-016   6.6039775862846839E-017
   7.7025486672605606E-018   5.9742632147949157E-017   1.6931606280356790E-017   5.7456911658523143E-003   4.5147064420751106E-017  -2.8583184518239681E-017   1.0769339296751946E-019   6.0602870041977869E-002   1.1450786933492451E-017   1.1322845650879359E-017  -1.4966191451050922E-017   4.9798014513784510E-002  -1.3744374957305469E-015  -8.6776119364527642E-019  -4.8772592982583992E-018  -1.3576796420280329E-015  -1.5464935368123849E-018  -1.3898894495853243E-015  -2.1299117926209490E-002
   5.8988571161324672E-002  -1.3296652619911701E-018   4.8766510216592197E-018   4.5147064420751106E-017   5.1817116381431771E-002   2.2929781863844166E-017  -2.3073742171839391E-017   3.3399951070973820E-016   5.4340963824855822E-002   2.1807322036575327E-017  -2.8299370767765484E-017   3.0075173327891410E-016   4.3942620988960742E-018  -4.2042987914205078E-020   4.2700181367792134E-019   6.2859735044616873E-018   4.4970484042648750E-019   5.1607334035658239E-018   7.0213006008278141E-016
  -2.3661300692917438E-017   5.8988571161324180E-002  -4.1504049726829752E-017  -2.8583184518239681E-017   2.2929781863844166E-017   5.1817116381431390E-002   1.9873228180639384E-017  -3.9100388755182400E-016   1.7137558812283180E-017   5.4340963824855801E-002  -3.1334572162103426E-018  -3.6488298653705359E-016   1.6271125058865967E-017   3.9247368302114345E-020   1.0525641550470295E-019   1.6507231216566530E-017  -1.0841490657824054E-019   1.6309046733484189E-017  -1.0201285577006002E-015
   1.8540421838133433E-017  -6.0651794188153636E-018   5.8988571161323930E-002   1.0769339296751946E-019  -2.3073742171839391E-017   1.9873228180639384E-017   5.1817116381430980E-002   5.1169161056198248E-016  -2.5665662990436746E-017   7.8287020149971421E-018   5.4340963824855246E-002   5.8282100609710405E-016  -1.7537638602829477E-016   2.9826492517659468E-019   1.0880943115182353E-018  -1.7400741253246164E-016   8.7070084836159795E-020  -1.7493543741597135E-016  -2.4729535447566737E-015
  -6.0428026115505047E-017   4.6732946019917963E-016   6.8503206470409614E-016   6.0602870041977869E-002   3.3399951070973820E-016  -3.9100388755182400E-016   5.1169161056198248E-016  0.64051170781459776       -5.1320194023378203E-018  -2.1805945903925359E-017   2.8072366943727473E-016  0.52506561049293432       -1.4391211746468182E-014  -1.7556257891406657E-017  -5.1617614941736791E-017  -1.4268178001746439E-014  -1.7262769827418311E-017  -1.4582662114325553E-014 -0.27586684314579385     
   6.1861717428686180E-002  -9.2603641610549975E-018   3.4423418976414781E-018   1.1450786933492451E-017   5.4340963824855822E-002   1.7137558812283180E-017  -2.5665662990436746E-017  -5.1320194023378203E-018   5.6987739874935439E-002   1.5623205074750337E-017  -3.1217681615373011E-017   1.0736139728850291E-018   4.6082926729430511E-018  -4.4090768550772625E-020   4.4779971813591727E-019   6.5921433430604186E-018   4.7160853733332936E-019   5.4120963646273079E-018  -4.4204909978253446E-017
  -2.7363469947129063E-017   6.1861717428686083E-002  -5.8338970725666198E-017   1.1322845650879359E-017   2.1807322036575327E-017   5.4340963824855801E-002   7.8287020149971421E-018  -2.1805945903925359E-017   1.5623205074750337E-017   5.6987739874935800E-002  -1.6932188615613020E-017  -1.8148499669562963E-017   1.7063639969932392E-017   4.1158983171548611E-020   1.1038312176945478E-019   1.7311246109959460E-017  -1.1369545292862419E-019   1.7103408689084684E-017   6.4122952113659755E-016
   1.4774513354641097E-017  -3.3653183683043953E-017   6.1861717428685681E-002  -1.4966191451050922E-017  -2.8299370767765484E-017  -3.1334572162103426E-018   5.4340963824855246E-002   2.8072366943727473E-016  -3.1217681615373011E-017  -1.6932188615613020E-017   5.6987739874935085E-002   4.9396281626089637E-016  -1.8391841372926770E-016   3.1279246397982248E-019   1.1410919354330084E-018  -1.8248276187502596E-016   9.1310992597192689E-020  -1.8345598790814294E-016   1.2749887013743246E-015
  -3.9115472483777707E-017   3.9287954850864413E-016   8.1954811748544751E-016   4.9798014513784510E-002   3.0075173327891410E-016  -3.6488298653705359E-016   5.8282100609710405E-016  0.52506561049293432        1.0736139728850291E-018  -1.8148499669562963E-017   4.9396281626089637E-016  0.43162541445424474       -1.1926953027241015E-014  -6.3541716089841128E-018  -4.2247063503127269E-017  -1.1774253951948760E-014  -1.3271442776490165E-017  -1.2056922624033644E-014 -0.17748943270168580     
   5.0024250792880303E-018   1.8523038050652157E-017  -1.9964836234989106E-016  -1.3744374957305469E-015   4.3942620988960742E-018   1.6271125058865967E-017  -1.7537638602829477E-016  -1.4391211746468182E-014   4.6082926729430511E-018   1.7063639969932392E-017  -1.8391841372926770E-016  -1.1926953027241015E-014   3.3797128126004301E-028  -4.7630576561676417E-031   1.1488999049800749E-030   3.2959280593612190E-028   2.9236287019060795E-031   3.3935260710948143E-028   9.3329266876784023E-016
  -4.7861709751701172E-020   4.4679178226777106E-020   3.3954459438110321E-019  -8.6776119364527642E-019  -4.2042987914205078E-020   3.9247368302114345E-020   2.9826492517659468E-019  -1.7556257891406657E-017  -4.4090768550772625E-020   4.1158983171548611E-020   3.1279246397982248E-019  -6.3541716089841128E-018  -4.7630576561676417E-031   5.4417397748135008E-032   1.8702069187211865E-033  -1.3181097871474268E-031   6.3773337294418793E-033  -2.9005889864701016E-031   3.3404397767501838E-016
   4.8609858346310022E-019   1.1982383408750159E-019   1.2386858476020127E-018  -4.8772592982583992E-018   4.2700181367792134E-019   1.0525641550470295E-019   1.0880943115182353E-018  -5.1617614941736791E-017   4.4779971813591727E-019   1.1038312176945478E-019   1.1410919354330084E-018  -4.2247063503127269E-017   1.1488999049800749E-030   1.8702069187211865E-033   4.1900904424821940E-033   1.1419280639983225E-030   1.4456810634435153E-033   1.1658522590714223E-030   2.4951856930392474E-017
   7.1559480974819567E-018   1.8791821145079261E-017  -1.9808992382385175E-016  -1.3576796420280329E-015   6.2859735044616873E-018   1.6507231216566530E-017  -1.7400741253246164E-016  -1.4268178001746439E-014   6.5921433430604186E-018   1.7311246109959460E-017  -1.8248276187502596E-016  -1.1774253951948760E-014   3.2959280593612190E-028  -1.3181097871474268E-031   1.1419280639983225E-030   3.2348166554709021E-028   3.2714487905992172E-031   3.3210477444755124E-028   2.9860158985845957E-015
   5.1194369416117788E-019  -1.2341945824545299E-019   9.9120527232262457E-020  -1.5464935368123849E-018   4.4970484042648750E-019  -1.0841490657824054E-019   8.7070084836159795E-020  -1.7262769827418311E-017   4.7160853733332936E-019  -1.1369545292862419E-019   9.1310992597192689E-020  -1.3271442776490165E-017   2.9236287019060795E-031   6.3773337294418793E-033   1.4456810634435153E-033   3.2714487905992172E-031   1.1158475170994215E-033   3.1734354583782645E-031   4.3174545786811736E-017
   5.8749755077176962E-018   1.8566208060063011E-017  -1.9914638674003386E-016  -1.3898894495853243E-015   5.1607334035658239E-018   1.6309046733484189E-017  -1.7493543741597135E-016  -1.4582662114325553E-014   5.4120963646273079E-018   1.7103408689084684E-017  -1.8345598790814294E-016  -1.2056922624033644E-014   3.3935260710948143E-028  -2.9005889864701016E-031   1.1658522590714223E-030   3.3210477444755124E-028   3.1734354583782645E-031   3.4139857805141938E-028   2.1113856678549544E-015
   1.6609048762429903E-016   8.9395235517741643E-016   6.6039775862846839E-017  -2.1299117926209490E-002   7.0213006008278141E-016  -1.0201285577006002E-015  -2.4729535447566737E-015 -0.27586684314579385       -4.4204909978253446E-017   6.4122952113659755E-016   1.2749887013743246E-015 -0.17748943270168580        9.3329266876784023E-016   3.3404397767501838E-016   2.4951856930392474E-017   2.9860158985845957E-015   4.3174545786811736E-017   2.1113856678549544E-015   2.0951204652766280     
