   1.4783704509793393E-003   1.4199393768817825E-018  -5.4780806585062638E-017  -5.7170055595234935E-018   1.9120480440727266E-002  -1.2603986960526504E-016   3.0222291343699202E-018   2.4313919992305386E-016   3.6400706778517131E-002  -2.0562113183468472E-016  -4.0193450564364830E-017   6.3339082521644447E-016   8.7327433783005709E-018   2.7950593700042628E-018  -7.2113092360220407E-019  -5.8997284045035682E-018  -2.7463438997358247E-018   3.2383888611586183E-018  -9.4240753462745651E-003   7.1181122230282422E-016   1.0495622218886879E-015   1.0897484367405055E-015   2.1044377732437166E-017
   1.4199393768817825E-018   1.4783704509798168E-003   4.8838136061555007E-017   4.5342248139496369E-017   7.2904056700596556E-017   1.9120480440730055E-002   4.1940328218673734E-016  -1.1786183718002946E-016   1.9046275511489359E-016   3.6400706778523063E-002   7.3477692476049625E-016  -1.5172643526002273E-016   1.6092655203789633E-017  -6.3721919242752377E-019   5.7651543177942401E-019   1.6928606306708742E-017   2.4705215865798580E-020   1.8380389308689791E-017   9.4513355613847912E-016  -9.4240753462742355E-003  -2.2254948508952413E-015   3.5515478332047671E-017  -2.9554675326398391E-016
  -5.4780806585062638E-017   4.8838136061555007E-017   1.4783704509792846E-003   4.9355155753845890E-017  -7.7860076091494122E-016   3.4034998369971465E-016   1.9120480440726680E-002   1.4961436048660242E-015  -1.4226159195178985E-015   6.2228517674735499E-016   3.6400706778516145E-002   3.5929773564768509E-015  -2.4267105229181209E-017   3.7413298671676906E-018  -5.3890425443867276E-019  -2.0460529879557075E-017   4.9706448050405807E-018  -2.9228040400394633E-017   2.3886151853280547E-015  -1.8965150098270967E-015  -9.4240753462716473E-003  -1.3622493185867558E-015   8.7382486531355207E-016
  -5.7170055595234935E-018   4.5342248139496369E-017   4.9355155753845890E-017   1.4383996675258374E-004   3.3673015251097156E-017   3.8332861300025576E-016   1.1156184722190626E-015  -5.3339627896369923E-003  -1.6709233641239976E-017   9.1151278319203670E-016   2.0613231175457318E-015  -1.1993509177810184E-002  -6.2893179032613898E-017   2.8446589072808279E-018  -2.7123809576242248E-019  -4.1414757831649374E-017  -3.8387265700243819E-018  -6.6209863956051893E-017  -2.0224060574315470E-015   4.6800176651207260E-015  -9.3416330390740277E-017   1.2058309129711692E-002  -5.2072614498793477E-003
   1.9120480440727266E-002   7.2904056700596556E-017  -7.7860076091494122E-016   3.3673015251097156E-017  0.24989262967209733       -1.0060399766472339E-016   6.9087676110095182E-016  -4.5383329662547976E-016  0.47329175923466271       -1.4095580161760439E-016   7.6173392808077048E-017  -6.0984157247672483E-016   1.2040191418928826E-016   3.3215003004179870E-017   5.4919895110412742E-018  -9.8059407003921657E-017  -3.2917853347555428E-017   5.6021579846339296E-017 -0.19479084263778115       -3.7067078067385354E-016  -2.3098751349001918E-015  -1.3133833001892643E-015   5.6880048084779030E-016
  -1.2603986960526504E-016   1.9120480440730055E-002   3.4034998369971465E-016   3.8332861300025576E-016  -1.0060399766472339E-016  0.24989262967209111       -2.8694193117979299E-016  -3.6349984820135515E-017  -2.1217073524143206E-017  0.47329175923465844       -1.8291898400942093E-016   3.7212232803125842E-016   2.2722542542881077E-016  -9.1100311535433954E-018   1.0904819037820488E-017   2.3762060675176266E-016   2.0549402846970355E-018   2.6144437921846373E-016  -1.1225994553572225E-015 -0.19479084263777693        2.1814326646118457E-015   8.0679718856933658E-016   1.3085032963547875E-016
   3.0222291343699202E-018   4.1940328218673734E-016   1.9120480440726680E-002   1.1156184722190626E-015   6.9087676110095182E-016  -2.8694193117979299E-016  0.24989262967209389       -1.7383861230204413E-015   9.9004637856787435E-016   1.2550295935309518E-016  0.47329175923465655       -2.3417461001247727E-015  -3.0155217045721534E-016   4.4154392847064845E-017  -1.0708605181827988E-017  -2.4920671757189408E-016   6.6339141622475779E-017  -4.0669791157385498E-016  -1.7205677907762147E-015   3.1169717668873942E-015 -0.19479084263778057        1.3031940718481104E-015  -1.9160051626774028E-015
   2.4313919992305386E-016  -1.1786183718002946E-016   1.4961436048660242E-015  -5.3339627896369923E-003  -4.5383329662547976E-016  -3.6349984820135515E-017  -1.7383861230204413E-015  0.22460203324475081        2.0901386434138221E-016  -1.3617312499822991E-015  -1.3575698142144236E-016  0.51619306057322589        2.7918998712378256E-015  -1.0045945377049305E-016   1.4116120153275434E-017   1.7675842314016438E-015   7.9195359340498029E-017   2.8598832402307525E-015   2.5441295100336783E-015  -1.0080054073771039E-014  -1.3921653624956121E-015 -0.27327279419946515        6.7574014706692609E-002
   3.6400706778517131E-002   1.9046275511489359E-016  -1.4226159195178985E-015  -1.6709233641239976E-017  0.47329175923466271       -2.1217073524143206E-017   9.9004637856787435E-016   2.0901386434138221E-016  0.89867767269017707        1.6551369661135729E-016  -2.1414801123407453E-016   1.2359983334942230E-015   2.2220538061334469E-016   6.5992240112436583E-017  -3.4754965801181540E-018  -1.6622912198012516E-016  -6.5113574458601627E-017   9.3360461483133191E-017 -0.30229719230460922       -1.2540727771727911E-016   2.4072041086256785E-016   6.9394339071399354E-016   8.4524688701726372E-016
  -2.0562113183468472E-016   3.6400706778523063E-002   6.2228517674735499E-016   9.1151278319203670E-016  -1.4095580161760439E-016  0.47329175923465844        1.2550295935309518E-016  -1.3617312499822991E-015   1.6551369661135729E-016  0.89867767269018262        5.8938289769821924E-016  -1.3333163110659990E-015   4.1463397928416061E-016  -1.6526736734428869E-017   1.7518241983675671E-017   4.3481547636478908E-016   2.2806597692965205E-018   4.7542532555582801E-016   3.5538193744340215E-016 -0.30229719230461166        6.5955420401297957E-017  -1.4457278211688962E-016   5.7389808378992015E-017
  -4.0193450564364830E-017   7.3477692476049625E-016   3.6400706778516145E-002   2.0613231175457318E-015   7.6173392808077048E-017  -1.8291898400942093E-016  0.47329175923465655       -1.3575698142144236E-016  -2.1414801123407453E-016   5.8938289769821924E-016  0.89867767269016596        2.9896150565017560E-015  -5.8565015650242951E-016   8.8039503281095642E-017  -1.6871857591607781E-017  -4.8892390231011344E-016   1.2436497722555305E-016  -7.4729372924144070E-016   3.9987881927067740E-016  -4.0264953462722622E-016 -0.30229719230460866       -1.9550573418440014E-016   9.5363736491509266E-016
   6.3339082521644447E-016  -1.5172643526002273E-016   3.5929773564768509E-015  -1.1993509177810184E-002  -6.0984157247672483E-016   3.7212232803125842E-016  -2.3417461001247727E-015  0.51619306057322589        1.2359983334942230E-015  -1.3333163110659990E-015   2.9896150565017560E-015   1.1904856858278907        6.4782040629746362E-015  -2.2366700332558203E-016   3.4743132390795675E-017   4.0769746587537319E-015   1.5318103467022995E-016   6.6117571610619272E-015  -1.7530173445466325E-015   7.1484089865208654E-015   3.5384134596077352E-016 -0.53860075359983239       0.10720758294608192     
   8.7327433783005709E-018   1.6092655203789633E-017  -2.4267105229181209E-017  -6.2893179032613898E-017   1.2040191418928826E-016   2.2722542542881077E-016  -3.0155217045721534E-016   2.7918998712378256E-015   2.2220538061334469E-016   4.1463397928416061E-016  -5.8565015650242951E-016   6.4782040629746362E-015   3.8182135620311057E-029  -1.2177020296275313E-030   5.3422564164197848E-031   2.4002311318920769E-029   8.3859242769701420E-031   3.9408030389542801E-029  -2.6491229537922159E-016  -6.3828107724867423E-016  -1.9060947052970159E-016  -1.5541142539966633E-015   1.7718161458773018E-015
   2.7950593700042628E-018  -6.3721919242752377E-019   3.7413298671676906E-018   2.8446589072808279E-018   3.3215003004179870E-017  -9.1100311535433954E-018   4.4154392847064845E-017  -1.0045945377049305E-016   6.5992240112436583E-017  -1.6526736734428869E-017   8.8039503281095642E-017  -2.2366700332558203E-016  -1.2177020296275313E-030   8.3094803335015732E-032  -1.5501892166112117E-032  -8.3510212925442405E-031  -8.3023460188332966E-032  -1.2491603229620302E-030   6.4533479326230585E-017   2.8433737990277551E-017   9.4956024800879053E-017   2.8110373433969013E-016  -1.0412365753947378E-016
  -7.2113092360220407E-019   5.7651543177942401E-019  -5.3890425443867276E-019  -2.7123809576242248E-019   5.4919895110412742E-018   1.0904819037820488E-017  -1.0708605181827988E-017   1.4116120153275434E-017  -3.4754965801181540E-018   1.7518241983675671E-017  -1.6871857591607781E-017   3.4743132390795675E-017   5.3422564164197848E-031  -1.5501892166112117E-032   1.3792461811808646E-031   1.9606527199465444E-031   5.6707562352875289E-032   7.5534580094409459E-031  -4.1121147345696446E-016  -1.0043786995185094E-016   1.0834185994382433E-016   1.1096180219496588E-016   2.3099809157335848E-016
  -5.8997284045035682E-018   1.6928606306708742E-017  -2.0460529879557075E-017  -4.1414757831649374E-017  -9.8059407003921657E-017   2.3762060675176266E-016  -2.4920671757189408E-016   1.7675842314016438E-015  -1.6622912198012516E-016   4.3481547636478908E-016  -4.8892390231011344E-016   4.0769746587537319E-015   2.4002311318920769E-029  -8.3510212925442405E-031   1.9606527199465444E-031   1.5682900016051760E-029   7.0871559377715487E-031   2.4849302219442248E-029   6.4805682802111935E-016  -6.3192090109137354E-016  -3.0222956050619090E-016  -1.4837444244291920E-015   1.4970641336904266E-015
  -2.7463438997358247E-018   2.4705215865798580E-020   4.9706448050405807E-018  -3.8387265700243819E-018  -3.2917853347555428E-017   2.0549402846970355E-018   6.6339141622475779E-017   7.9195359340498029E-017  -6.5113574458601627E-017   2.2806597692965205E-018   1.2436497722555305E-016   1.5318103467022995E-016   8.3859242769701420E-031  -8.3023460188332966E-032   5.6707562352875289E-032   7.0871559377715487E-031   3.2783309733350959E-031   1.1526318553365693E-030  -5.5502649661554642E-017  -4.8852668550356692E-017  -8.9247285847809736E-017  -6.1442050302033052E-016   6.9657473773335554E-016
   3.2383888611586183E-018   1.8380389308689791E-017  -2.9228040400394633E-017  -6.6209863956051893E-017   5.6021579846339296E-017   2.6144437921846373E-016  -4.0669791157385498E-016   2.8598832402307525E-015   9.3360461483133191E-017   4.7542532555582801E-016  -7.4729372924144070E-016   6.6117571610619272E-015   3.9408030389542801E-029  -1.2491603229620302E-030   7.5534580094409459E-031   2.4849302219442248E-029   1.1526318553365693E-030   4.1851808762381933E-029  -4.1734909490921131E-016  -7.8279711021029232E-016   9.9099973960221904E-016  -1.8928675616714862E-015   2.8118579809158311E-015
  -9.4240753462745651E-003   9.4513355613847912E-016   2.3886151853280547E-015  -2.0224060574315470E-015 -0.19479084263778115       -1.1225994553572225E-015  -1.7205677907762147E-015   2.5441295100336783E-015 -0.30229719230460922        3.5538193744340215E-016   3.9987881927067740E-016  -1.7530173445466325E-015  -2.6491229537922159E-016   6.4533479326230585E-017  -4.1121147345696446E-016   6.4805682802111935E-016  -5.5502649661554642E-017  -4.1734909490921131E-016   2.1057568181300437       -2.1307985967419816E-016  -5.4551632308608156E-016  -4.3518941930204051E-016  -2.9659039698848640E-016
   7.1181122230282422E-016  -9.4240753462742355E-003  -1.8965150098270967E-015   4.6800176651207260E-015  -3.7067078067385354E-016 -0.19479084263777693        3.1169717668873942E-015  -1.0080054073771039E-014  -1.2540727771727911E-016 -0.30229719230461166       -4.0264953462722622E-016   7.1484089865208654E-015  -6.3828107724867423E-016   2.8433737990277551E-017  -1.0043786995185094E-016  -6.3192090109137354E-016  -4.8852668550356692E-017  -7.8279711021029232E-016  -2.1307985967419816E-016   2.1057568181300388        2.1347361970392289E-016  -9.7731022402729472E-016   4.6579687468587841E-016
   1.0495622218886879E-015  -2.2254948508952413E-015  -9.4240753462716473E-003  -9.3416330390740277E-017  -2.3098751349001918E-015   2.1814326646118457E-015 -0.19479084263778057       -1.3921653624956121E-015   2.4072041086256785E-016   6.5955420401297957E-017 -0.30229719230460866        3.5384134596077352E-016  -1.9060947052970159E-016   9.4956024800879053E-017   1.0834185994382433E-016  -3.0222956050619090E-016  -8.9247285847809736E-017   9.9099973960221904E-016  -5.4551632308608156E-016   2.1347361970392289E-016   2.1057568181300392        1.5660759051076366E-016   4.5414224758067452E-017
   1.0897484367405055E-015   3.5515478332047671E-017  -1.3622493185867558E-015   1.2058309129711692E-002  -1.3133833001892643E-015   8.0679718856933658E-016   1.3031940718481104E-015 -0.27327279419946515        6.9394339071399354E-016  -1.4457278211688962E-016  -1.9550573418440014E-016 -0.53860075359983239       -1.5541142539966633E-015   2.8110373433969013E-016   1.1096180219496588E-016  -1.4837444244291920E-015  -6.1442050302033052E-016  -1.8928675616714862E-015  -4.3518941930204051E-016  -9.7731022402729472E-016   1.5660759051076366E-016   2.4163053028959260      -0.63012733481434768     
   2.1044377732437166E-017  -2.9554675326398391E-016   8.7382486531355207E-016  -5.2072614498793477E-003   5.6880048084779030E-016   1.3085032963547875E-016  -1.9160051626774028E-015   6.7574014706692609E-002   8.4524688701726372E-016   5.7389808378992015E-017   9.5363736491509266E-016  0.10720758294608192        1.7718161458773018E-015  -1.0412365753947378E-016   2.3099809157335848E-016   1.4970641336904266E-015   6.9657473773335554E-016   2.8118579809158311E-015  -2.9659039698848640E-016   4.6579687468587841E-016   4.5414224758067452E-017 -0.63012733481434768        2.1646802653498387     
