   7.2047968586574302E-003  -1.4361459612855170E-016  -6.7409352455259989E-017  -2.3627429727823887E-017   4.7964422439767986E-002   5.4205299947647566E-017  -4.0791553846030473E-016  -4.1177965128255078E-018   9.7926388117644190E-019  -7.8857087356207880E-019  -1.4441084750793567E-017   3.7955334356769437E-018   3.2739353966631387E-018   1.0231200614667084E-018   7.4059916394904030E-002  -4.2430306724431376E-017  -6.3688971992682352E-016  -1.8681850176577721E-017  -8.7131518912596616E-017
  -1.4361459612855170E-016   7.2047968586579619E-003  -5.7759846689566612E-017   3.1985910906037546E-017  -9.5508472722894470E-016   4.7964422439769526E-002  -2.7435500834870221E-016  -2.0756480147280192E-016  -3.4766825037585265E-018  -8.1360267488979206E-019  -2.1509632245849818E-018  -4.8594591047263945E-018   3.4434267522818026E-019  -5.4451676683598359E-018  -1.4244860123418948E-015   7.4059916394906750E-002  -4.4095628644107498E-016  -1.9485382896856533E-016  -5.9721837863793586E-017
  -6.7409352455259989E-017  -5.7759846689566612E-017   7.2047968586577667E-003   1.0036111966495511E-016  -1.1135659813236083E-017  -8.0204115995781734E-017   4.7964422439768777E-002  -9.1327863771494307E-016   7.0535823047566014E-017  -6.2652801483725296E-018   1.5066518569104098E-017   3.3257469066517561E-017  -8.6646729777111568E-019   5.0020335281125521E-017  -7.9968380550278544E-017  -1.5628547558599918E-016   7.4059916394905709E-002  -6.4311677529151041E-016  -4.6295661082250755E-016
  -2.3627429727823887E-017   3.1985910906037546E-017   1.0036111966495511E-016   1.4267880293112044E-004  -1.5605591436151835E-016   1.9129304187029705E-016   6.1824619919460569E-016  -8.9267764012354346E-003   5.3626687315014873E-017   2.1449202851315439E-018  -1.3678746032294184E-018   4.3284893059948716E-017  -8.5038636600691535E-021   5.3312309663414598E-017  -2.4181382455708643E-016   3.0643617951224676E-016   9.4995462197315485E-016  -8.8618325203009933E-003   8.4714512103343815E-003
   4.7964422439767986E-002  -9.5508472722894470E-016  -1.1135659813236083E-017  -1.5605591436151835E-016  0.31931307226463834        3.6751312566745852E-016   1.9779913384282422E-016  -9.2734851662698740E-017   6.5192436925333448E-018  -5.2497450303240145E-018  -9.6138489823378649E-017   2.5267966975964537E-017   2.1795537540710320E-017   6.8112070052117206E-018  0.49303834452329232       -2.7219897862569495E-016   2.5849186795675258E-016  -1.8673564562042934E-016  -4.2926688738703600E-016
   5.4205299947647566E-017   4.7964422439769526E-002  -8.0204115995781734E-017   1.9129304187029705E-016   3.6751312566745852E-016  0.31931307226463523        1.9948490587305743E-016   2.4336607958653292E-016  -2.3145283839461014E-017  -5.4163889922376009E-018  -1.4319586073052769E-017  -3.2350828746524325E-017   2.2923890656043359E-018  -3.6250060539430352E-017   9.0180068590218477E-016  0.49303834452328982        1.9260611601536565E-016   3.7133523441155607E-016   3.4827666564542895E-017
  -4.0791553846030473E-016  -2.7435500834870221E-016   4.7964422439768777E-002   6.1824619919460569E-016   1.9779913384282422E-016   1.9948490587305743E-016  0.31931307226463390       -1.8611721243687640E-015   4.6957743294656341E-016  -4.1709787192531200E-017   1.0030218415897922E-016   2.2140461790631996E-016  -5.7683241201446516E-018   3.3299988036713632E-016  -1.1248597539537086E-016   9.2016365433787059E-017  0.49303834452328854        1.3024842691560877E-016   9.1621722037355289E-016
  -4.1177965128255078E-018  -2.0756480147280192E-016  -9.1327863771494307E-016  -8.9267764012354346E-003  -9.2734851662698740E-017   2.4336607958653292E-016  -1.8611721243687640E-015  0.59822610221791106       -3.9629028327927262E-015  -8.3842885287863525E-017   5.6199921912228585E-017  -3.2323379998762395E-015   3.0839517287640620E-018  -3.7565383016340847E-015   8.7963048237950309E-017  -4.2851211970953249E-016  -2.7151836413974318E-015  0.60196393421447036      -0.27815621671605478     
   9.7926388117644190E-019  -3.4766825037585265E-018   7.0535823047566014E-017   5.3626687315014873E-017   6.5192436925333448E-018  -2.3145283839461014E-017   4.6957743294656341E-016  -3.9629028327927262E-015   3.0147042711028643E-029  -2.5359465077260975E-032   8.2028425485285235E-032   2.4618088011594345E-029  -5.0447048663847974E-032   2.6972351878042866E-029   1.0066099376744291E-017  -3.5737692624968040E-017   7.2505544017814286E-016  -4.0578581145780710E-015  -6.6975173462088791E-016
  -7.8857087356207880E-019  -8.1360267488979206E-019  -6.2652801483725296E-018   2.1449202851315439E-018  -5.2497450303240145E-018  -5.4163889922376009E-018  -4.1709787192531200E-017  -8.3842885287863525E-017  -2.5359465077260975E-032   1.0171354528683526E-031  -6.9093239577862717E-032  -4.2669027905398216E-032   3.4638075447978988E-033   2.2467082604904593E-031  -8.1059180589234151E-018  -8.3632262315079003E-018  -6.4402388170257145E-017  -7.2976095046160916E-017   4.4667572127648154E-016
  -1.4441084750793567E-017  -2.1509632245849818E-018   1.5066518569104098E-017  -1.3678746032294184E-018  -9.6138489823378649E-017  -1.4319586073052769E-017   1.0030218415897922E-016   5.6199921912228585E-017   8.2028425485285235E-032  -6.9093239577862717E-032   9.5944064504608643E-032   3.6199066257434439E-032  -1.0283219043667168E-032  -9.5471296391343500E-032  -1.4844353703190774E-016  -2.2110291199933960E-017   1.5487252832802494E-016   4.9806280179740404E-017  -2.6753894857580403E-016
   3.7955334356769437E-018  -4.8594591047263945E-018   3.3257469066517561E-017   4.3284893059948716E-017   2.5267966975964537E-017  -3.2350828746524325E-017   2.2140461790631996E-016  -3.2323379998762395E-015   2.4618088011594345E-029  -4.2669027905398216E-032   3.6199066257434439E-032   2.0208636948432610E-029  -3.8767233025195065E-032   2.1965343761477111E-029   3.9015241433563708E-017  -4.9951600590665388E-017   3.4186187714818983E-016  -3.3155951434797342E-015  -7.5412346078260128E-016
   3.2739353966631387E-018   3.4434267522818026E-019  -8.6646729777111568E-019  -8.5038636600691535E-021   2.1795537540710320E-017   2.2923890656043359E-018  -5.7683241201446516E-018   3.0839517287640620E-018  -5.0447048663847974E-032   3.4638075447978988E-033  -1.0283219043667168E-032  -3.8767233025195065E-032   1.7728415596269052E-033  -3.6039796228037663E-032   3.3653604191190325E-017   3.5395848403354268E-018  -8.9066349670547804E-018   3.5813107815583020E-018   1.5677730660592450E-017
   1.0231200614667084E-018  -5.4451676683598359E-018   5.0020335281125521E-017   5.3312309663414598E-017   6.8112070052117206E-018  -3.6250060539430352E-017   3.3299988036713632E-016  -3.7565383016340847E-015   2.6972351878042866E-029   2.2467082604904593E-031  -9.5471296391343500E-032   2.1965343761477111E-029  -3.6039796228037663E-032   2.4734885389827570E-029   1.0516908068426985E-017  -5.5972246016962073E-017   5.1417158896206646E-016  -3.8149670798528832E-015   4.9549236280110452E-016
   7.4059916394904030E-002  -1.4244860123418948E-015  -7.9968380550278544E-017  -2.4181382455708643E-016  0.49303834452329232        9.0180068590218477E-016  -1.1248597539537086E-016   8.7963048237950309E-017   1.0066099376744291E-017  -8.1059180589234151E-018  -1.4844353703190774E-016   3.9015241433563708E-017   3.3653604191190325E-017   1.0516908068426985E-017  0.76128048077156285        9.5947304169836214E-017  -2.4613648069946954E-016  -2.2664602525268612E-017   4.1337280782444433E-016
  -4.2430306724431376E-017   7.4059916394906750E-002  -1.5628547558599918E-016   3.0643617951224676E-016  -2.7219897862569495E-016  0.49303834452328982        9.2016365433787059E-017  -4.2851211970953249E-016  -3.5737692624968040E-017  -8.3632262315079003E-018  -2.2110291199933960E-017  -4.9951600590665388E-017   3.5395848403354268E-018  -5.5972246016962073E-017   9.5947304169836214E-017  0.76128048077156263       -3.6120661244475250E-017  -2.4783837788768559E-016   2.0744959186932217E-018
  -6.3688971992682352E-016  -4.4095628644107498E-016   7.4059916394905709E-002   9.4995462197315485E-016   2.5849186795675258E-016   1.9260611601536565E-016  0.49303834452328854       -2.7151836413974318E-015   7.2505544017814286E-016  -6.4402388170257145E-017   1.5487252832802494E-016   3.4186187714818983E-016  -8.9066349670547804E-018   5.1417158896206646E-016  -2.4613648069946954E-016  -3.6120661244475250E-017  0.76128048077156196        3.3152155458456586E-016   2.9737359220321345E-016
  -1.8681850176577721E-017  -1.9485382896856533E-016  -6.4311677529151041E-016  -8.8618325203009933E-003  -1.8673564562042934E-016   3.7133523441155607E-016   1.3024842691560877E-016  0.60196393421447036       -4.0578581145780710E-015  -7.2976095046160916E-017   4.9806280179740404E-017  -3.3155951434797342E-015   3.5813107815583020E-018  -3.8149670798528832E-015  -2.2664602525268612E-017  -2.4783837788768559E-016   3.3152155458456586E-016  0.60726356964707007      -0.22483043213294168     
  -8.7131518912596616E-017  -5.9721837863793586E-017  -4.6295661082250755E-016   8.4714512103343815E-003  -4.2926688738703600E-016   3.4827666564542895E-017   9.1621722037355289E-016 -0.27815621671605478       -6.6975173462088791E-016   4.4667572127648154E-016  -2.6753894857580403E-016  -7.5412346078260128E-016   1.5677730660592450E-017   4.9549236280110452E-016   4.1337280782444433E-016   2.0744959186932217E-018   2.9737359220321345E-016 -0.22483043213294168        2.1001615934377695     
