   3.3022718004013576E-032   6.1955371939620648E-032  -7.0099465147899235E-032   4.0468077375569138E-017  -6.5880387782431619E-032  -9.1285812204850287E-032   7.2913549965832884E-032   1.0509323320566885E-016  -2.5636894286015690E-032   3.8716161547445605E-032  -9.7490873859478129E-032   4.1142285001849044E-017   3.3645003244906712E-031   2.1470747718936645E-032   5.1872248240108195E-034   3.1927303718018886E-031   9.0297305886786946E-035   2.9737864377457510E-031   6.9172534754588045E-017
   6.1955371939620648E-032   1.2972280897842135E-031  -9.7938696343068725E-032   8.6334956814845212E-017  -1.7450763346105532E-031  -1.4989436380695144E-031   9.2491854785756127E-032   2.2665538881256245E-016   9.9965260099936922E-032   5.5766738820426372E-032  -1.1422774494567339E-031   8.5075749149162221E-017   4.4750110974706417E-031   4.2613525234892426E-033  -2.4855724529973009E-033   4.3767890555715276E-031  -5.8763480257112448E-036   4.1876053640054072E-031  -2.9520106239604011E-017
  -7.0099465147899235E-032  -9.7938696343068725E-032   2.3241091447147701E-031  -5.9981692822963322E-017   1.3095766340438827E-032   2.4699011646988725E-031  -2.6509251857946589E-031  -1.4967228215855182E-016   4.2308681419505726E-031  -1.2419099758430686E-031   3.7795526882430759E-031  -6.7697708857459127E-017  -1.1716697689225856E-030  -1.3526611509398270E-031  -9.7131593957859845E-033  -1.0794222876411319E-030  -6.2812934634158892E-034  -9.7777251898004686E-031  -5.4347434573507937E-016
   4.0468077375569138E-017   8.6334956814845212E-017  -5.9981692822963322E-017   5.7629483711368848E-002  -1.2003421850043405E-016  -9.5368691684329754E-017   5.5149311978923291E-017  0.15155070543818594        8.2889566022287824E-017   3.4421105843177490E-017  -6.6450382200582770E-017   5.6507056687203086E-002   2.7046724800385930E-016  -1.4968586267320719E-018  -2.0345283475660162E-018   2.6671383362793610E-016  -2.4667366403350685E-020   2.5698978650643886E-016  -3.8211036361023187E-002
  -6.5880387782431619E-032  -1.7450763346105532E-031   1.3095766340438827E-032  -1.2003421850043405E-016   3.2359748233152190E-031   1.0144262018929456E-031   2.1781240448903743E-032  -3.2096482652242819E-016  -5.0777694870308904E-031  -1.3555300426011425E-032  -6.4760968707054391E-032  -1.1185102643678732E-016   2.2330655101919638E-032   9.3140159698309999E-032   1.2021583300248072E-032  -2.7974740722181147E-032   4.8154402903308572E-034  -6.7941630210983771E-032   4.6333013706885355E-016
  -9.1285812204850287E-032  -1.4989436380695144E-031   2.4699011646988725E-031  -9.5368691684329754E-017   1.0144262018929456E-031   2.8621149034799651E-031  -2.7176766606202729E-031  -2.4378665096613331E-016   3.0550893905664318E-031  -1.3375922097738106E-031   3.7833474217161567E-031  -1.0123245398741122E-016  -1.2212174247114862E-030  -1.1643538695177275E-031  -6.9151141678280382E-033  -1.1382298571439914E-030  -5.2739331772622187E-034  -1.0425911094519377E-030  -4.4365871038013425E-016
   7.2913549965832884E-032   9.2491854785756127E-032  -2.6509251857946589E-031   5.5149311978923291E-017   2.1781240448903743E-032  -2.7176766606202729E-031   3.0654577334841636E-031   1.3517529341903140E-016  -5.4304155725120561E-031   1.4090895244857199E-031  -4.4089058454566374E-031   6.4930467654009836E-017   1.3464779901940805E-030   1.6574680532928708E-031   1.2508472394342659E-032   1.2349463335565199E-030   7.7524769088570838E-034   1.1138057766744238E-030   6.7607456246668367E-016
   1.0509323320566885E-016   2.2665538881256245E-016  -1.4967228215855182E-016  0.15155070543818594       -3.2096482652242819E-016  -2.4378665096613331E-016   1.3517529341903140E-016  0.39892191161286467        2.4214292408063423E-016   8.6326494119645187E-017  -1.6009785887473959E-016  0.14817753026444871        6.6902869420899574E-016  -1.0427470860159498E-017  -5.9115514825767974E-018   6.6334919037515362E-016  -9.5886142923990815E-020   6.4211970052592028E-016 -0.12815511639198676     
  -2.5636894286015690E-032   9.9965260099936922E-032   4.2308681419505726E-031   8.2889566022287824E-017  -5.0777694870308904E-031   3.0550893905664318E-031  -5.4304155725120561E-031   2.4214292408063423E-016   1.6455522164483974E-030  -2.1528306558767432E-031   8.2974126458632431E-031   5.4652882304308468E-017  -2.2784160125749408E-030  -4.1215556238345275E-031  -3.8377882513664238E-032  -2.0190952196250830E-030  -1.9946461702138937E-033  -1.7588091706905165E-030  -1.8026928609884514E-015
   3.8716161547445605E-032   5.5766738820426372E-032  -1.2419099758430686E-031   3.4421105843177490E-017  -1.3555300426011425E-032  -1.3375922097738106E-031   1.4090895244857199E-031   8.6326494119645187E-017  -2.1528306558767432E-031   6.6495834141256587E-032  -2.0021613675772680E-031   3.8369197268119000E-017   6.2429849806898868E-031   7.0234211899941582E-032   4.9350386780013865E-033   5.7613247530387622E-031   3.2514765037102765E-034   5.2274303002128897E-031   2.8037825737840217E-016
  -9.7490873859478129E-032  -1.1422774494567339E-031   3.7795526882430759E-031  -6.6450382200582770E-017  -6.4760968707054391E-032   3.7833474217161567E-031  -4.4089058454566374E-031  -1.6009785887473959E-016   8.2974126458632431E-031  -2.0021613675772680E-031   6.3758349858937423E-031  -8.1295562814974504E-017  -1.9289628506181236E-030  -2.4683277920731402E-031  -1.9146123274680473E-032  -1.7641522341185848E-030  -1.1592763067291130E-033  -1.5866657673604181E-030  -1.0154808464910871E-015
   4.1142285001849044E-017   8.5075749149162221E-017  -6.7697708857459127E-017   5.6507056687203086E-002  -1.1185102643678732E-016  -1.0123245398741122E-016   6.4930467654009836E-017  0.14817753026444871        5.4652882304308468E-017   3.8369197268119000E-017  -8.1295562814974504E-017   5.5870836779936060E-002   3.1172487933487821E-016   5.6835652179691503E-018  -1.3765557247989637E-018   3.0342732994375557E-016   9.9848772819784730E-021   2.8910881320117729E-016  -6.9828320918506256E-003
   3.3645003244906712E-031   4.4750110974706417E-031  -1.1716697689225856E-030   2.7046724800385930E-016   2.2330655101919638E-032  -1.2212174247114862E-030   1.3464779901940805E-030   6.6902869420899574E-016  -2.2784160125749408E-030   6.2429849806898868E-031  -1.9289628506181236E-030   3.1172487933487821E-016   5.9310001576750897E-030   7.0950051736840125E-031   5.2407152981265216E-032   5.4507577208362672E-030   3.3080945750506538E-033   4.9257990368814431E-030   2.8750276426616255E-015
   2.1470747718936645E-032   4.2613525234892426E-033  -1.3526611509398270E-031  -1.4968586267320719E-018   9.3140159698309999E-032  -1.1643538695177275E-031   1.6574680532928708E-031  -1.0427470860159498E-017  -4.1215556238345275E-031   7.0234211899941582E-032  -2.4683277920731402E-031   5.6835652179691503E-018   7.0950051736840125E-031   1.1017369138609773E-031   9.5758410205169166E-033   6.3848913901818016E-031   5.2691163244007242E-034   5.6506673514951508E-031   4.7046821206625958E-016
   5.1872248240108195E-034  -2.4855724529973009E-033  -9.7131593957859845E-033  -2.0345283475660162E-018   1.2021583300248072E-032  -6.9151141678280382E-033   1.2508472394342659E-032  -5.9115514825767974E-018  -3.8377882513664238E-032   4.9350386780013865E-033  -1.9146123274680473E-032  -1.3765557247989637E-018   5.2407152981265216E-032   9.5758410205169166E-033   8.9524849975154195E-034   4.6391111016310897E-032   4.6375770336327433E-035   4.0363971133247170E-032   4.1943015608073346E-017
   3.1927303718018886E-031   4.3767890555715276E-031  -1.0794222876411319E-030   2.6671383362793610E-016  -2.7974740722181147E-032  -1.1382298571439914E-030   1.2349463335565199E-030   6.6334919037515362E-016  -2.0190952196250830E-030   5.7613247530387622E-031  -1.7641522341185848E-030   3.0342732994375557E-016   5.4507577208362672E-030   6.3848913901818016E-031   4.6391111016310897E-032   5.0166713968693959E-030   2.9699127751931342E-033   4.5399145075289885E-030   2.5743979340835426E-015
   9.0297305886786946E-035  -5.8763480257112448E-036  -6.2812934634158892E-034  -2.4667366403350685E-020   4.8154402903308572E-034  -5.2739331772622187E-034   7.7524769088570838E-034  -9.5886142923990815E-020  -1.9946461702138937E-033   3.2514765037102765E-034  -1.1592763067291130E-033   9.9848772819784730E-021   3.3080945750506538E-033   5.2691163244007242E-034   4.6375770336327433E-035   2.9699127751931342E-033   2.5253045519443212E-036   2.6220246644035438E-033   2.2597100971651823E-018
   2.9737864377457510E-031   4.1876053640054072E-031  -9.7777251898004686E-031   2.5698978650643886E-016  -6.7941630210983771E-032  -1.0425911094519377E-030   1.1138057766744238E-030   6.4211970052592028E-016  -1.7588091706905165E-030   5.2274303002128897E-031  -1.5866657673604181E-030   2.8910881320117729E-016   4.9257990368814431E-030   5.6506673514951508E-031   4.0363971133247170E-032   4.5399145075289885E-030   2.6220246644035438E-033   4.1140834641469843E-030   2.2667884000140044E-015
   6.9172534754588045E-017  -2.9520106239604011E-017  -5.4347434573507937E-016  -3.8211036361023187E-002   4.6333013706885355E-016  -4.4365871038013425E-016   6.7607456246668367E-016 -0.12815511639198676       -1.8026928609884514E-015   2.8037825737840217E-016  -1.0154808464910871E-015  -6.9828320918506256E-003   2.8750276426616255E-015   4.7046821206625958E-016   4.1943015608073346E-017   2.5743979340835426E-015   2.2597100971651823E-018   2.2667884000140044E-015   2.0265871830436955     
