   1.6830948860065184E-002   2.3237101519558049E-017   1.1359135339153650E-017  -5.3920415950931228E-017   5.8811917657522826E-002   1.0335339850697328E-016   1.7878705582522779E-016   1.6495865745208463E-016  -6.0427230990358650E-018   1.6039882487717677E-018   8.3968974195524680E-018  -7.2599349283353880E-018   2.9368764877199464E-018  -5.7108117603650103E-018   8.0233115336689753E-002   1.6905295319538130E-016   1.5840341970778999E-016   6.6323969990288443E-017  -3.1203595671598233E-016
   2.3237101519558049E-017   1.6830948860065725E-002   7.0611948735789000E-017   1.0763246768434251E-017  -6.4131154072558798E-017   5.8811917657523687E-002   1.4196314547629434E-016  -5.4009078802302878E-017   8.9711110760711382E-018   1.5503588921325667E-018   4.6528404095108207E-019   1.4217645405930829E-017   8.8758739848177451E-019   1.4286557698749937E-017  -4.5446838100880116E-017   8.0233115336691127E-002   1.8474000337853109E-016  -1.6436757785455830E-017  -3.6909795958546429E-016
   1.1359135339153650E-017   7.0611948735789000E-017   1.6830948860065222E-002   1.2840438583308260E-016  -1.7868392956389948E-016   6.1643669769378924E-017   5.8811917657522909E-002  -5.6093147388473898E-016   1.2631607342287568E-017  -2.2901994835654017E-018   4.8662573424989468E-018  -7.9878401587952663E-019   2.2388516822008312E-018   5.3690091532623298E-019  -2.5420496362461950E-016   9.7984347821904144E-017   8.0233115336689850E-002  -4.0199852801839545E-016   7.4021485458913103E-016
  -5.3920415950931228E-017   1.0763246768434251E-017   1.2840438583308260E-016   1.1725765788988679E-004  -1.8200515340961957E-016   4.0564719593798474E-017   4.2479008335029846E-016  -7.9086443909175581E-003  -1.8821254224828958E-019  -4.6217858699457937E-019   1.4480156003828740E-018  -3.6284993009972887E-018   2.1619438376304404E-019   1.8439847308511036E-019  -2.4775168288122194E-016   5.8447649161616623E-017   5.7236333392441980E-016  -7.9429423860693325E-003   7.9471265583088285E-003
   5.8811917657522826E-002  -6.4131154072558798E-017  -1.7868392956389948E-016  -1.8200515340961957E-016  0.20550485224050816       -1.4667153693228530E-016  -1.3833403281378324E-016   4.0596540046167050E-016  -2.1114919680554158E-017   5.6047716379330423E-018   2.9341045696426532E-017  -2.5368189206337818E-017   1.0262246032718872E-017  -1.9955131098115710E-017  0.28035634899847561       -1.0206408201235403E-016  -4.8749371916621473E-016   1.0728453256339852E-016   8.1281345214223211E-016
   1.0335339850697328E-016   5.8811917657523687E-002   6.1643669769378924E-017   4.0564719593798474E-017  -1.4667153693228530E-016  0.20550485224050760       -1.5070918417316869E-016  -2.7772409619624885E-016   3.1347504545878507E-017   5.4173760648781676E-018   1.6258291158321533E-018   4.9680323899110782E-017   3.1014720220093967E-018   4.9921122212062122E-017  -5.3187210461347044E-017  0.28035634899847550       -2.3681008326156827E-016  -1.2713367495148849E-016  -4.7037401684455239E-016
   1.7878705582522779E-016   1.4196314547629434E-016   5.8811917657522909E-002   4.2479008335029846E-016  -1.3833403281378324E-016  -1.5070918417316869E-016  0.20550485224050827       -4.7984488158706412E-016   4.4138275095082037E-017  -8.0025805179841801E-018   1.7004028026394286E-017  -2.7911688258682882E-018   7.8231573202280014E-018   1.8760779730828463E-018  -2.2519556748881735E-016  -1.5707378973883738E-016  0.28035634899847567        5.8531383714555798E-017   2.3166203403065855E-016
   1.6495865745208463E-016  -5.4009078802302878E-017  -5.6093147388473898E-016  -7.9086443909175581E-003   4.0596540046167050E-016  -2.7772409619624885E-016  -4.7984488158706412E-016  0.58265687822245527       -8.6236021892225698E-016  -1.8873341483746618E-017  -4.3816814275543440E-017  -7.5516900326887835E-016  -3.4243373167723763E-017  -9.0612766317427651E-016   2.0903523085531865E-016  -4.0869161792683690E-016  -2.1551876116104994E-016  0.59397359078228440      -0.25962146513651507     
  -6.0427230990358650E-018   8.9711110760711382E-018   1.2631607342287568E-017  -1.8821254224828958E-019  -2.1114919680554158E-017   3.1347504545878507E-017   4.4138275095082037E-017  -8.6236021892225698E-016   1.5566012069110283E-029   8.8856171683356842E-031  -9.5827446431847106E-031   1.7783118126168615E-029   3.5013170108162877E-031   1.5890204250149856E-029  -2.8805654594019508E-017   4.2765276969760206E-017   6.0214858782339300E-017  -1.0222915029795426E-015  -4.9239989280328623E-015
   1.6039882487717677E-018   1.5503588921325667E-018  -2.2901994835654017E-018  -4.6217858699457937E-019   5.6047716379330423E-018   5.4173760648781676E-018  -8.0025805179841801E-018  -1.8873341483746618E-017   8.8856171683356842E-031   5.3288819953010200E-032  -6.0249483320555146E-032   1.0311921543003805E-030   1.9186446099965982E-032   9.0819922544840225E-031   7.6462102780045438E-018   7.3905591918746809E-018  -1.0917378505314521E-017  -2.7888028663819269E-017  -3.1220595702568184E-016
   8.3968974195524680E-018   4.6528404095108207E-019   4.8662573424989468E-018   1.4480156003828740E-018   2.9341045696426532E-017   1.6258291158321533E-018   1.7004028026394286E-017  -4.3816814275543440E-017  -9.5827446431847106E-031  -6.0249483320555146E-032   8.2370102995865196E-032  -1.1416165114246953E-030  -1.6692498328460453E-032  -9.7723519220211246E-031   4.0028001079120257E-017   2.2180085289505771E-018   2.3197443582346388E-017  -3.4395490227146699E-017   4.0035585484455557E-016
  -7.2599349283353880E-018   1.4217645405930829E-017  -7.9878401587952663E-019  -3.6284993009972887E-018  -2.5368189206337818E-017   4.9680323899110782E-017  -2.7911688258682882E-018  -7.5516900326887835E-016   1.7783118126168615E-029   1.0311921543003805E-030  -1.1416165114246953E-030   2.0430106471076837E-029   3.9191276602123396E-031   1.8154908008002137E-029  -3.4608102091266371E-017   6.7775500546892735E-017  -3.8078025551569760E-018  -9.3691939840904974E-016  -5.8578555987096887E-015
   2.9368764877199464E-018   8.8758739848177451E-019   2.2388516822008312E-018   2.1619438376304404E-019   1.0262246032718872E-017   3.1014720220093967E-018   7.8231573202280014E-018  -3.4243373167723763E-017   3.5013170108162877E-031   1.9186446099965982E-032  -1.6692498328460453E-032   3.9191276602123396E-031   9.1059743784732364E-033   3.5698884385505041E-031   1.4000087097165201E-017   4.2311281856928766E-018   1.0672603590755948E-017  -3.7901374476646930E-017  -9.5699120027366293E-017
  -5.7108117603650103E-018   1.4286557698749937E-017   5.3690091532623298E-019   1.8439847308511036E-019  -1.9955131098115710E-017   4.9921122212062122E-017   1.8760779730828463E-018  -9.0612766317427651E-016   1.5890204250149856E-029   9.0819922544840225E-031  -9.7723519220211246E-031   1.8154908008002137E-029   3.5698884385505041E-031   1.6233009543039902E-029  -2.7223433595159337E-017   6.8104005373557951E-017   2.5594060930229118E-018  -1.0695751684893641E-015  -5.0033400864823696E-015
   8.0233115336689753E-002  -4.5446838100880116E-017  -2.5420496362461950E-016  -2.4775168288122194E-016  0.28035634899847561       -5.3187210461347044E-017  -2.2519556748881735E-016   2.0903523085531865E-016  -2.8805654594019508E-017   7.6462102780045438E-018   4.0028001079120257E-017  -3.4608102091266371E-017   1.4000087097165201E-017  -2.7223433595159337E-017  0.38247117557967736        6.1175684066020862E-017  -7.1481618638558758E-016  -2.5490532609125425E-016  -5.8277978679861589E-016
   1.6905295319538130E-016   8.0233115336691127E-002   9.7984347821904144E-017   5.8447649161616623E-017  -1.0206408201235403E-016  0.28035634899847550       -1.5707378973883738E-016  -4.0869161792683690E-016   4.2765276969760206E-017   7.3905591918746809E-018   2.2180085289505771E-018   6.7775500546892735E-017   4.2311281856928766E-018   6.8104005373557951E-017   6.1175684066020862E-017  0.38247117557967808       -2.5685765905718325E-016  -1.7128577479793337E-016   5.7812278837252681E-016
   1.5840341970778999E-016   1.8474000337853109E-016   8.0233115336689850E-002   5.7236333392441980E-016  -4.8749371916621473E-016  -2.3681008326156827E-016  0.28035634899847567       -2.1551876116104994E-016   6.0214858782339300E-017  -1.0917378505314521E-017   2.3197443582346388E-017  -3.8078025551569760E-018   1.0672603590755948E-017   2.5594060930229118E-018  -7.1481618638558758E-016  -2.5685765905718325E-016  0.38247117557967736        5.1316708241548257E-016  -4.1024380234212324E-016
   6.6323969990288443E-017  -1.6436757785455830E-017  -4.0199852801839545E-016  -7.9429423860693325E-003   1.0728453256339852E-016  -1.2713367495148849E-016   5.8531383714555798E-017  0.59397359078228440       -1.0222915029795426E-015  -2.7888028663819269E-017  -3.4395490227146699E-017  -9.3691939840904974E-016  -3.7901374476646930E-017  -1.0695751684893641E-015  -2.5490532609125425E-016  -1.7128577479793337E-016   5.1316708241548257E-016  0.60694643297678319      -0.21141429175070953     
  -3.1203595671598233E-016  -3.6909795958546429E-016   7.4021485458913103E-016   7.9471265583088285E-003   8.1281345214223211E-016  -4.7037401684455239E-016   2.3166203403065855E-016 -0.25962146513651507       -4.9239989280328623E-015  -3.1220595702568184E-016   4.0035585484455557E-016  -5.8578555987096887E-015  -9.5699120027366293E-017  -5.0033400864823696E-015  -5.8277978679861589E-016   5.7812278837252681E-016  -4.1024380234212324E-016 -0.21141429175070953        2.0898327879692129     
