   5.0673098468163600E-003   1.5126673368453143E-017  -3.3600711756614425E-017   1.6892678883459145E-019   4.3360619968590794E-002   4.5944832593372684E-016  -9.4203404503597453E-017   1.4294097179521920E-016   4.0813550797496676E-018   4.1033139957205171E-018  -7.9024517176143272E-018  -1.5062036723383572E-018   8.3639048712345883E-019  -3.6666867364023328E-018   6.9712712575273464E-002   6.7788257203509490E-016  -1.6046742724201181E-016   1.4894718040823862E-016   1.2099098151900213E-016
   1.5126673368453143E-017   5.0673098468152836E-003   1.2885032675094586E-017   2.2979391800119164E-017  -3.0322373304662612E-016   4.3360619968586429E-002   5.1313046254380232E-017  -2.6790277157250376E-016   4.5089622236178989E-017  -1.3360904656651698E-018   2.0040206235820680E-018   3.8395757635757531E-017   3.8088997687464223E-018   3.8527205495563652E-017  -4.8398042502435090E-016   6.9712712575266206E-002   7.1347794546645847E-017  -6.5360741070531783E-017   2.3445360374189513E-016
  -3.3600711756614425E-017   1.2885032675094586E-017   5.0673098468163470E-003  -2.3730239756856980E-016  -1.5124662657820150E-016   6.1563565185269020E-017   4.3360619968590711E-002   1.3538412659473595E-015  -3.6831466620394592E-016  -6.6755840377649496E-018  -4.9438879225922264E-018  -3.6957166841356621E-016  -1.1056621394488155E-018  -4.0249577329546368E-016  -3.0743441985421095E-016   1.1555890091298822E-016   6.9712712575273686E-002  -5.7038290771584307E-016   8.7612131550154128E-016
   1.6892678883459145E-019   2.2979391800119164E-017  -2.3730239756856980E-016   1.3637723361619456E-004   1.8063393810990827E-017   1.7580366049374848E-016  -2.0463753434461570E-015  -8.8533672124106039E-003   3.0500025970698233E-016   2.8688603613572780E-019  -3.0264832490397931E-018   2.9806243008771725E-016  -2.5086186477118885E-018   3.1355409982857208E-016   2.6252712000547037E-017   2.8515252868483979E-016  -3.2925224163696582E-015  -8.6523935446532127E-003   8.0727467865074759E-003
   4.3360619968590794E-002  -3.0322373304662612E-016  -1.5124662657820150E-016   1.8063393810990827E-017  0.37103382680295199        2.2921203890601959E-016   3.5998222631949961E-016  -1.7134359915427754E-016   3.4923873202920187E-017   3.5111774128440137E-017  -6.7620732914702434E-017  -1.2888480674291754E-017   7.1569355642001594E-018  -3.1375584861994175E-017  0.59652686106320496       -1.5167946041424844E-016   5.0164340455009782E-016  -1.5394648440561397E-016  -1.0929192707437334E-016
   4.5944832593372684E-016   4.3360619968586429E-002   6.1563565185269020E-017   1.7580366049374848E-016   2.2921203890601959E-016  0.37103382680295621        2.2420393013559893E-017  -1.1271182503772936E-015   3.8582877965093854E-016  -1.1432833727696398E-017   1.7148265903449139E-017   3.2854984312755568E-016   3.2592491946165599E-017   3.2967463337465288E-016   3.9867935003128595E-016  0.59652686106320962       -5.9366984173502311E-017   5.4069640144006662E-016  -4.8686533341409762E-016
  -9.4203404503597453E-017   5.1313046254380232E-017   4.3360619968590711E-002  -2.0463753434461570E-015   3.5998222631949961E-016   2.2420393013559893E-017  0.37103382680295149        1.1336772065881497E-014  -3.1516431307552952E-015  -5.7122511012776370E-017  -4.2304507097289362E-017  -3.1623992117447513E-015  -9.4610744737501378E-018  -3.4441285006073567E-015   2.8812672733802280E-017   1.7792686739751147E-016  0.59652686106320718       -5.3878770325220822E-015  -2.0229920850179554E-015
   1.4294097179521920E-016  -2.6790277157250376E-016   1.3538412659473595E-015  -8.8533672124106039E-003  -1.7134359915427754E-016  -1.1271182503772936E-015   1.1336772065881497E-014  0.61048660616098327       -2.2077765280907995E-014  -1.0903700703196444E-017   8.3642016923819541E-017  -2.1613588769815992E-014   1.5863375467814979E-016  -2.2287822566820911E-014  -2.3166442114526673E-017  -1.8507363334170177E-015   1.8752796893476237E-014  0.60406181044184382      -0.28309676514117160     
   4.0813550797496676E-018   4.5089622236178989E-017  -3.6831466620394592E-016   3.0500025970698233E-016   3.4923873202920187E-017   3.8582877965093854E-016  -3.1516431307552952E-015  -2.2077765280907995E-014   8.5444062626334224E-028   6.2623781267594115E-031   7.9260705300007535E-031   8.3807338414954625E-028  -5.2264508010866627E-030   8.5398957286236267E-028   5.6148596038843301E-017   6.2031333589228423E-016  -5.0670306806805965E-015  -2.2050297943040360E-014   2.6980262118397487E-015
   4.1033139957205171E-018  -1.3360904656651698E-018  -6.6755840377649496E-018   2.8688603613572780E-019   3.5111774128440137E-017  -1.1432833727696398E-017  -5.7122511012776370E-017  -1.0903700703196444E-017   6.2623781267594115E-031   1.4740445330090780E-032  -3.1153429375552793E-032   6.1351720236398706E-031  -5.0594395604874568E-033   7.5929212161470146E-031   5.6450692347040841E-017  -1.8381052949822319E-017  -9.1838290012830950E-017  -9.0505253877287016E-018   6.9033265759540376E-017
  -7.9024517176143272E-018   2.0040206235820680E-018  -4.9438879225922264E-018  -3.0264832490397931E-018  -6.7620732914702434E-017   1.7148265903449139E-017  -4.2304507097289362E-017   8.3642016923819541E-017   7.9260705300007535E-031  -3.1153429375552793E-032   4.4129845451129804E-031   9.1034697494581204E-031   7.0278061594519353E-032  -4.4426781530017785E-031  -1.0871672778725710E-016   2.7569996299809452E-017  -6.8014755002310896E-017   5.8277079146235135E-017  -9.3986479798526934E-016
  -1.5062036723383572E-018   3.8395757635757531E-017  -3.6957166841356621E-016   2.9806243008771725E-016  -1.2888480674291754E-017   3.2854984312755568E-016  -3.1623992117447513E-015  -2.1613588769815992E-014   8.3807338414954625E-028   6.1351720236398706E-031   9.1034697494581204E-031   8.2207971787024933E-028  -5.1061390765716275E-030   8.3734602224418675E-028  -2.0721358445288950E-017   5.2822355393426852E-016  -5.0843236894751542E-015  -2.1593791424147971E-014   2.3802851051775635E-015
   8.3639048712345883E-019   3.8088997687464223E-018  -1.1056621394488155E-018  -2.5086186477118885E-018   7.1569355642001594E-018   3.2592491946165599E-017  -9.4610744737501378E-018   1.5863375467814979E-016  -5.2264508010866627E-030  -5.0594395604874568E-033   7.0278061594519353E-032  -5.1061390765716275E-030   4.9886156355841135E-032  -5.4233246659959415E-030   1.1506509645578208E-017   5.2400335253527267E-017  -1.5210971750855230E-017   1.5415480204639470E-016  -1.7695586137266708E-016
  -3.6666867364023328E-018   3.8527205495563652E-017  -4.0249577329546368E-016   3.1355409982857208E-016  -3.1375584861994175E-017   3.2967463337465288E-016  -3.4441285006073567E-015  -2.2287822566820911E-014   8.5398957286236267E-028   7.5929212161470146E-031  -4.4426781530017785E-031   8.3734602224418675E-028  -5.4233246659959415E-030   8.5766077004630047E-028  -5.0443861986980945E-017   5.3003192704471337E-016  -5.5372718473368661E-015  -2.2183784911971387E-014   5.5319967609389280E-015
   6.9712712575273464E-002  -4.8398042502435090E-016  -3.0743441985421095E-016   2.6252712000547037E-017  0.59652686106320496        3.9867935003128595E-016   2.8812672733802280E-017  -2.3166442114526673E-017   5.6148596038843301E-017   5.6450692347040841E-017  -1.0871672778725710E-016  -2.0721358445288950E-017   1.1506509645578208E-017  -5.0443861986980945E-017  0.95906160102998217       -1.9536317296563925E-016  -7.7655980604274255E-017   1.3900755790957566E-017   1.3979458979797638E-016
   6.7788257203509490E-016   6.9712712575266206E-002   1.1555890091298822E-016   2.8515252868483979E-016  -1.5167946041424844E-016  0.59652686106320962        1.7792686739751147E-016  -1.8507363334170177E-015   6.2031333589228423E-016  -1.8381052949822319E-017   2.7569996299809452E-017   5.2822355393426852E-016   5.2400335253527267E-017   5.3003192704471337E-016  -1.9536317296563925E-016  0.95906160102998617        1.3265865398682839E-016   8.5735263543695394E-016   2.0178814511488786E-016
  -1.6046742724201181E-016   7.1347794546645847E-017   6.9712712575273686E-002  -3.2925224163696582E-015   5.0164340455009782E-016  -5.9366984173502311E-017  0.59652686106320718        1.8752796893476237E-014  -5.0670306806805965E-015  -9.1838290012830950E-017  -6.8014755002310896E-017  -5.0843236894751542E-015  -1.5210971750855230E-017  -5.5372718473368661E-015  -7.7655980604274255E-017   1.3265865398682839E-016  0.95906160102999061       -8.0720966197056099E-015  -9.3602643830337930E-016
   1.4894718040823862E-016  -6.5360741070531783E-017  -5.7038290771584307E-016  -8.6523935446532127E-003  -1.5394648440561397E-016   5.4069640144006662E-016  -5.3878770325220822E-015  0.60406181044184382       -2.2050297943040360E-014  -9.0505253877287016E-018   5.8277079146235135E-017  -2.1593791424147971E-014   1.5415480204639470E-016  -2.2183784911971387E-014   1.3900755790957566E-017   8.5735263543695394E-016  -8.0720966197056099E-015  0.59916008333421988      -0.22655426555177341     
   1.2099098151900213E-016   2.3445360374189513E-016   8.7612131550154128E-016   8.0727467865074759E-003  -1.0929192707437334E-016  -4.8686533341409762E-016  -2.0229920850179554E-015 -0.28309676514117160        2.6980262118397487E-015   6.9033265759540376E-017  -9.3986479798526934E-016   2.3802851051775635E-015  -1.7695586137266708E-016   5.5319967609389280E-015   1.3979458979797638E-016   2.0178814511488786E-016  -9.3602643830337930E-016 -0.22655426555177341        2.1024944549039648     
