   3.7336541010133130E-003  -2.7742535457930583E-017   5.1057937239421099E-017   5.1814498290129038E-017   2.8661947280088078E-002  -1.9361454058552557E-016  -4.3035287668228893E-017   9.0476291765407666E-017   4.9053463334021059E-002  -3.6970141819162449E-016   3.5223995806106826E-017   3.9572921003660237E-016  -2.0012584219410374E-019  -2.5368876936028769E-018  -8.1637005123104110E-019   6.0965630141657994E-018  -5.9933845549944326E-018  -6.5356582695999161E-018  -1.3215935381825847E-002  -8.5093171638487341E-016  -9.3880510250148075E-016   3.0403954869241270E-016   2.0960115673826526E-015
  -2.7742535457930583E-017   3.7336541010142064E-003  -7.3812063136284269E-017   3.1225935110811750E-017   3.7964542851739045E-017   2.8661947280091242E-002  -3.5096343806775854E-016  -7.6677561647186366E-017  -7.2782996198543539E-018   4.9053463334027089E-002  -5.9885351953875936E-016   1.1665733086903305E-016  -2.2397545704325038E-017  -2.1140273165120032E-018  -2.7222624881612781E-019  -2.0450352916055958E-017   3.3208468323510259E-019  -1.8452481987792213E-017  -1.8692788948128887E-016  -1.3215935381834930E-002  -1.3502688156557205E-015   4.2177379307472077E-016   6.0824991155815085E-016
   5.1057937239421099E-017  -7.3812063136284269E-017   3.7336541010134093E-003  -2.2895249778379967E-017   3.9830585813238331E-016  -2.1142572925833297E-016   2.8661947280088418E-002  -4.3905414221325167E-016   7.5090683062426654E-016  -3.5010383054485938E-016   4.9053463334021698E-002  -1.2767422485732860E-015  -3.7909362066695514E-018   3.2295827754887912E-019   4.2019547590406855E-018   5.6353330429951484E-019  -2.4984799181416518E-018  -3.0467153617787950E-018  -1.2385348841976886E-015  -4.9699689502718706E-016  -1.3215935381829812E-002  -6.8277732817206345E-016   2.5967991778060513E-015
   5.1814498290129038E-017   3.1225935110811750E-017  -2.2895249778379967E-017   6.9131333884137405E-005   4.1933456350574615E-016   2.5352805794316407E-016   8.7336713399362266E-017  -3.3543577564764688E-003   7.1826307212376393E-016   4.1157297626971492E-016  -1.8386561837885215E-016  -7.6877797834238601E-003   2.1736141133033305E-017   2.9916434809657742E-018  -2.3346727705286546E-018   1.0951289007079520E-017   2.9200002353071114E-018   9.0436739824022506E-018   6.9579846358969909E-017  -7.6082166729087228E-016  -1.1077225106282515E-014   9.4064016996117748E-003  -4.5406479228835908E-003
   2.8661947280088078E-002   3.7964542851739045E-017   3.9830585813238331E-016   4.1933456350574615E-016  0.22147501084317173        1.7570640857659263E-016  -7.6308643372957628E-016  -4.6652279427195793E-016  0.37719886215878967        3.0341249125078056E-016  -8.1907095588570762E-017   2.8089843098355136E-016   8.3142752234196637E-018  -3.5402216149922674E-018   1.6847023708863978E-017   4.7667046539780234E-017  -5.3471200716120229E-017  -5.9269213877221724E-017 -0.15548914551817000        5.7829476878588923E-016   1.1944743213941086E-015  -1.0700109973251217E-017  -1.5100382862531072E-015
  -1.9361454058552557E-016   2.8661947280091242E-002  -2.1142572925833297E-016   2.5352805794316407E-016   1.7570640857659263E-016  0.22147501084316390       -4.0686248934001886E-016  -3.3963295928454829E-016  -1.5612888367859770E-016  0.37719886215878407       -2.5597850351588432E-016   1.4211916160669161E-015  -1.6686561661452904E-016   6.6516244295493159E-018  -5.3759417688266494E-018  -1.7578705597783984E-016   3.6399904789533828E-018  -1.4524206998531547E-016   4.6563553985976511E-016 -0.15548914551815585       -1.8205914409873322E-019   5.2588538536501482E-017  -1.4942935191205635E-015
  -4.3035287668228893E-017  -3.5096343806775854E-016   2.8661947280088418E-002   8.7336713399362266E-017  -7.6308643372957628E-016  -4.0686248934001886E-016  0.22147501084316942        1.4401879638855184E-015  -3.4613039709366405E-016  -4.8498894658144071E-016  0.37719886215878756        3.8801025019121259E-015  -5.1835324619679864E-017   2.8809683620267025E-017   3.4631473685337757E-017  -1.3157433888152046E-017  -3.1421406458349481E-017  -4.3097765259219529E-017   1.7623874308619756E-015   4.6708015234549514E-016 -0.15548914551816467       -8.2501116409930086E-016  -1.8448679843250851E-016
   9.0476291765407666E-017  -7.6677561647186366E-017  -4.3905414221325167E-016  -3.3543577564764688E-003  -4.6652279427195793E-016  -3.3963295928454829E-016   1.4401879638855184E-015  0.21301544534343780       -4.4092637486543552E-016  -1.3341292487210831E-015   1.7733171180418637E-016  0.50351743786934444       -3.3224646301173172E-016  -7.3592666589843415E-017   7.3102892753654370E-017   3.2135404994002458E-016  -5.9053898873381118E-017   3.5905586862706921E-016  -7.7142675674601620E-016  -1.6536710638360029E-016   2.0306378273157717E-014 -0.25442725762665430        6.2505766230085746E-002
   4.9053463334021059E-002  -7.2782996198543539E-018   7.5090683062426654E-016   7.1826307212376393E-016  0.37719886215878967       -1.5612888367859770E-016  -3.4613039709366405E-016  -4.4092637486543552E-016  0.64475039175648130       -3.3652144964777087E-016   1.2436903325846314E-015   1.4056732231250023E-015   1.6768870682221896E-018  -2.6364316124885530E-017  -6.2133316961911769E-019   8.0476333168694646E-017  -8.2004293016308124E-017  -8.9843603395626093E-017 -0.19725493073778741       -2.4512568804906996E-017  -2.0237551168468098E-015  -5.7708107720437034E-016  -5.8377941641225291E-016
  -3.6970141819162449E-016   4.9053463334027089E-002  -3.5010383054485938E-016   4.1157297626971492E-016   3.0341249125078056E-016  0.37719886215878407       -4.8498894658144071E-016  -1.3341292487210831E-015  -3.3652144964777087E-016  0.64475039175648319       -6.0820138264098125E-017   5.3251534135091096E-016  -2.9204582597437318E-016  -1.7772383258514504E-017  -5.0131046409613580E-018  -2.7689772542436505E-016   4.8397890177234460E-018  -2.4400111916679625E-016  -9.0894117364754094E-017 -0.19725493073779399        1.5270926630732621E-015  -1.8676683919650605E-015   1.9113859126178065E-015
   3.5223995806106826E-017  -5.9885351953875936E-016   4.9053463334021698E-002  -1.8386561837885215E-016  -8.1907095588570762E-017  -2.5597850351588432E-016  0.37719886215878756        1.7733171180418637E-016   1.2436903325846314E-015  -6.0820138264098125E-017  0.64475039175648019       -8.7326719171865753E-016  -5.9744062526006741E-017   1.5753447120246639E-017   5.6244120885670594E-017  -2.3909798414161084E-019  -3.8176862870829087E-017  -4.8644212753489253E-017  -1.3578564948867403E-015  -6.5511966889674898E-016 -0.19725493073779002        1.0537090380852722E-015  -4.2492149945533921E-015
   3.9572921003660237E-016   1.1665733086903305E-016  -1.2767422485732860E-015  -7.6877797834238601E-003   2.8089843098355136E-016   1.4211916160669161E-015   3.8801025019121259E-015  0.50351743786934444        1.4056732231250023E-015   5.3251534135091096E-016  -8.7326719171865753E-016   1.1937937441825668       -5.3565305588866579E-016  -1.4951945725536475E-016   1.5354251119764788E-016   1.0022358543301045E-015  -1.1002194083548571E-016   1.0701207018306531E-015   6.4032056140113492E-016  -1.8051242563788294E-016  -1.3044257939299024E-014 -0.51835736365847573       0.10205954823266379     
  -2.0012584219410374E-019  -2.2397545704325038E-017  -3.7909362066695514E-018   2.1736141133033305E-017   8.3142752234196637E-018  -1.6686561661452904E-016  -5.1835324619679864E-017  -3.3224646301173172E-016   1.6768870682221896E-018  -2.9204582597437318E-016  -5.9744062526006741E-017  -5.3565305588866579E-016   1.8737732363801658E-029   1.3199641478603577E-030  -1.4948190429568734E-030   1.7011655747514293E-029   2.2762904233916083E-030   1.5338740680705258E-029  -3.6705375983391981E-016  -1.1009528133364645E-016   8.6215866232641760E-016   6.3901348501245606E-015  -2.5644290754548003E-015
  -2.5368876936028769E-018  -2.1140273165120032E-018   3.2295827754887912E-019   2.9916434809657742E-018  -3.5402216149922674E-018   6.6516244295493159E-018   2.8809683620267025E-017  -7.3592666589843415E-017  -2.6364316124885530E-017  -1.7772383258514504E-017   1.5753447120246639E-017  -1.4951945725536475E-016   1.3199641478603577E-030   1.4538476022693804E-030   2.2311174257773690E-031   6.3652129452804030E-031  -5.1203670471893968E-032   7.1163052225743713E-031  -5.8592303153626895E-016  -8.4673108758449238E-016  -9.8416655158286973E-016   4.4841429314105661E-016  -9.4798434506912264E-016
  -8.1637005123104110E-019  -2.7222624881612781E-019   4.2019547590406855E-018  -2.3346727705286546E-018   1.6847023708863978E-017  -5.3759417688266494E-018   3.4631473685337757E-017   7.3102892753654370E-017  -6.2133316961911769E-019  -5.0131046409613580E-018   5.6244120885670594E-017   1.5354251119764788E-016  -1.4948190429568734E-030   2.2311174257773690E-031   5.8541510855534452E-031  -1.3230073866452522E-030  -3.1539538156825730E-031  -1.3218911467427839E-030  -8.6005090737429677E-016   1.2364927996180580E-016  -1.0352513937842111E-016  -6.4209723123166000E-016  -6.9014704069734744E-017
   6.0965630141657994E-018  -2.0450352916055958E-017   5.6353330429951484E-019   1.0951289007079520E-017   4.7667046539780234E-017  -1.7578705597783984E-016  -1.3157433888152046E-017   3.2135404994002458E-016   8.0476333168694646E-017  -2.7689772542436505E-016  -2.3909798414161084E-019   1.0022358543301045E-015   1.7011655747514293E-029   6.3652129452804030E-031  -1.3230073866452522E-030   1.7792442553756726E-029   2.0069893855855747E-030   1.6042131421023452E-029  -5.3906715906606417E-017   7.7415294080452978E-016   6.5073518698618312E-016   5.4664066427945786E-015  -2.2224044974467444E-015
  -5.9933845549944326E-018   3.3208468323510259E-019  -2.4984799181416518E-018   2.9200002353071114E-018  -5.3471200716120229E-017   3.6399904789533828E-018  -3.1421406458349481E-017  -5.9053898873381118E-017  -8.2004293016308124E-017   4.8397890177234460E-018  -3.8176862870829087E-017  -1.1002194083548571E-016   2.2762904233916083E-030  -5.1203670471893968E-032  -3.1539538156825730E-031   2.0069893855855747E-030   4.1396945030246828E-031   1.9330635492090757E-030   2.9980535513200590E-016  -4.1895521521618133E-017   4.6586749994700173E-016   7.4306966598576781E-016  -4.2202422799584886E-016
  -6.5356582695999161E-018  -1.8452481987792213E-017  -3.0467153617787950E-018   9.0436739824022506E-018  -5.9269213877221724E-017  -1.4524206998531547E-016  -4.3097765259219529E-017   3.5905586862706921E-016  -8.9843603395626093E-017  -2.4400111916679625E-016  -4.8644212753489253E-017   1.0701207018306531E-015   1.5338740680705258E-029   7.1163052225743713E-031  -1.3218911467427839E-030   1.6042131421023452E-029   1.9330635492090757E-030   1.4777635883808200E-029   3.6277237917002223E-016   1.9930291765530746E-016   7.4660970211683504E-016   4.8187662416706543E-015  -2.2833252026301033E-015
  -1.3215935381825847E-002  -1.8692788948128887E-016  -1.2385348841976886E-015   6.9579846358969909E-017 -0.15548914551817000        4.6563553985976511E-016   1.7623874308619756E-015  -7.7142675674601620E-016 -0.19725493073778741       -9.0894117364754094E-017  -1.3578564948867403E-015   6.4032056140113492E-016  -3.6705375983391981E-016  -5.8592303153626895E-016  -8.6005090737429677E-016  -5.3906715906606417E-017   2.9980535513200590E-016   3.6277237917002223E-016   2.0641303884137399        2.9129251297838600E-016   3.9948840766807253E-016   6.7906354572297533E-016  -2.6124574232678238E-017
  -8.5093171638487341E-016  -1.3215935381834930E-002  -4.9699689502718706E-016  -7.6082166729087228E-016   5.7829476878588923E-016 -0.15548914551815585        4.6708015234549514E-016  -1.6536710638360029E-016  -2.4512568804906996E-017 -0.19725493073779399       -6.5511966889674898E-016  -1.8051242563788294E-016  -1.1009528133364645E-016  -8.4673108758449238E-016   1.2364927996180580E-016   7.7415294080452978E-016  -4.1895521521618133E-017   1.9930291765530746E-016   2.9129251297838600E-016   2.0641303884137443       -2.3656529073981154E-015   1.1740406511524208E-015  -1.6070118280913005E-016
  -9.3880510250148075E-016  -1.3502688156557205E-015  -1.3215935381829812E-002  -1.1077225106282515E-014   1.1944743213941086E-015  -1.8205914409873322E-019 -0.15548914551816467        2.0306378273157717E-014  -2.0237551168468098E-015   1.5270926630732621E-015 -0.19725493073779002       -1.3044257939299024E-014   8.6215866232641760E-016  -9.8416655158286973E-016  -1.0352513937842111E-016   6.5073518698618312E-016   4.6586749994700173E-016   7.4660970211683504E-016   3.9948840766807253E-016  -2.3656529073981154E-015   2.0641303884137407        1.7542527335602914E-016  -9.3324620502437819E-016
   3.0403954869241270E-016   4.2177379307472077E-016  -6.8277732817206345E-016   9.4064016996117748E-003  -1.0700109973251217E-017   5.2588538536501482E-017  -8.2501116409930086E-016 -0.25442725762665430       -5.7708107720437034E-016  -1.8676683919650605E-015   1.0537090380852722E-015 -0.51835736365847573        6.3901348501245606E-015   4.4841429314105661E-016  -6.4209723123166000E-016   5.4664066427945786E-015   7.4306966598576781E-016   4.8187662416706543E-015   6.7906354572297533E-016   1.1740406511524208E-015   1.7542527335602914E-016   2.3899055537844998      -0.61421687068909503     
   2.0960115673826526E-015   6.0824991155815085E-016   2.5967991778060513E-015  -4.5406479228835908E-003  -1.5100382862531072E-015  -1.4942935191205635E-015  -1.8448679843250851E-016   6.2505766230085746E-002  -5.8377941641225291E-016   1.9113859126178065E-015  -4.2492149945533921E-015  0.10205954823266379       -2.5644290754548003E-015  -9.4798434506912264E-016  -6.9014704069734744E-017  -2.2224044974467444E-015  -4.2202422799584886E-016  -2.2833252026301033E-015  -2.6124574232678238E-017  -1.6070118280913005E-016  -9.3324620502437819E-016 -0.61421687068909503        2.1581385075614197     
