  0.14305359729789807        1.1718700825263251E-017  -2.6085226643643344E-017   9.0888851031290193E-017  -4.1843678161128417E-019  -5.9994807952189069E-019  -7.7625134807676502E-019   9.8506373085362410E-020   3.3686792779857426E-019   3.1993040853116220E-019  0.10469265448501176        1.0614593378517266E-017  -2.0545631168600349E-017   8.8184339176498973E-017   3.2562235806428643E-016
   1.1718700825263251E-017  0.14305359729789799       -6.3995033230956887E-017  -8.2880071244874514E-018   8.9190530084618840E-020   4.0164868640294356E-019  -2.6660998913815125E-019  -2.3859890307269263E-019  -2.4952595147067276E-019   1.4940837298801573E-019   9.9202381200055489E-018  0.10469265448501147       -4.3078966320090701E-017  -7.5654464448149652E-018   4.3842364620015884E-017
  -2.6085226643643344E-017  -6.3995033230956887E-017  0.14305359729789791       -1.8716611638600246E-017  -3.8272779874750501E-018   9.6304365280394156E-019   1.7045294056440028E-019  -4.0197994633946818E-018  -2.3110621063502847E-019  -3.3330549328656474E-018  -1.8990478677441414E-017  -4.2580910947105173E-017  0.10469265448501139       -1.4209995701773787E-017   5.6811573979509558E-016
   9.0888851031290193E-017  -8.2880071244874514E-018  -1.8716611638600246E-017  0.60861508362073025        3.9622055734089797E-015  -5.3616899093011507E-017  -2.3146886485168034E-016   3.6320558236054147E-015  -1.1891335278209736E-016   3.6041997840108825E-015   3.1258075484302058E-016  -9.7937807749693836E-018  -4.0478295113682602E-016  0.57792956647975768        7.2433693901848362E-003
  -4.1843678161128417E-019   8.9190530084618840E-020  -3.8272779874750501E-018   3.9622055734089797E-015   2.6732605066089922E-029  -5.3544914648770510E-031  -2.0469656252878778E-030   2.4566817293722568E-029  -2.8329630223831708E-031   2.4659377887278770E-029  -3.0622968054145050E-019   6.5273390714070749E-020  -2.8009634118239288E-018   3.7651552904293083E-015   1.4172191146803154E-015
  -5.9994807952189069E-019   4.0164868640294356E-019   9.6304365280394156E-019  -5.3616899093011507E-017  -5.3544914648770510E-031   4.1772437204376684E-032   1.2772554552417143E-031  -5.0309910656625664E-031  -8.7078827804105222E-032  -5.5508060425202074E-031  -4.3906730193952148E-019   2.9394344458446070E-019   7.0479595271581584E-019  -5.1453894729149148E-017  -2.7292401758080186E-016
  -7.7625134807676502E-019  -2.6660998913815125E-019   1.7045294056440028E-019  -2.3146886485168034E-016  -2.0469656252878778E-030   1.2772554552417143E-031   3.9905640449235777E-031  -1.9119314044507151E-030  -2.3745743733346440E-031  -2.0590940905853847E-030  -5.6809346785242781E-019  -1.9511643189906833E-019   1.2474464920542027E-019  -2.2136415299737123E-016  -7.9177836461020915E-016
   9.8506373085362410E-020  -2.3859890307269263E-019  -4.0197994633946818E-018   3.6320558236054147E-015   2.4566817293722568E-029  -5.0309910656625664E-031  -1.9119314044507151E-030   2.2580414238192190E-029  -2.2739907061611971E-031   2.2683279258374025E-029   7.2091117434207583E-020  -1.7461673800400034E-019  -2.9418587457412926E-018   3.4516035368918991E-015   1.3892555914669524E-015
   3.3686792779857426E-019  -2.4952595147067276E-019  -2.3110621063502847E-019  -1.1891335278209736E-016  -2.8329630223831708E-031  -8.7078827804105222E-032  -2.3745743733346440E-031  -2.2739907061611971E-031   2.8016018875139103E-031  -7.8575638727731157E-032   2.4653415389924788E-019  -1.8261361277034744E-019  -1.6913326974205357E-019  -1.1149493541914562E-016   7.1571744614965491E-016
   3.1993040853116220E-019   1.4940837298801573E-019  -3.3330549328656474E-018   3.6041997840108825E-015   2.4659377887278770E-029  -5.5508060425202074E-031  -2.0590940905853847E-030   2.2683279258374025E-029  -7.8575638727731157E-032   2.2867441180184475E-029   2.3413856311516621E-019   1.0934334728978398E-019  -2.4392701411050733E-018   3.4259460784459388E-015   1.7891343540847541E-015
  0.10469265448501176        9.9202381200055489E-018  -1.8990478677441414E-017   3.1258075484302058E-016  -3.0622968054145050E-019  -4.3906730193952148E-019  -5.6809346785242781E-019   7.2091117434207583E-020   2.4653415389924788E-019   2.3413856311516621E-019   7.6618499011203114E-002   8.7516855831893017E-018  -1.4962837013247422E-017   2.9780408278690007E-016   4.4094625778439040E-017
   1.0614593378517266E-017  0.10469265448501147       -4.2580910947105173E-017  -9.7937807749693836E-018   6.5273390714070749E-020   2.9394344458446070E-019  -1.9511643189906833E-019  -1.7461673800400034E-019  -1.8261361277034744E-019   1.0934334728978398E-019   8.7516855831893017E-018   7.6618499011202726E-002  -2.8415131937224254E-017  -9.1074241965943392E-018   1.6711722235919745E-017
  -2.0545631168600349E-017  -4.3078966320090701E-017  0.10469265448501139       -4.0478295113682602E-016  -2.8009634118239288E-018   7.0479595271581584E-019   1.2474464920542027E-019  -2.9418587457412926E-018  -1.6913326974205357E-019  -2.4392701411050733E-018  -1.4962837013247422E-017  -2.8415131937224254E-017   7.6618499011202684E-002  -3.8231278120405692E-016   1.3598288133456620E-016
   8.8184339176498973E-017  -7.5654464448149652E-018  -1.4209995701773787E-017  0.57792956647975768        3.7651552904293083E-015  -5.1453894729149148E-017  -2.2136415299737123E-016   3.4516035368918991E-015  -1.1149493541914562E-016   3.4259460784459388E-015   2.9780408278690007E-016  -9.1074241965943392E-018  -3.8231278120405692E-016  0.54879905109473637        1.0849993734675498E-002
   3.2562235806428643E-016   4.3842364620015884E-017   5.6811573979509558E-016   7.2433693901848362E-003   1.4172191146803154E-015  -2.7292401758080186E-016  -7.9177836461020915E-016   1.3892555914669524E-015   7.1571744614965491E-016   1.7891343540847541E-015   4.4094625778439040E-017   1.6711722235919745E-017   1.3598288133456620E-016   1.0849993734675498E-002   2.0017580008600229     
