   9.0450641428542194E-032  -7.1051115423883866E-033  -3.2046590604639890E-031   2.2880119384780112E-016   1.9337648178409915E-016   1.3382739715132710E-031  -2.0091438447500045E-033  -7.4106744253501985E-032  -4.2000068909976585E-031  -4.4934517705304113E-032  -7.7711845664910250E-033  -3.5862769362279659E-031   3.4902196916937522E-033  -4.0851365837017290E-031   1.5676757859480611E-016
  -7.1051115423883866E-033   1.1467057712068373E-032   7.3635864176610007E-032  -5.0051193164468506E-017  -4.1797538266942672E-017  -5.9416768488074490E-032  -1.4788266098771614E-033  -1.8491103431899272E-032   1.5594947710845389E-031  -5.1119322016290008E-032  -1.2386329686658186E-032   1.5696711080018764E-031  -1.3774640324092010E-033   1.4168949423852063E-031   1.2509826936870567E-016
  -3.2046590604639890E-031   7.3635864176610007E-032   1.3507009541389993E-030  -9.5314748207259652E-016  -8.0333348376751542E-016  -6.9140487493145077E-031  -1.5237049913998863E-034   1.5455289440360809E-031   2.0342926443990732E-030  -8.3573537083839810E-032  -3.0204412418093772E-032   1.8427864794828470E-030  -1.7267183086793173E-032   1.9342533553425958E-030   5.5024349653282786E-017
   2.2880119384780112E-016  -5.0051193164468506E-017  -9.5314748207259652E-016  0.67309660001045324       0.56739966722525215        4.8233151898701564E-016  -2.6961144320551526E-019  -1.1596633299183657E-016  -1.4239840372045556E-015   4.7033487618352448E-017   1.8559974946361540E-017  -1.2859055766247606E-015   1.2073064875178936E-017  -1.3556478937387381E-015  -7.5151619571624728E-003
   1.9337648178409915E-016  -4.1797538266942672E-017  -8.0333348376751542E-016  0.56739966722525215       0.47832046402892020        4.0539234355153457E-016  -3.0353571453126895E-019  -9.9135596090124382E-017  -1.1978274642040134E-015   3.7224812123678478E-017   1.5085498469511250E-017  -1.0808574052268530E-015   1.0152813642021395E-017  -1.1406892003040737E-015   1.4205553852139197E-006
   1.3382739715132710E-031  -5.9416768488074490E-032  -6.9140487493145077E-031   4.8233151898701564E-016   4.0539234355153457E-016   4.1724206657401821E-031   4.3643794312327973E-033  -6.5423831439292583E-034  -1.1726305355553498E-030   1.7850596690014367E-031   4.6766058116558712E-032  -1.1079996693432356E-030   1.0110043730451417E-032  -1.0957529525656640E-030  -3.8406824074481685E-016
  -2.0091438447500045E-033  -1.4788266098771614E-033  -1.5237049913998863E-034  -2.6961144320551526E-019  -3.0353571453126895E-019   4.3643794312327973E-033   2.9017217277286019E-034   5.2936475373644016E-033  -9.1177954672494594E-033   9.1970177817974048E-033   2.1225030624723204E-033  -1.1357008954019976E-032   8.7999299693348896E-035  -7.3689259536137180E-033  -2.4098023178062752E-017
  -7.4106744253501985E-032  -1.8491103431899272E-032   1.5455289440360809E-031  -1.1596633299183657E-016  -9.9135596090124382E-017  -6.5423831439292583E-034   5.2936475373644016E-033   1.1490021239781029E-031   7.0078087307565423E-032   1.5860952067048743E-031   3.5332437496571809E-032   6.7824837342702055E-033  -4.0067335762435398E-034   9.0436424686359663E-032  -4.3468758753944522E-016
  -4.2000068909976585E-031   1.5594947710845389E-031   2.0342926443990732E-030  -1.4239840372045556E-015  -1.1978274642040134E-015  -1.1726305355553498E-030  -9.1177954672494594E-033   7.0078087307565423E-032   3.3361264386249325E-030  -4.0731342765653554E-031  -1.1040511353365840E-031   3.1169542770890015E-030  -2.8642139968765618E-032   3.1322297494493797E-030   8.2087622040030434E-016
  -4.4934517705304113E-032  -5.1119322016290008E-032  -8.3573537083839810E-032   4.7033487618352448E-017   3.7224812123678478E-017   1.7850596690014367E-031   9.1970177817974048E-033   1.5860952067048743E-031  -4.0731342765653554E-031   2.9609077551247358E-031   6.8968816686935524E-032  -4.6705160202402822E-031   3.7931614527580237E-033  -3.4610397577763983E-031  -7.6625802472614389E-016
  -7.7711845664910250E-033  -1.2386329686658186E-032  -3.0204412418093772E-032   1.8559974946361540E-017   1.5085498469511250E-017   4.6766058116558712E-032   2.1225030624723204E-033   3.5332437496571809E-032  -1.1040511353365840E-031   6.8968816686935524E-032   1.6151873953255683E-032  -1.2263412555215191E-031   1.0145905639179573E-033  -9.5477892172445981E-032  -1.7718078466204862E-016
  -3.5862769362279659E-031   1.5696711080018764E-031   1.8427864794828470E-030  -1.2859055766247606E-015  -1.0808574052268530E-015  -1.1079996693432356E-030  -1.1357008954019976E-032   6.7824837342702055E-033   3.1169542770890015E-030  -4.6705160202402822E-031  -1.2263412555215191E-031   2.9425501318011451E-030  -2.6864442061532841E-032   2.9137026051736322E-030   1.0007922792507332E-015
   3.4902196916937522E-033  -1.3774640324092010E-033  -1.7267183086793173E-032   1.2073064875178936E-017   1.0152813642021395E-017   1.0110043730451417E-032   8.7999299693348896E-035  -4.0067335762435398E-034  -2.8642139968765618E-032   3.7931614527580237E-033   1.0145905639179573E-033  -2.6864442061532841E-032   2.4626170740892410E-034  -2.6847934609496134E-032  -7.8483464925729744E-018
  -4.0851365837017290E-031   1.4168949423852063E-031   1.9342533553425958E-030  -1.3556478937387381E-015  -1.1406892003040737E-015  -1.0957529525656640E-030  -7.3689259536137180E-033   9.0436424686359663E-032   3.1322297494493797E-030  -3.4610397577763983E-031  -9.5477892172445981E-032   2.9137026051736322E-030  -2.6847934609496134E-032   2.9461479122594095E-030   6.7252775529615565E-016
   1.5676757859480611E-016   1.2509826936870567E-016   5.5024349653282786E-017  -7.5151619571624728E-003   1.4205553852139197E-006  -3.8406824074481685E-016  -2.4098023178062752E-017  -4.3468758753944522E-016   8.2087622040030434E-016  -7.6625802472614389E-016  -1.7718078466204862E-016   1.0007922792507332E-015  -7.8483464925729744E-018   6.7252775529615565E-016   2.0026056024676886     
