  0.33243375405961456        3.7301072242553254E-017   1.6825010713354216E-016  -2.0369582493518430E-016  0.43377825009788340        4.4429701526645514E-017   3.2813378750273752E-016  -2.1945002871176030E-016   1.2876398048585237E-017  -7.4240467231592991E-019  -1.5190034045091146E-017  -1.6559653839116298E-018   7.8767422000405838E-019  -1.1220432664677658E-017   6.3676112103798608E-017
   3.7301072242553254E-017  0.33243375405961456        3.4487793480406107E-016   1.0079721777588235E-017   2.7150229402655854E-018  0.43377825009788429        2.1912177656837585E-017   1.0919516210271040E-016   7.6790230945410852E-017  -3.2349076127774056E-017   2.1827473043318115E-018   1.5965689207181203E-016  -3.5337493013247127E-018   7.7824681694489910E-017  -6.9760908890459206E-016
   1.6825010713354216E-016   3.4487793480406107E-016  0.33243375405961384        4.7202260573746864E-016   2.7981451068230052E-016   4.0334805446439366E-016  0.43377825009788357       -2.9745886354112966E-016  -1.1144269508447120E-016   1.2668964172626908E-017   9.6652363502566352E-019  -1.1441937310110980E-016   1.6243446229647027E-018  -1.1569649742276127E-016  -4.8124230464873097E-016
  -2.0369582493518430E-016   1.0079721777588235E-017   4.7202260573746864E-016  0.62031134843866675       -1.9356953499931829E-016  -1.0740850803005162E-016   1.4685671771272871E-015  0.58468193529846069       -1.2892171527578396E-015  -8.5741985251900532E-017   1.0357445852413890E-018  -1.3697039332732346E-015  -1.8998581086843335E-017  -1.4704667061643891E-015   3.0742536847029149E-003
  0.43377825009788340        2.7150229402655854E-018   2.7981451068230052E-016  -1.9356953499931829E-016  0.56601824562086722       -1.9922214919421094E-018   5.0682837556455668E-016  -2.1798496643918185E-016   1.6801848021959324E-017  -9.6873135080004120E-019  -1.9820810331508346E-017  -2.1607967232085304E-018   1.0278016014562192E-018  -1.4641051298756674E-017   2.8056693094819143E-016
   4.4429701526645514E-017  0.43377825009788429        4.0334805446439366E-016  -1.0740850803005162E-016  -1.9922214919421094E-018  0.56601824562086944       -3.2291154703859710E-017   3.0971652047880112E-017   1.0020021010904759E-016  -4.2210893038474955E-017   2.8481713860775172E-018   2.0832928790545748E-016  -4.6110347384831808E-018   1.0155001959821109E-016   5.3309305268491648E-016
   3.2813378750273752E-016   2.1912177656837585E-017  0.43377825009788357        1.4685671771272871E-015   5.0682837556455668E-016  -3.2291154703859710E-017  0.56601824562086889        4.1613523427108489E-016  -1.4541669330986673E-016   1.6531176639690343E-017   1.2611743722164013E-018  -1.4930083012026678E-016   2.1195361767601180E-018  -1.5096729372884518E-016  -2.1245715122396887E-016
  -2.1945002871176030E-016   1.0919516210271040E-016  -2.9745886354112966E-016  0.58468193529846069       -2.1798496643918185E-016   3.0971652047880112E-017   4.1613523427108489E-016  0.55110333265116007       -1.2150242199885735E-015  -8.0880457509873086E-017   9.6222342278654753E-019  -1.2911206108817566E-015  -1.7926647670391178E-017  -1.3861867023866436E-015   5.8413828741662021E-003
   1.2876398048585237E-017   7.6790230945410852E-017  -1.1144269508447120E-016  -1.2892171527578396E-015   1.6801848021959324E-017   1.0020021010904759E-016  -1.4541669330986673E-016  -1.2150242199885735E-015   2.7397448495597007E-030   1.6436246284787249E-031  -3.0239620311188961E-033   2.9189216108119332E-030   3.7517859245784784E-032   3.1064940812236607E-030   9.0787587750301591E-017
  -7.4240467231592991E-019  -3.2349076127774056E-017   1.2668964172626908E-017  -8.5741985251900532E-017  -9.6873135080004120E-019  -4.2210893038474955E-017   1.6531176639690343E-017  -8.0880457509873086E-017   1.6436246284787249E-031   1.6409818299522397E-032  -7.9652170385064792E-035   1.7074428504695550E-031   3.3123835926144246E-033   1.9393748235165957E-031  -4.3469971632806205E-017
  -1.5190034045091146E-017   2.1827473043318115E-018   9.6652363502566352E-019   1.0357445852413890E-018  -1.9820810331508346E-017   2.8481713860775172E-018   1.2611743722164013E-018   9.6222342278654753E-019  -3.0239620311188961E-033  -7.9652170385064792E-035   7.5841652911449750E-034  -1.2051789643201708E-033  -2.3637400081859417E-035  -1.1827916355917635E-033  -9.5331265249155176E-018
  -1.6559653839116298E-018   1.5965689207181203E-016  -1.1441937310110980E-016  -1.3697039332732346E-015  -2.1607967232085304E-018   2.0832928790545748E-016  -1.4930083012026678E-016  -1.2911206108817566E-015   2.9189216108119332E-030   1.7074428504695550E-031  -1.2051789643201708E-033   3.1423556027137005E-030   4.0090245549207620E-032   3.3279177981202604E-030  -6.7746717176186074E-017
   7.8767422000405838E-019  -3.5337493013247127E-018   1.6243446229647027E-018  -1.8998581086843335E-017   1.0278016014562192E-018  -4.6110347384831808E-018   2.1195361767601180E-018  -1.7926647670391178E-017   3.7517859245784784E-032   3.3123835926144246E-033  -2.3637400081859417E-035   4.0090245549207620E-032   7.1532621800240239E-034   4.4422737201422569E-032  -1.3219294081507816E-017
  -1.1220432664677658E-017   7.7824681694489910E-017  -1.1569649742276127E-016  -1.4704667061643891E-015  -1.4641051298756674E-017   1.0155001959821109E-016  -1.5096729372884518E-016  -1.3861867023866436E-015   3.1064940812236607E-030   1.9393748235165957E-031  -1.1827916355917635E-033   3.3279177981202604E-030   4.4422737201422569E-032   3.5521811431093249E-030  -1.3006131220899589E-016
   6.3676112103798608E-017  -6.9760908890459206E-016  -4.8124230464873097E-016   3.0742536847029149E-003   2.8056693094819143E-016   5.3309305268491648E-016  -2.1245715122396887E-016   5.8413828741662021E-003   9.0787587750301591E-017  -4.3469971632806205E-017  -9.5331265249155176E-018  -6.7746717176186074E-017  -1.3219294081507816E-017  -1.3006131220899589E-016   2.0012711818565663     
