   5.3568285549930063E-004  -7.6032267296519525E-018   9.7566415207226394E-018  -3.1687109017102038E-018  -4.3032668683826662E-003  -1.2058593490306441E-002   3.1571435959978358E-018   5.9335858615882550E-019   2.0726691789567094E-019  -1.0386939826841930E-002  -6.7241997241224728E-019  -4.7364588631132523E-020  -3.1089451920894948E-019
  -7.6032267296519525E-018   1.0791657061454974E-031  -1.3848111217381924E-031   4.4975169877270815E-032   6.1078515660196355E-017   1.7115391953705088E-016  -4.4810989061925596E-032  -8.4218485177134124E-033  -2.9418476886815341E-033   1.4742726544257321E-016   9.5440080923092034E-033   6.7227036038614819E-034   4.4126883925536852E-033
   9.7566415207226394E-018  -1.3848111217381924E-031   1.7770225943699868E-031  -5.7713208540109065E-032  -7.8377405160145595E-017  -2.1962878356332455E-016   5.7502527809826998E-032   1.0807116484992747E-032   3.7750489795463570E-033  -1.8918217625866490E-016  -1.2247098362118609E-032  -8.6267332864278764E-034  -5.6624667814911967E-033
  -3.1687109017102038E-018   4.4975169877270815E-032  -5.7713208540109065E-032   1.8743793413470931E-032   2.5455002897381854E-017   7.1329885322558360E-017  -1.8675369629999215E-032  -3.5098786554076647E-033  -1.2260406237711739E-033   6.1441595762933453E-017   3.9775484229831661E-033   2.8017452268581097E-034   1.8390262861429893E-033
  -4.3032668683826662E-003   6.1078515660196355E-017  -7.8377405160145595E-017   2.5455002897381854E-017   3.4569158879015377E-002   9.6869528888998288E-002  -2.5362079999220238E-017  -4.7665896316724463E-018  -1.6650240931472103E-018   8.3440740284792675E-002   5.4017084161174687E-018   3.8049092461797668E-019   2.4974890839592631E-018
  -1.2058593490306441E-002   1.7115391953705088E-016  -2.1962878356332455E-016   7.1329885322558360E-017   9.6869528888998288E-002  0.27144732274272065       -7.1069497229246069E-017  -1.3356914284298180E-017  -4.6657224162289433E-018  0.23381723662486026        1.5136641053267660E-017   1.0662098185054995E-018   6.9984517649172428E-018
   3.1571435959978358E-018  -4.4810989061925596E-032   5.7502527809826998E-032  -1.8675369629999215E-032  -2.5362079999220238E-017  -7.1069497229246069E-017   1.8607195625963353E-032   3.4970659247169278E-033   1.2215649908873760E-033  -6.1217304641499183E-017  -3.9630284746440604E-033  -2.7915175208374236E-034  -1.8323129633045394E-033
   5.9335858615882550E-019  -8.4218485177134124E-033   1.0807116484992747E-032  -3.5098786554076647E-033  -4.7665896316724463E-018  -1.3356914284298180E-017   3.4970659247169278E-033   6.5724412897298717E-034   2.2958286623797546E-034  -1.1505277547901233E-017  -7.4481787131977463E-034  -5.2464224037873598E-035  -3.4436781104447896E-034
   2.0726691789567094E-019  -2.9418476886815341E-033   3.7750489795463570E-033  -1.2260406237711739E-033  -1.6650240931472103E-018  -4.6657224162289433E-018   1.2215649908873760E-033   2.2958286623797546E-034   8.0195912213634187E-035  -4.0189245972239849E-018  -2.6017337270104311E-034  -1.8326351501058989E-035  -1.2029160187893964E-034
  -1.0386939826841930E-002   1.4742726544257321E-016  -1.8918217625866490E-016   6.1441595762933453E-017   8.3440740284792675E-002  0.23381723662486026       -6.1217304641499183E-017  -1.1505277547901233E-017  -4.0189245972239849E-018  0.20140371837339105        1.3038285097443896E-017   9.1840372896783366E-019   6.0282733157632793E-018
  -6.7241997241224728E-019   9.5440080923092034E-033  -1.2247098362118609E-032   3.9775484229831661E-033   5.4017084161174687E-018   1.5136641053267660E-017  -3.9630284746440604E-033  -7.4481787131977463E-034  -2.6017337270104311E-034   1.3038285097443896E-017   8.4406027681704984E-034   5.9454759572205781E-035   3.9025270621130340E-034
  -4.7364588631132523E-020   6.7227036038614819E-034  -8.6267332864278764E-034   2.8017452268581097E-034   3.8049092461797668E-019   1.0662098185054995E-018  -2.7915175208374236E-034  -5.2464224037873598E-035  -1.8326351501058989E-035   9.1840372896783366E-019   5.9454759572205781E-035   4.1879336498558839E-036   2.7489009324893064E-035
  -3.1089451920894948E-019   4.4126883925536852E-033  -5.6624667814911967E-033   1.8390262861429893E-033   2.4974890839592631E-018   6.9984517649172428E-018  -1.8323129633045394E-033  -3.4436781104447896E-034  -1.2029160187893964E-034   6.0282733157632793E-018   3.9025270621130340E-034   2.7489009324893064E-035   1.8043400322019460E-034
