   1.2621295495719492E-005  -1.1850659588824128E-018  -1.6910647462256483E-018  -9.8854675785358532E-019   1.1516731792631112E-004   9.4297731207096801E-019   4.7056517442492311E-019   9.0199658209249162E-019   2.4964435314090510E-003  -8.3620759155547255E-020  -2.4330513449271840E-019  -1.8220133525786202E-019   2.9862177206523358E-003
  -1.1850659588824128E-018   1.1127077465052523E-031   1.5878110655897454E-031   9.2818769031528576E-032  -1.0813538760466151E-017  -8.8540064125171496E-032  -4.4183322531008680E-032  -8.4692212842067063E-032  -2.3440147236457793E-016   7.8515010733052182E-033   2.2844931616284213E-032   1.7107641616523726E-032  -2.8038840923712772E-016
  -1.6910647462256483E-018   1.5878110655897454E-031   2.2657737289306655E-031   1.3245047410298065E-031  -1.5430697374021320E-017  -1.2634485021562611E-031  -6.3048692389889068E-032  -1.2085404558588762E-031  -3.3448607936805527E-016   1.1203930524289689E-032   3.2599247490550191E-032   2.4412252678364716E-032  -4.0010849232253093E-016
  -9.8854675785358532E-019   9.2818769031528576E-032   1.3245047410298065E-031   7.7426655036660904E-032  -9.0203322460328706E-018  -7.3857486728948838E-032  -3.6856412853524335E-032  -7.0647723692465337E-032  -1.9553073295652922E-016   6.5494885513540900E-033   1.9056562137656874E-032   1.4270685549422358E-032  -2.3389166722203484E-016
   1.1516731792631112E-004  -1.0813538760466151E-017  -1.5430697374021320E-017  -9.0203322460328706E-018   1.0508834947124358E-003   8.6045182868436283E-018   4.2938325203165523E-018   8.2305756309661732E-018   2.2779650945053742E-002  -7.6302615354917734E-019  -2.2201207306120066E-018  -1.6625582620545718E-018   2.7248762676398017E-002
   9.4297731207096801E-019  -8.8540064125171496E-032  -1.2634485021562611E-031  -7.3857486728948838E-032   8.6045182868436283E-018   7.0452847838176512E-032   3.5157427657399508E-032   6.7391046566277286E-032   1.8651727247677953E-016  -6.2475740884582365E-033  -1.8178103968393776E-032  -1.3612843898272559E-032   2.2310986700489316E-016
   4.7056517442492311E-019  -4.4183322531008680E-032  -6.3048692389889068E-032  -3.6856412853524335E-032   4.2938325203165523E-018   3.5157427657399508E-032   1.7544283267645291E-032   3.3629525521131275E-032   9.3075975140419125E-017  -3.1176686363867948E-033  -9.0712497056958199E-033  -6.7930905456692311E-033   1.1133643634808642E-016
   9.0199658209249162E-019  -8.4692212842067063E-032  -1.2085404558588762E-031  -7.0647723692465337E-032   8.2305756309661732E-018   6.7391046566277286E-032   3.3629525521131275E-032   6.4462307722885367E-032   1.7841144227084814E-016  -5.9760615679954266E-033  -1.7388104081107674E-032  -1.3021245062443649E-032   2.1341376392985628E-016
   2.4964435314090510E-003  -2.3440147236457793E-016  -3.3448607936805527E-016  -1.9553073295652922E-016   2.2779650945053742E-002   1.8651727247677953E-016   9.3075975140419125E-017   1.7841144227084814E-016  0.49378689435072282       -1.6539863388522926E-017  -4.8124816455565493E-017  -3.6038720824882481E-017  0.59066233847626337     
  -8.3620759155547255E-020   7.8515010733052182E-033   1.1203930524289689E-032   6.5494885513540900E-033  -7.6302615354917734E-019  -6.2475740884582365E-033  -3.1176686363867948E-033  -5.9760615679954266E-033  -1.6539863388522926E-017   5.5401851292694321E-034   1.6119866664736404E-033   1.2071513561015998E-033  -1.9784798865487720E-017
  -2.4330513449271840E-019   2.2844931616284213E-032   3.2599247490550191E-032   1.9056562137656874E-032  -2.2201207306120066E-018  -1.8178103968393776E-032  -9.0712497056958199E-033  -1.7388104081107674E-032  -4.8124816455565493E-017   1.6119866664736404E-033   4.6902783070562419E-033   3.5123589646325666E-033  -5.7566365068805242E-017
  -1.8220133525786202E-019   1.7107641616523726E-032   2.4412252678364716E-032   1.4270685549422358E-032  -1.6625582620545718E-018  -1.3612843898272559E-032  -6.7930905456692311E-033  -1.3021245062443649E-032  -3.6038720824882481E-017   1.2071513561015998E-033   3.5123589646325666E-033   2.6302630012114597E-033  -4.3109113185573836E-017
   2.9862177206523358E-003  -2.8038840923712772E-016  -4.0010849232253093E-016  -2.3389166722203484E-016   2.7248762676398017E-002   2.2310986700489316E-016   1.1133643634808642E-016   2.1341376392985628E-016  0.59066233847626337       -1.9784798865487720E-017  -5.7566365068805242E-017  -4.3109113185573836E-017  0.70654365696155352     
