  0.45782594242912394       -4.7327489471801201E-017  -1.6608588148444431E-015  -5.0040171706771299E-016  0.63035228926223230       -4.1943006905224020E-017  -5.3676139054326111E-016  -2.8225674342604995E-016 -0.32925451269165423        5.8736403878473947E-016  -2.8598881617915295E-016   9.2480919261215007E-016  -1.0951926273365909E-015
  -4.7327489471801201E-017  0.45782594242913149        4.8628754424932460E-016   5.6596183613374142E-017   3.1155602923599117E-016  0.63035228926222897       -1.2718072648081231E-016  -7.7135388103505029E-016  -8.2430387690591526E-017 -0.32925451269165407        5.9649944793955471E-016  -9.3808174557261614E-017   5.1073543177311440E-016
  -1.6608588148444431E-015   4.8628754424932460E-016  0.45782594242914165        3.4918999813925453E-017  -6.1167976066200946E-016   6.5472978668973565E-016  0.63035228926222897        2.8079093375479245E-015  -7.7725267899359657E-016   8.1683071697052738E-016 -0.32925451269165285       -8.2482486444276549E-016   1.7793401876788496E-015
  -5.0040171706771299E-016   5.6596183613374142E-017   3.4918999813925453E-017  0.45147181313828089        7.0787470082049112E-016   5.3343769600653205E-016  -2.9572191658015447E-015  0.60944896794888181       -2.5602648857443083E-017   1.0315667951366868E-015  -2.9542590308208020E-016 -0.57472279160014161       0.12776470547344160     
  0.63035228926223230        3.1155602923599117E-016  -6.1167976066200946E-016   7.0787470082049112E-016  0.89077477873361277        3.5665317507855340E-016   1.8105024315699658E-015   9.5204088948405403E-016 -0.24802090142633354       -1.0624003649863464E-015  -4.3730786407434469E-016  -1.9739667119371219E-015   1.7827472185380661E-015
  -4.1943006905224020E-017  0.63035228926222897        6.5472978668973565E-016   5.3343769600653205E-016   3.5665317507855340E-016  0.89077477873358735       -4.6621201636645043E-016  -6.5081768066578669E-016   5.5078211516092473E-016 -0.24802090142633179        3.2864857177643172E-016   1.4844215763747204E-016  -2.8070709432496873E-016
  -5.3676139054326111E-016  -1.2718072648081231E-016  0.63035228926222897       -2.9572191658015447E-015   1.8105024315699658E-015  -4.6621201636645043E-016  0.89077477873356647       -4.0765635522154901E-017  -1.4726616464916936E-015  -1.4129780109622611E-016 -0.24802090142632660       -7.2353092037792460E-017  -2.2374845121071404E-015
  -2.8225674342604995E-016  -7.7135388103505029E-016   2.8079093375479245E-015  0.60944896794888181        9.5204088948405403E-016  -6.5081768066578669E-016  -4.0765635522154901E-017  0.90857871648061639       -8.9863636544537036E-016  -1.4245074697995432E-015   2.1416713450028140E-015 -0.40136509114309760       -8.1608058413480903E-003
 -0.32925451269165423       -8.2430387690591526E-017  -7.7725267899359657E-016  -2.5602648857443083E-017 -0.24802090142633354        5.5078211516092473E-016  -1.4726616464916936E-015  -8.9863636544537036E-016   2.0789643937188744       -1.9205241895984271E-016   1.3993196046877855E-016   1.3976668250129829E-015  -1.6541049903099124E-015
   5.8736403878473947E-016 -0.32925451269165407        8.1683071697052738E-016   1.0315667951366868E-015  -1.0624003649863464E-015 -0.24802090142633179       -1.4129780109622611E-016  -1.4245074697995432E-015  -1.9205241895984271E-016   2.0789643937188762       -4.8880598495974845E-016   6.9268666691304975E-016  -6.2902185193771669E-016
  -2.8598881617915295E-016   5.9649944793955471E-016 -0.32925451269165285       -2.9542590308208020E-016  -4.3730786407434469E-016   3.2864857177643172E-016 -0.24802090142632660        2.1416713450028140E-015   1.3993196046877855E-016  -4.8880598495974845E-016   2.0789643937188726       -7.6169009199501438E-016   1.5456147546018150E-015
   9.2480919261215007E-016  -9.3808174557261614E-017  -8.2482486444276549E-016 -0.57472279160014161       -1.9739667119371219E-015   1.4844215763747204E-016  -7.2353092037792460E-017 -0.40136509114309760        1.3976668250129829E-015   6.9268666691304975E-016  -7.6169009199501438E-016   2.4406151796793001      -0.58713325687894136     
  -1.0951926273365909E-015   5.1073543177311440E-016   1.7793401876788496E-015  0.12776470547344160        1.7827472185380661E-015  -2.8070709432496873E-016  -2.2374845121071404E-015  -8.1608058413480903E-003  -1.6541049903099124E-015  -6.2902185193771669E-016   1.5456147546018150E-015 -0.58713325687894136        2.1490912737318499     
