  0.46246033184826429        4.1065536192969569E-017   5.1471496423026430E-017   3.0756508357365247E-017  0.29187637373087216        2.9042891987527134E-017  -5.4651306910675338E-017   5.3703763615023782E-018   2.0607632057705934E-017  -8.8054252262549460E-016   1.9420580995715476E-016  -4.9151376695765338E-016   7.1045412970886456E-016   4.1980041338813729E-016 -0.19940717128905991       -1.7688555685589260E-015   6.4180321688170651E-017   5.2739396877922350E-016   7.6011482528192412E-002   6.0726711605350878E-016  -1.6950720108312659E-016  -5.9903591342755233E-016  -8.0760946283871668E-016
   4.1065536192969569E-017  0.46246033184826613       -2.7482193260700513E-016  -2.1656782301277541E-017  -3.7961893654177553E-016  0.29187637373087327       -2.5698624779892232E-016  -1.1852982725608569E-016   2.9219957996062368E-016   2.3909662584857521E-016   2.4350538530010323E-016   7.1112836179539368E-017   2.2541653207662768E-016  -3.5704691992834694E-016  -2.3027281002960183E-015 -0.19940717128906540       -2.0304349135189062E-015  -1.9337914953694351E-016   2.8934653419140844E-016   7.6011482528196783E-002   8.2819091440959361E-017  -2.7820518792313672E-016  -3.5523619269872942E-016
   5.1471496423026430E-017  -2.7482193260700513E-016  0.46246033184826285        5.3106756607077831E-016   1.2668771690956348E-016  -4.8946435538007267E-016  0.29187637373087555       -9.6888315333494636E-017   6.2364624816815648E-016   1.5576429977948187E-015  -1.7262029352075706E-015  -4.9857640369052833E-016  -2.2037567452397745E-016   7.2558800573662519E-017   9.9929993089661546E-016  -1.9434028142015618E-015 -0.19940717128906343       -6.3356777082499869E-016  -1.6836059375825256E-015   6.5501337398222068E-016   7.6011482528192439E-002   2.2561146050272073E-015  -1.4034489363155117E-015
   3.0756508357365247E-017  -2.1656782301277541E-017   5.3106756607077831E-016  0.75905240476164282       -1.0256772154329447E-015  -5.0241915123723913E-017   2.7670000907352326E-017  0.58752152224272192       -1.2318363709954203E-016  -5.7780697722425226E-016  -3.6204931635929368E-016   1.1800877601976556E-014  -9.4049100171614382E-017   6.4185188632467040E-015   2.7281755157118650E-015  -1.6986629933314477E-015  -5.2343957555878426E-015 -0.46929031122682113       -1.5831093896341947E-016   1.5925831680755732E-015   5.4316857635373198E-015  0.17989436334243492       -5.5276784293190107E-002
  0.29187637373087216       -3.7961893654177553E-016   1.2668771690956348E-016  -1.0256772154329447E-015  0.18789817698813971       -1.2147683308377801E-017  -1.2910334568729253E-016  -9.1893444858136610E-016   3.1278907521951580E-016  -7.8864102664918210E-016  -2.6194056595854461E-016  -3.0628719907714510E-017   5.4191903287498376E-016  -2.8794875138865720E-016  -4.1899242606374523E-002   2.2309471402139002E-015  -1.2473015428528305E-016   2.1537175959060503E-017  -1.5188253196146272E-002  -5.6951530758063844E-016   9.7658573656433813E-016   2.8875734897372905E-016   5.5417376116248752E-016
   2.9042891987527134E-017  0.29187637373087327       -4.8946435538007267E-016  -5.0241915123723913E-017  -1.2147683308377801E-017  0.18789817698814087       -1.7158306790578986E-016   5.3440556911092134E-017  -6.0279978484384821E-017  -6.3421635680009050E-016  -2.2586819477319686E-016   5.6632814530368380E-017   1.6849584854125334E-016   1.0555031581483146E-017   1.5672580742828169E-015  -4.1899242606372247E-002   1.4462353037983249E-015   3.2984753289437639E-017  -5.2408580718539642E-016  -1.5188253196148131E-002  -9.9636067363005701E-016   5.8962066678702760E-017   9.8840316826043896E-017
  -5.4651306910675338E-017  -2.5698624779892232E-016  0.29187637373087555        2.7670000907352326E-017  -1.2910334568729253E-016  -1.7158306790578986E-016  0.18789817698814487        1.9964721007031133E-016  -1.5752613705651082E-015  -1.1242173766467819E-015   1.5055099313921684E-015   7.0325364746593558E-016   2.8966091498338047E-016   1.0082359077934737E-015  -1.7787689774758057E-015   7.8799983302836022E-016  -4.1899242606375300E-002   1.0640598769909094E-015   2.4150612391839715E-015  -1.1247863995769896E-015  -1.5188253196146896E-002  -9.8337550596634991E-016   7.9439805430932645E-016
   5.3703763615023782E-018  -1.1852982725608569E-016  -9.6888315333494636E-017  0.58752152224272192       -9.1893444858136610E-016   5.3440556911092134E-017   1.9964721007031133E-016  0.45913870732452339        1.1682050875159282E-014  -1.0340947246785473E-016  -1.1938657084684130E-016  -1.1298907455147260E-015  -1.0494532845957732E-015   5.2018511773047452E-015  -5.0920219983432301E-016   1.6921891259689014E-015   4.6518986622929780E-015 -0.27637306711732229       -5.0577241144835236E-016  -2.3267012256638689E-015  -3.7634459759509174E-015   6.0855429933318016E-002  -3.8469194958497010E-003
   2.0607632057705934E-017   2.9219957996062368E-016   6.2364624816815648E-016  -1.2318363709954203E-016   3.1278907521951580E-016  -6.0279978484384821E-017  -1.5752613705651082E-015   1.1682050875159282E-014   2.0000000000000151        2.2545984176836021E-015   9.5729630819607239E-016  -1.0000000000000082       -1.2445285687417982E-015  -1.0000000000000098        1.3978252387104966E-015   1.3832598016273067E-016   1.8453015216852869E-015   1.7166768592781486E-014   4.8685716711640060E-018   2.9165473913406719E-016  -1.7314966665824033E-015  -1.2635345466524013E-015   1.4825362434027855E-015
  -8.8054252262549460E-016   2.3909662584857521E-016   1.5576429977948187E-015  -5.7780697722425226E-016  -7.8864102664918210E-016  -6.3421635680009050E-016  -1.1242173766467819E-015  -1.0340947246785473E-016   2.2545984176836021E-015   2.0000000000000031       -2.1998462079730865E-016   1.2151602423945934E-015  -4.4865641150165780E-016  -1.3624220024724453E-015  -3.9509228106315037E-016   1.6239631092120333E-016   2.6983865164511687E-016  -1.5534422685082422E-015   4.1971152599708059E-016  -1.6049449843902452E-016  -7.2070400201759097E-016   8.4989149295097044E-018   1.4609763148767470E-016
   1.9420580995715476E-016   2.4350538530010323E-016  -1.7262029352075706E-015  -3.6204931635929368E-016  -2.6194056595854461E-016  -2.2586819477319686E-016   1.5055099313921684E-015  -1.1938657084684130E-016   9.5729630819607239E-016  -2.1998462079730865E-016   2.0000000000000018        7.0727928722091546E-016  -2.7573971751737592E-016  -1.4011144675030211E-015   8.0244456755092348E-016   2.1833340909743231E-016   1.5605460165635219E-016  -5.4926433481085461E-016  -6.3719112974727914E-016  -6.0267497057755266E-016   5.8356004171792907E-016   1.2840224253426412E-015   1.6769312838082636E-016
  -4.9151376695765338E-016   7.1112836179539368E-017  -4.9857640369052833E-016   1.1800877601976556E-014  -3.0628719907714510E-017   5.6632814530368380E-017   7.0325364746593558E-016  -1.1298907455147260E-015  -1.0000000000000082        1.2151602423945934E-015   7.0727928722091546E-016   2.0000000000000173        3.3864919332313170E-015  -1.0000000000000078        1.6805448188842545E-016  -2.8750889893719039E-016  -6.9465256274505707E-016   1.1974402447817868E-014  -9.0025618626278414E-016  -7.5352841335926699E-017   2.3976085481040405E-016  -3.5783120741338127E-016  -5.2262977357685254E-016
   7.1045412970886456E-016   2.2541653207662768E-016  -2.2037567452397745E-016  -9.4049100171614382E-017   5.4191903287498376E-016   1.6849584854125334E-016   2.8966091498338047E-016  -1.0494532845957732E-015  -1.2445285687417982E-015  -4.4865641150165780E-016  -2.7573971751737592E-016   3.3864919332313170E-015   2.0000000000000031       -1.8655053630328711E-015  -4.0463538204388452E-016  -2.4249567672373675E-016  -1.1726195711032245E-015   1.1038638520196731E-015   6.0331585725632833E-016  -3.5957574963829934E-017  -1.1803592813759972E-016   4.4468068146777110E-016   1.6628275979708807E-016
   4.1980041338813729E-016  -3.5704691992834694E-016   7.2558800573662519E-017   6.4185188632467040E-015  -2.8794875138865720E-016   1.0555031581483146E-017   1.0082359077934737E-015   5.2018511773047452E-015  -1.0000000000000098       -1.3624220024724453E-015  -1.4011144675030211E-015  -1.0000000000000078       -1.8655053630328711E-015   2.0000000000000191       -8.8158007958342435E-016   2.2055708347539990E-016  -1.6323136318264365E-015   1.2820411009592859E-014   5.4680367316140865E-016  -2.5290471077725510E-016   6.1425038839922514E-017  -5.1388671926770028E-016   1.3921116537917970E-015
 -0.19940717128905991       -2.3027281002960183E-015   9.9929993089661546E-016   2.7281755157118650E-015  -4.1899242606374523E-002   1.5672580742828169E-015  -1.7787689774758057E-015  -5.0920219983432301E-016   1.3978252387104966E-015  -3.9509228106315037E-016   8.0244456755092348E-016   1.6805448188842545E-016  -4.0463538204388452E-016  -8.8158007958342435E-016   2.3269849256255464       -1.4250955584265185E-015  -1.2742370317567586E-015  -1.1220870135755004E-015 -0.84233315179629786        1.5146500225990046E-016   5.3081991763937637E-016   3.5027645508044216E-016   6.1725416149693039E-017
  -1.7688555685589260E-015 -0.19940717128906540       -1.9434028142015618E-015  -1.6986629933314477E-015   2.2309471402139002E-015  -4.1899242606372247E-002   7.8799983302836022E-016   1.6921891259689014E-015   1.3832598016273067E-016   1.6239631092120333E-016   2.1833340909743231E-016  -2.8750889893719039E-016  -2.4249567672373675E-016   2.2055708347539990E-016  -1.4250955584265185E-015   2.3269849256255526       -1.6740682936568573E-015  -1.1481505688625901E-016   1.0906200352476010E-016 -0.84233315179630408        1.1254823231699366E-015   3.7366922961971919E-017  -5.0748411014064321E-016
   6.4180321688170651E-017  -2.0304349135189062E-015 -0.19940717128906343       -5.2343957555878426E-015  -1.2473015428528305E-016   1.4462353037983249E-015  -4.1899242606375300E-002   4.6518986622929780E-015   1.8453015216852869E-015   2.6983865164511687E-016   1.5605460165635219E-016  -6.9465256274505707E-016  -1.1726195711032245E-015  -1.6323136318264365E-015  -1.2742370317567586E-015  -1.6740682936568573E-015   2.3269849256255477        2.3772720819719860E-016   1.1048729130673527E-015  -3.5128573905047666E-018 -0.84233315179629731        1.5298753709010374E-017  -1.8412743395215662E-017
   5.2739396877922350E-016  -1.9337914953694351E-016  -6.3356777082499869E-016 -0.46929031122682113        2.1537175959060503E-017   3.2984753289437639E-017   1.0640598769909094E-015 -0.27637306711732229        1.7166768592781486E-014  -1.5534422685082422E-015  -5.4926433481085461E-016   1.1974402447817868E-014   1.1038638520196731E-015   1.2820411009592859E-014  -1.1220870135755004E-015  -1.1481505688625901E-016   2.3772720819719860E-016   2.5799530952817622        1.1043876823248717E-016   1.0028092770464385E-016  -1.5186529372552591E-015  -1.0067764945956108       0.24257521410518099     
   7.6011482528192412E-002   2.8934653419140844E-016  -1.6836059375825256E-015  -1.5831093896341947E-016  -1.5188253196146272E-002  -5.2408580718539642E-016   2.4150612391839715E-015  -5.0577241144835236E-016   4.8685716711640060E-018   4.1971152599708059E-016  -6.3719112974727914E-016  -9.0025618626278414E-016   6.0331585725632833E-016   5.4680367316140865E-016 -0.84233315179629786        1.0906200352476010E-016   1.1048729130673527E-015   1.1043876823248717E-016   2.3061832181284410       -4.1139020437046526E-016  -2.9396070448167151E-015  -1.5445677477709817E-016   1.5598889077690931E-015
   6.0726711605350878E-016   7.6011482528196783E-002   6.5501337398222068E-016   1.5925831680755732E-015  -5.6951530758063844E-016  -1.5188253196148131E-002  -1.1247863995769896E-015  -2.3267012256638689E-015   2.9165473913406719E-016  -1.6049449843902452E-016  -6.0267497057755266E-016  -7.5352841335926699E-017  -3.5957574963829934E-017  -2.5290471077725510E-016   1.5146500225990046E-016 -0.84233315179630408       -3.5128573905047666E-018   1.0028092770464385E-016  -4.1139020437046526E-016   2.3061832181284476       -4.7370105816958318E-017  -1.4685554759875027E-016   2.8851293284088503E-016
  -1.6950720108312659E-016   8.2819091440959361E-017   7.6011482528192439E-002   5.4316857635373198E-015   9.7658573656433813E-016  -9.9636067363005701E-016  -1.5188253196146896E-002  -3.7634459759509174E-015  -1.7314966665824033E-015  -7.2070400201759097E-016   5.8356004171792907E-016   2.3976085481040405E-016  -1.1803592813759972E-016   6.1425038839922514E-017   5.3081991763937637E-016   1.1254823231699366E-015 -0.84233315179629731       -1.5186529372552591E-015  -2.9396070448167151E-015  -4.7370105816958318E-017   2.3061832181284454       -4.4193826418923731E-016  -4.0146881220449863E-016
  -5.9903591342755233E-016  -2.7820518792313672E-016   2.2561146050272073E-015  0.17989436334243492        2.8875734897372905E-016   5.8962066678702760E-017  -9.8337550596634991E-016   6.0855429933318016E-002  -1.2635345466524013E-015   8.4989149295097044E-018   1.2840224253426412E-015  -3.5783120741338127E-016   4.4468068146777110E-016  -5.1388671926770028E-016   3.5027645508044216E-016   3.7366922961971919E-017   1.5298753709010374E-017  -1.0067764945956108       -1.5445677477709817E-016  -1.4685554759875027E-016  -4.4193826418923731E-016   2.5530031376345552      -0.68897307923486883     
  -8.0760946283871668E-016  -3.5523619269872942E-016  -1.4034489363155117E-015  -5.5276784293190107E-002   5.5417376116248752E-016   9.8840316826043896E-017   7.9439805430932645E-016  -3.8469194958497010E-003   1.4825362434027855E-015   1.4609763148767470E-016   1.6769312838082636E-016  -5.2262977357685254E-016   1.6628275979708807E-016   1.3921116537917970E-015   6.1725416149693039E-017  -5.0748411014064321E-016  -1.8412743395215662E-017  0.24257521410518099        1.5598889077690931E-015   2.8851293284088503E-016  -4.0146881220449863E-016 -0.68897307923486883        2.1866709121043022     
