  0.45518141337309270       -1.8989042967624883E-016  -3.5700399891994929E-016   8.0358124193885418E-017  0.53249255245461313        2.7343933374840338E-016   6.1791613779202960E-017  -7.4842922401341767E-017 -0.28970291534428094        4.0329403405585661E-016  -5.7292867389287480E-016   1.0778000664372918E-015   2.9146004937318133E-016
  -1.8989042967624883E-016  0.45518141337309570       -3.7610692122113797E-016   5.8297876809902181E-017   2.6732509231737051E-016  0.53249255245461402        1.1169779359143135E-015   1.1039674123956439E-015   3.7690052271245175E-016 -0.28970291534428366       -3.6952391129815909E-016  -1.2876614979450653E-015   5.7428625920211748E-016
  -3.5700399891994929E-016  -3.7610692122113797E-016  0.45518141337309609        2.4020391325834020E-016   2.3550392316386457E-017  -1.7461141280002066E-015  0.53249255245461147        1.0041335798700365E-015   2.3698644257979410E-016  -1.3364886770706717E-015 -0.28970291534428261       -1.0936448855380683E-015  -6.2393252672301264E-016
   8.0358124193885418E-017   5.8297876809902181E-017   2.4020391325834020E-016  0.48958081057986025        3.6404702813782965E-016  -7.7668967828900750E-016   1.3744995035271648E-016  0.61062492968441118        1.1957054672114209E-016  -4.2683733348324672E-016  -1.2695489403232940E-015 -0.56735055410427460       0.12493690389371956     
  0.53249255245461313        2.6732509231737051E-016   2.3550392316386457E-017   3.6404702813782965E-016  0.64493183742472426        6.6706405106289629E-016   6.3713966523234271E-016  -1.8873355533457091E-017 -0.13730403549219780       -5.2713660810316970E-016  -2.7424046920073526E-016  -5.5979296761484536E-016  -1.1820179718564901E-016
   2.7343933374840338E-016  0.53249255245461402       -1.7461141280002066E-015  -7.7668967828900750E-016   6.6706405106289629E-016  0.64493183742472260       -1.1032780603184424E-017   6.5327755990084382E-016  -1.1849736116342697E-015 -0.13730403549219711       -1.4553816096790739E-015   4.8876195273180315E-016  -6.5018123048488166E-016
   6.1791613779202960E-017   1.1169779359143135E-015  0.53249255245461147        1.3744995035271648E-016   6.3713966523234271E-016  -1.1032780603184424E-017  0.64493183742471605        1.0821988464032803E-015  -1.7211723605423231E-016   1.1621260978454269E-015 -0.13730403549219483       -1.4968755733313896E-015   5.3315806329683759E-016
  -7.4842922401341767E-017   1.1039674123956439E-015   1.0041335798700365E-015  0.61062492968441118       -1.8873355533457091E-017   6.5327755990084382E-016   1.0821988464032803E-015  0.83448005632033251        4.8022104067975617E-016   2.2882782023014052E-016  -1.0293233661918161E-016 -0.35773195006454578       -9.2173672252112392E-003
 -0.28970291534428094        3.7690052271245175E-016   2.3698644257979410E-016   1.1957054672114209E-016 -0.13730403549219780       -1.1849736116342697E-015  -1.7211723605423231E-016   4.8022104067975617E-016   2.0320901304196290        2.0451356401570900E-016   1.1461502094272622E-015   3.1700696954888427E-016  -5.4895767193390718E-016
   4.0329403405585661E-016 -0.28970291534428366       -1.3364886770706717E-015  -4.2683733348324672E-016  -5.2713660810316970E-016 -0.13730403549219711        1.1621260978454269E-015   2.2882782023014052E-016   2.0451356401570900E-016   2.0320901304196299        6.4415839199152875E-016   2.0502442596121108E-016   1.4391123886123859E-016
  -5.7292867389287480E-016  -3.6952391129815909E-016 -0.28970291534428261       -1.2695489403232940E-015  -2.7424046920073526E-016  -1.4553816096790739E-015 -0.13730403549219483       -1.0293233661918161E-016   1.1461502094272622E-015   6.4415839199152875E-016   2.0320901304196224        1.8656872472060099E-015  -5.1227500699014630E-016
   1.0778000664372918E-015  -1.2876614979450653E-015  -1.0936448855380683E-015 -0.56735055410427460       -5.5979296761484536E-016   4.8876195273180315E-016  -1.4968755733313896E-015 -0.35773195006454578        3.1700696954888427E-016   2.0502442596121108E-016   1.8656872472060099E-015   2.4113768037868728      -0.57784338028756466     
   2.9146004937318133E-016   5.7428625920211748E-016  -6.2393252672301264E-016  0.12493690389371956       -1.1820179718564901E-016  -6.5018123048488166E-016   5.3315806329683759E-016  -9.2173672252112392E-003  -5.4895767193390718E-016   1.4391123886123859E-016  -5.1227500699014630E-016 -0.57784338028756466        2.1450098908104915     
