  0.19615090760702958        1.8784781468703048E-017  -1.1900878669781581E-016   9.2527916891685902E-017   8.1846609711180018E-002   2.2719454098037200E-017  -5.9442615502723474E-017   1.1748585655286132E-016  -1.0006055350611414E-015  -3.2086448469647487E-017   4.7752838697503328E-017   6.4928894887490285E-016   1.6773017144423811E-017   4.0608535706669508E-016  -6.6876858314116439E-002   8.5171703945267541E-017  -2.4558202704940044E-017  -6.7702599318404595E-016   3.0263273236333210E-002   2.8377304857521270E-016   1.1594063456378694E-016  -6.8811564361030597E-017  -1.2141717056535676E-015
   1.8784781468703048E-017  0.19615090760702608        8.7353027748493849E-017  -3.1949861411788875E-016   1.7064453692652628E-017   8.1846609711181170E-002  -8.3689308054967874E-017  -2.5125910033127132E-016  -7.0707483249134747E-016   8.8886310487442884E-017   1.4791827560907786E-016   1.6119162934843429E-016   1.6389420837553152E-016   1.4891354966282119E-016   2.0262266884008041E-016  -6.6876858314114801E-002  -1.6639855663831523E-015   1.3908377598170347E-017   2.7716144467282817E-017   3.0263273236332142E-002   1.3972014223379783E-015   5.0379901525461630E-016   3.4158372784526802E-017
  -1.1900878669781581E-016   8.7353027748493849E-017  0.19615090760702747       -4.4672730068076661E-016  -8.1403463915350330E-017  -1.0414844480708961E-016   8.1846609711179935E-002  -7.1968416869221863E-016  -9.8090675694771157E-016   9.9830505681342768E-016   6.3712048754671111E-016   3.6309345583885109E-016   7.0783019363328780E-016   5.4295333246928606E-016   5.6548311311435038E-016  -2.6348804238587575E-015  -6.6876858314115800E-002  -9.3692769017336682E-016   6.8194529939215644E-017   3.0130691292769412E-015   3.0263273236330390E-002  -1.4057150959558075E-015   7.1237614386074084E-016
   9.2527916891685902E-017  -3.1949861411788875E-016  -4.4672730068076661E-016  0.45676180517625758        1.9225002455780522E-016  -1.7557183382816599E-016  -5.8074237714742119E-016  0.58281951123440767        3.6582119213856850E-015  -1.8323775397628523E-015   9.7177342380092175E-016   8.0317143624274359E-015  -5.5975543840146674E-016   2.8945203754991019E-015   3.0920600789693272E-017   1.4751719593263981E-015  -4.8267761351629114E-015  0.31915078521667428       -6.2749616488179268E-016   2.8568666862446521E-015   4.6980732306297797E-015  0.11626258369797773       -3.6896375351956841E-002
   8.1846609711180018E-002   1.7064453692652628E-017  -8.1403463915350330E-017   1.9225002455780522E-016   3.8058140169399457E-002   3.1860169340755137E-017   5.2526968131296149E-017   2.1655727757388812E-016   1.3066011687715142E-015   6.8979421178439592E-016  -6.2940352461169070E-016  -8.6302284995762007E-016  -1.5380918232592922E-015  -4.1612371129632183E-016   6.2640295115118011E-002   2.9955263710784297E-016   1.0697080270364012E-015   7.3842637153225494E-016  -4.0735237913594916E-002  -3.2512865577801064E-017  -3.1156268197392980E-016  -4.5580344649856406E-016   1.0360748919351379E-015
   2.2719454098037200E-017   8.1846609711181170E-002  -1.0414844480708961E-016  -1.7557183382816599E-016   3.1860169340755137E-017   3.8058140169400519E-002   8.1673810803496305E-017  -1.7887091152015362E-016   4.2579248653431776E-016  -1.1177756088943876E-016  -2.8351791080290026E-016  -3.6507089288824092E-016  -1.3082893778827267E-017  -2.0905819074420689E-016   2.7871601482882936E-016   6.2640295115111794E-002  -2.4532191734851386E-017   7.1061349587764295E-016   1.2243755373442830E-017  -4.0735237913591772E-002   2.4096930620016196E-016   5.3635681874995583E-017  -8.9087934518138329E-017
  -5.9442615502723474E-017  -8.3689308054967874E-017   8.1846609711179935E-002  -5.8074237714742119E-016   5.2526968131296149E-017   8.1673810803496305E-017   3.8058140169399110E-002  -2.1105769821076364E-016   1.1057300770025034E-015  -1.3690750956357811E-015   2.5173996927813713E-016  -2.0622571295935462E-017   8.5346487249403195E-016  -1.0689147564182254E-015   1.4452466487069323E-015   2.2562988010321734E-015   6.2640295115111308E-002  -6.9779062640152759E-016  -2.1772847795621635E-016  -1.4163292527017711E-015  -4.0735237913589246E-002   1.1444622049030524E-015  -4.4547196668162737E-016
   1.1748585655286132E-016  -2.5125910033127132E-016  -7.1968416869221863E-016  0.58281951123440767        2.1655727757388812E-016  -1.7887091152015362E-016  -2.1105769821076364E-016  0.74920584519288613        9.9884610931312694E-015   6.8763111327835307E-016  -1.2806349591854583E-015   3.6881447171936178E-015   1.1459413773165910E-015   9.7995703090076019E-015   1.3448308081473185E-017   4.0525217841064666E-016   6.5157275026235411E-015  0.30400307605873950        3.0717589828077502E-016  -1.8325405755352815E-015  -7.8348532337833344E-015   6.9769309844977132E-002  -1.0850072656913016E-002
  -1.0006055350611414E-015  -7.0707483249134747E-016  -9.8090675694771157E-016   3.6582119213856850E-015   1.3066011687715142E-015   4.2579248653431776E-016   1.1057300770025034E-015   9.9884610931312694E-015   2.0000000000000764       -4.3158022728500687E-016  -8.3398186360300154E-016  -1.0000000000000355        5.4463540882093570E-016  -1.0000000000000389       -1.0217329535439547E-015   1.4146142988813490E-015   8.4691182836347576E-016  -3.3666775546895673E-014   2.1383577568005400E-016  -2.1993305903153259E-015   1.1162234274564302E-015  -2.4231239357345615E-015   1.2870464480451894E-015
  -3.2086448469647487E-017   8.8886310487442884E-017   9.9830505681342768E-016  -1.8323775397628523E-015   6.8979421178439592E-016  -1.1177756088943876E-016  -1.3690750956357811E-015   6.8763111327835307E-016  -4.3158022728500687E-016   2.0000000000000027       -2.0676819631471051E-015   1.9380113833184105E-017  -1.7490891547622400E-015  -1.0327025692919119E-017  -7.4114053758351626E-016  -3.8351178662003120E-016   7.8371703177372011E-016   1.1900944008062034E-016  -4.2305503994371312E-016   6.7658158974236114E-016  -5.0387696349945942E-016   4.0203182486435425E-016   4.4937621510877751E-018
   4.7752838697503328E-017   1.4791827560907786E-016   6.3712048754671111E-016   9.7177342380092175E-016  -6.2940352461169070E-016  -2.8351791080290026E-016   2.5173996927813713E-016  -1.2806349591854583E-015  -8.3398186360300154E-016  -2.0676819631471051E-015   2.0000000000000009       -3.8158495460626722E-016  -7.6598883486100898E-016   6.3302499093282345E-016  -2.3209532048542296E-016  -2.9385392888660854E-016   2.1915575755287850E-016  -8.5378874316835101E-016   1.4979855153027602E-016   7.4801006938972733E-016   4.2004195738279929E-016  -2.6993631746368363E-016  -7.0478608629018849E-016
   6.4928894887490285E-016   1.6119162934843429E-016   3.6309345583885109E-016   8.0317143624274359E-015  -8.6302284995762007E-016  -3.6507089288824092E-016  -2.0622571295935462E-017   3.6881447171936178E-015  -1.0000000000000355        1.9380113833184105E-017  -3.8158495460626722E-016   2.0000000000000693        1.7384097633632560E-015  -1.0000000000000335        1.8204955698194430E-016  -7.3407266116647573E-016   1.6606667006307915E-016  -3.8134955401862344E-014  -1.4152337958989931E-016   1.9073072310101154E-016   2.3724998836194178E-016  -4.3252958866775903E-015   1.2690640553891390E-015
   1.6773017144423811E-017   1.6389420837553152E-016   7.0783019363328780E-016  -5.5975543840146674E-016  -1.5380918232592922E-015  -1.3082893778827267E-017   8.5346487249403195E-016   1.1459413773165910E-015   5.4463540882093570E-016  -1.7490891547622400E-015  -7.6598883486100898E-016   1.7384097633632560E-015   2.0000000000000036       -1.7399818565133636E-015   1.7118896478471100E-015  -9.4473443726198606E-018  -5.8552606431440196E-016  -8.5306266984499338E-016  -4.3678396320477617E-017  -3.7897302448233544E-016   2.1402677728415848E-017  -2.6551332169763231E-016  -1.2238395835757042E-016
   4.0608535706669508E-016   1.4891354966282119E-016   5.4295333246928606E-016   2.8945203754991019E-015  -4.1612371129632183E-016  -2.0905819074420689E-016  -1.0689147564182254E-015   9.7995703090076019E-015  -1.0000000000000389       -1.0327025692919119E-017   6.3302499093282345E-016  -1.0000000000000335       -1.7399818565133636E-015   2.0000000000000702        9.4330979144711778E-016  -6.9568870502067082E-016   4.2437031764824853E-016  -3.7296608095202215E-014  -7.3131763259263739E-017  -1.7842111931323448E-016  -9.4237937108502479E-016  -2.7687467535759369E-015  -2.9637059253472429E-016
  -6.6876858314116439E-002   2.0262266884008041E-016   5.6548311311435038E-016   3.0920600789693272E-017   6.2640295115118011E-002   2.7871601482882936E-016   1.4452466487069323E-015   1.3448308081473185E-017  -1.0217329535439547E-015  -7.4114053758351626E-016  -2.3209532048542296E-016   1.8204955698194430E-016   1.7118896478471100E-015   9.4330979144711778E-016   2.2533574980137399        6.2422904787795412E-017  -4.9776907584938889E-016   1.1891015451766605E-016 -0.79535666910763958       -2.6352372894273244E-016  -1.8281639155530765E-016   1.3709366645698185E-016  -4.8295590000397725E-016
   8.5171703945267541E-017  -6.6876858314114801E-002  -2.6348804238587575E-015   1.4751719593263981E-015   2.9955263710784297E-016   6.2640295115111794E-002   2.2562988010321734E-015   4.0525217841064666E-016   1.4146142988813490E-015  -3.8351178662003120E-016  -2.9385392888660854E-016  -7.3407266116647573E-016  -9.4473443726198606E-018  -6.9568870502067082E-016   6.2422904787795412E-017   2.2533574980137407        2.0550275379664091E-015  -4.9296080294100005E-016   4.3605088482719933E-017 -0.79535666910764136       -1.3801996623183146E-015  -5.1488269579755636E-018  -1.9522005428606174E-016
  -2.4558202704940044E-017  -1.6639855663831523E-015  -6.6876858314115800E-002  -4.8267761351629114E-015   1.0697080270364012E-015  -2.4532191734851386E-017   6.2640295115111308E-002   6.5157275026235411E-015   8.4691182836347576E-016   7.8371703177372011E-016   2.1915575755287850E-016   1.6606667006307915E-016  -5.8552606431440196E-016   4.2437031764824853E-016  -4.9776907584938889E-016   2.0550275379664091E-015   2.2533574980137465        3.3142119560745429E-015  -3.3621702291828352E-017  -2.3850340491410722E-015 -0.79535666910764147        2.1048599123478339E-015  -3.7687208153391678E-016
  -6.7702599318404595E-016   1.3908377598170347E-017  -9.3692769017336682E-016  0.31915078521667428        7.3842637153225494E-016   7.1061349587764295E-016  -6.9779062640152759E-016  0.30400307605873950       -3.3666775546895673E-014   1.1900944008062034E-016  -8.5378874316835101E-016  -3.8134955401862344E-014  -8.5306266984499338E-016  -3.7296608095202215E-014   1.1891015451766605E-016  -4.9296080294100005E-016   3.3142119560745429E-015   2.4866318260853366        4.2641409262542576E-018  -3.0752188671239789E-015  -1.2828977767578929E-015  0.95267771586079797      -0.22812445995644323     
   3.0263273236333210E-002   2.7716144467282817E-017   6.8194529939215644E-017  -6.2749616488179268E-016  -4.0735237913594916E-002   1.2243755373442830E-017  -2.1772847795621635E-016   3.0717589828077502E-016   2.1383577568005400E-016  -4.2305503994371312E-016   1.4979855153027602E-016  -1.4152337958989931E-016  -4.3678396320477617E-017  -7.3131763259263739E-017 -0.79535666910763958        4.3605088482719933E-017  -3.3621702291828352E-017   4.2641409262542576E-018   2.2812579161749040        1.2656667612198105E-016  -2.0140502368536743E-016   3.4470824689939765E-016  -2.8939172199040226E-016
   2.8377304857521270E-016   3.0263273236332142E-002   3.0130691292769412E-015   2.8568666862446521E-015  -3.2512865577801064E-017  -4.0735237913591772E-002  -1.4163292527017711E-015  -1.8325405755352815E-015  -2.1993305903153259E-015   6.7658158974236114E-016   7.4801006938972733E-016   1.9073072310101154E-016  -3.7897302448233544E-016  -1.7842111931323448E-016  -2.6352372894273244E-016 -0.79535666910764136       -2.3850340491410722E-015  -3.0752188671239789E-015   1.2656667612198105E-016   2.2812579161749102        2.2120788173635046E-015   5.1127313910761466E-017   1.3877549809632004E-015
   1.1594063456378694E-016   1.3972014223379783E-015   3.0263273236330390E-002   4.6980732306297797E-015  -3.1156268197392980E-016   2.4096930620016196E-016  -4.0735237913589246E-002  -7.8348532337833344E-015   1.1162234274564302E-015  -5.0387696349945942E-016   4.2004195738279929E-016   2.3724998836194178E-016   2.1402677728415848E-017  -9.4237937108502479E-016  -1.8281639155530765E-016  -1.3801996623183146E-015 -0.79535666910764147       -1.2828977767578929E-015  -2.0140502368536743E-016   2.2120788173635046E-015   2.2812579161749098       -1.0478782986324953E-015  -5.4627686738502781E-016
  -6.8811564361030597E-017   5.0379901525461630E-016  -1.4057150959558075E-015  0.11626258369797773       -4.5580344649856406E-016   5.3635681874995583E-017   1.1444622049030524E-015   6.9769309844977132E-002  -2.4231239357345615E-015   4.0203182486435425E-016  -2.6993631746368363E-016  -4.3252958866775903E-015  -2.6551332169763231E-016  -2.7687467535759369E-015   1.3709366645698185E-016  -5.1488269579755636E-018   2.1048599123478339E-015  0.95267771586079797        3.4470824689939765E-016   5.1127313910761466E-017  -1.0478782986324953E-015   2.5271311546213062      -0.67939575048572132     
  -1.2141717056535676E-015   3.4158372784526802E-017   7.1237614386074084E-016  -3.6896375351956841E-002   1.0360748919351379E-015  -8.9087934518138329E-017  -4.4547196668162737E-016  -1.0850072656913016E-002   1.2870464480451894E-015   4.4937621510877751E-018  -7.0478608629018849E-016   1.2690640553891390E-015  -1.2238395835757042E-016  -2.9637059253472429E-016  -4.8295590000397725E-016  -1.9522005428606174E-016  -3.7687208153391678E-016 -0.22812445995644323       -2.8939172199040226E-016   1.3877549809632004E-015  -5.4627686738502781E-016 -0.67939575048572132        2.1831154066918153     
