  0.33552145443823900       -1.7443039204331611E-016  -3.0527710414108024E-016   3.9808247869603511E-016  0.18449327817086825       -1.2249211677344454E-016  -3.6030928691624684E-017   4.5875856726843150E-016   6.7986948632746923E-016  -2.4419689125422438E-015   2.3351945765216239E-016   2.9338629077549918E-016  -9.3742459648655840E-016  -1.1510851075791782E-015 -0.12644672886524239        1.0532157308647331E-015   1.7994845093363840E-015  -4.9495309514616392E-016   5.1253389730662180E-002   3.1084552741192208E-016   5.8348464553283957E-016  -6.8999653418668816E-016   7.1137613549405307E-016
  -1.7443039204331611E-016  0.33552145443822917       -3.3193881501175905E-016  -3.1559465698091159E-016  -3.7806686943430451E-017  0.18449327817087019       -2.8109388336304922E-016  -8.1708938892908655E-016   7.8069278245612993E-016   3.6510353508441457E-018   2.2615936192223283E-016   4.1570708389112824E-017  -6.7126391469319382E-017   1.0209278191605081E-016  -2.8328699283564874E-016 -0.12644672886524272       -3.5100480645586914E-016  -2.8008965031200096E-015  -3.2648667899724268E-016   5.1253389730666774E-002  -2.0494166858446649E-016   1.2773596637594490E-015   6.2685089375224121E-016
  -3.0527710414108024E-016  -3.3193881501175905E-016  0.33552145443823478       -5.4684612211821884E-016  -1.5730550618947002E-016  -2.3533283133177712E-016  0.18449327817087011        1.4241002202911431E-016  -4.8363902521678833E-016   1.3242654894045125E-015  -6.8773810411944778E-016  -1.8024151937295268E-015  -6.6776558040311917E-016   1.0242605916333865E-015   2.1907044637176891E-015   1.4394520257286947E-015 -0.12644672886523631        6.2025593156630392E-016   5.2186038693516346E-016   5.6451675440065291E-016   5.1253389730661986E-002  -9.7593673249522092E-016   6.7593096986788014E-016
   3.9808247869603511E-016  -3.1559465698091159E-016  -5.4684612211821884E-016  0.61910486696264322        2.8388513356105781E-016   2.4821883779961379E-016  -2.0529936207408194E-016  0.59285189036293684       -6.0825101072934572E-015   4.5087840546334330E-016   1.3192637117427598E-016  -8.7624958476078920E-015  -3.8906761373360961E-016  -1.2471846420171870E-015  -4.1639730178717366E-016   1.9923967698951235E-016  -7.8599766506409946E-016 -0.40311482741799343        2.6204911904116752E-016  -6.7706723443546479E-016  -8.3819296701944465E-016  0.15090663860550887       -4.6928834967209600E-002
  0.18449327817086825       -3.7806686943430451E-017  -1.5730550618947002E-016   2.8388513356105781E-016  0.10560855446386104       -2.5758351335341293E-017  -1.2135222218467677E-016   2.5377112505703038E-016  -3.1235814657260151E-016   7.4350989481992963E-016  -5.9570738529743418E-017  -4.9242706468842048E-016   7.0957125239372296E-016   7.5042392140559794E-016   2.2141727842283854E-002  -2.7447933249186058E-016  -2.3796148338119323E-016  -1.6468893005465376E-015  -3.2474094598082433E-002  -6.5900744424552791E-016  -7.3832643286958169E-016   8.1732646651787552E-016  -5.9065967334866334E-016
  -1.2249211677344454E-016  0.18449327817087019       -2.3533283133177712E-016   2.4821883779961379E-016  -2.5758351335341293E-017  0.10560855446386604       -3.4728703767821029E-016   4.3585198224979502E-017   3.0778530770978718E-016   2.7747235274774095E-016  -1.6053967961884038E-016  -7.2101562765281294E-017   6.7846682925856496E-016   4.3343357239360541E-016   6.3863121966638447E-016   2.2141727842278441E-002  -9.7864295018846235E-016   1.8154315331809157E-015  -1.4139309230279417E-016  -3.2474094598081385E-002  -1.4336724375852633E-015  -1.6429730461232754E-015  -6.3688780056858243E-016
  -3.6030928691624684E-017  -2.8109388336304922E-016  0.18449327817087011       -2.0529936207408194E-016  -1.2135222218467677E-016  -3.4728703767821029E-016  0.10560855446386354        3.5486528066297576E-017  -7.9629463374249983E-016  -1.3453020389051135E-015   1.2099141853572120E-015   1.3967375427650481E-015   9.1792735128429907E-016  -1.2933435762620315E-015  -1.2712326941255657E-015  -3.6350689276100642E-015   2.2141727842275534E-002  -3.7143508152929933E-016  -3.8630631625427004E-016  -5.9896600788195884E-016  -3.2474094598076840E-002   2.2482617744001352E-015  -8.3750961746807652E-016
   4.5875856726843150E-016  -8.1708938892908655E-016   1.4241002202911431E-016  0.59285189036293684        2.5377112505703038E-016   4.3585198224979502E-017   3.5486528066297576E-017  0.57326727633777197       -4.1998897843673215E-015   1.7800220591287522E-016   3.0152377826873038E-016  -7.5550086174067226E-016   5.1732554208236588E-016  -1.0616258955005898E-014  -2.7422104954884694E-017  -1.3168315060594493E-015  -1.6556462584795302E-015 -0.28368695763391116        4.4405932944637470E-017   1.1680611837704969E-015   1.2492899428548979E-015   6.3452941289501907E-002  -6.7001761965737941E-003
   6.7986948632746923E-016   7.8069278245612993E-016  -4.8363902521678833E-016  -6.0825101072934572E-015  -3.1235814657260151E-016   3.0778530770978718E-016  -7.9629463374249983E-016  -4.1998897843673215E-015   1.9999999999999845       -2.9268037646246276E-016  -2.5957968413647935E-015 -0.99999999999999245       -7.8062556418956536E-016 -0.99999999999999267        5.6223924473112236E-016   2.9613866263059712E-016   2.3124339259010650E-015   5.0548818607058919E-015   1.0660106585168177E-016  -4.2148210716618652E-016   1.4995800445612699E-015   8.6611941860975489E-016  -5.4320446828123540E-016
  -2.4419689125422438E-015   3.6510353508441457E-018   1.3242654894045125E-015   4.5087840546334330E-016   7.4350989481992963E-016   2.7747235274774095E-016  -1.3453020389051135E-015   1.7800220591287522E-016  -2.9268037646246276E-016   2.0000000000000022       -5.3177406054982779E-016  -2.4895992385698479E-016  -1.9095510762900947E-015  -2.6154670639824085E-015  -1.4996173624346400E-016  -1.6486201665015010E-016   4.5668699985794427E-016   1.7584755381509429E-015  -3.0831412364117493E-016   7.0121619719614710E-017   8.0602991006346042E-018  -4.2054164539355272E-016  -3.3524204078137622E-016
   2.3351945765216239E-016   2.2615936192223283E-016  -6.8773810411944778E-016   1.3192637117427598E-016  -5.9570738529743418E-017  -1.6053967961884038E-016   1.2099141853572120E-015   3.0152377826873038E-016  -2.5957968413647935E-015  -5.3177406054982779E-016   2.0000000000000004       -1.1196013734171550E-015  -1.1064283170214573E-015   2.0120979670823846E-015  -6.5376803241814891E-016  -5.8201758625831921E-016   1.0562107878810923E-015   9.7368537152248626E-016   2.4998000957493055E-016   2.1085742640965774E-016   4.4860146039669711E-016   2.0936890973064804E-016  -7.6912066930343473E-017
   2.9338629077549918E-016   4.1570708389112824E-017  -1.8024151937295268E-015  -8.7624958476078920E-015  -4.9242706468842048E-016  -7.2101562765281294E-017   1.3967375427650481E-015  -7.5550086174067226E-016 -0.99999999999999245       -2.4895992385698479E-016  -1.1196013734171550E-015   1.9999999999999847        1.3488830278435258E-015 -0.99999999999999523        1.2701299988213391E-015   1.7021699304660009E-015   2.1380631135076674E-015   3.6684377342465831E-015  -3.7192084482370362E-016  -1.2505678183448485E-015   6.2200180682061901E-016   1.8516876117721042E-015   5.0522104805319952E-016
  -9.3742459648655840E-016  -6.7126391469319382E-017  -6.6776558040311917E-016  -3.8906761373360961E-016   7.0957125239372296E-016   6.7846682925856496E-016   9.1792735128429907E-016   5.1732554208236588E-016  -7.8062556418956536E-016  -1.9095510762900947E-015  -1.1064283170214573E-015   1.3488830278435258E-015   2.0000000000000013        7.1658987337711972E-017  -1.3768507059387206E-015  -2.3948710742250186E-016   2.3297780255781462E-018  -2.4571608275948174E-016   4.3523336404854605E-016  -2.7872988781374370E-016   1.1013112950443428E-015   1.7491808610298304E-016   2.5354565827189708E-016
  -1.1510851075791782E-015   1.0209278191605081E-016   1.0242605916333865E-015  -1.2471846420171870E-015   7.5042392140559794E-016   4.3343357239360541E-016  -1.2933435762620315E-015  -1.0616258955005898E-014 -0.99999999999999267       -2.6154670639824085E-015   2.0120979670823846E-015 -0.99999999999999523        7.1658987337711972E-017   1.9999999999999913       -3.4191609777156143E-016   1.0998952159481127E-015  -1.6396183923540167E-015   1.4141083732403672E-015   8.0844253891412795E-016  -7.8073030316084023E-016   3.6388780150206445E-015   1.2882663062018996E-015  -6.3104302887048099E-016
 -0.12644672886524239       -2.8328699283564874E-016   2.1907044637176891E-015  -4.1639730178717366E-016   2.2141727842283854E-002   6.3863121966638447E-016  -1.2712326941255657E-015  -2.7422104954884694E-017   5.6223924473112236E-016  -1.4996173624346400E-016  -6.5376803241814891E-016   1.2701299988213391E-015  -1.3768507059387206E-015  -3.4191609777156143E-016   2.2777626535847908       -3.0713386433006448E-016  -9.0697944534167804E-016  -5.5030849637597580E-016 -0.81281735199060201        1.8692563072675471E-016   6.1250787654009458E-016  -1.5648696082227433E-016   3.6749605386794621E-017
   1.0532157308647331E-015 -0.12644672886524272        1.4394520257286947E-015   1.9923967698951235E-016  -2.7447933249186058E-016   2.2141727842278441E-002  -3.6350689276100642E-015  -1.3168315060594493E-015   2.9613866263059712E-016  -1.6486201665015010E-016  -5.8201758625831921E-016   1.7021699304660009E-015  -2.3948710742250186E-016   1.0998952159481127E-015  -3.0713386433006448E-016   2.2777626535847970        2.1977561541757054E-015  -3.4104435865036221E-015   2.3512688762320711E-016 -0.81281735199060612       -9.1397556690909558E-016   5.1974600991523832E-016   5.3279740557451436E-016
   1.7994845093363840E-015  -3.5100480645586914E-016 -0.12644672886523631       -7.8599766506409946E-016  -2.3796148338119323E-016  -9.7864295018846235E-016   2.2141727842275534E-002  -1.6556462584795302E-015   2.3124339259010650E-015   4.5668699985794427E-016   1.0562107878810923E-015   2.1380631135076674E-015   2.3297780255781462E-018  -1.6396183923540167E-015  -9.0697944534167804E-016   2.1977561541757054E-015   2.2777626535847930       -1.2458353253808019E-015   9.3547448072020942E-017  -9.0261415516889426E-016 -0.81281735199060423       -1.3787408177306458E-015  -8.0634006103981964E-016
  -4.9495309514616392E-016  -2.8008965031200096E-015   6.2025593156630392E-016 -0.40311482741799343       -1.6468893005465376E-015   1.8154315331809157E-015  -3.7143508152929933E-016 -0.28368695763391116        5.0548818607058919E-015   1.7584755381509429E-015   9.7368537152248626E-016   3.6684377342465831E-015  -2.4571608275948174E-016   1.4141083732403672E-015  -5.5030849637597580E-016  -3.4104435865036221E-015  -1.2458353253808019E-015   2.5342275418846780       -8.3135580033553285E-016   2.0935369287634896E-015  -5.6630698692009904E-015 -0.98063734783038803       0.23563794095373980     
   5.1253389730662180E-002  -3.2648667899724268E-016   5.2186038693516346E-016   2.6204911904116752E-016  -3.2474094598082433E-002  -1.4139309230279417E-016  -3.8630631625427004E-016   4.4405932944637470E-017   1.0660106585168177E-016  -3.0831412364117493E-016   2.4998000957493055E-016  -3.7192084482370362E-016   4.3523336404854605E-016   8.0844253891412795E-016 -0.81281735199060201        2.3512688762320711E-016   9.3547448072020942E-017  -8.3135580033553285E-016   2.2909200178519171        1.2524349154436530E-016  -1.5544642063031677E-015   4.7038881269192261E-016  -5.6695175464875944E-016
   3.1084552741192208E-016   5.1253389730666774E-002   5.6451675440065291E-016  -6.7706723443546479E-016  -6.5900744424552791E-016  -3.2474094598081385E-002  -5.9896600788195884E-016   1.1680611837704969E-015  -4.2148210716618652E-016   7.0121619719614710E-017   2.1085742640965774E-016  -1.2505678183448485E-015  -2.7872988781374370E-016  -7.8073030316084023E-016   1.8692563072675471E-016 -0.81281735199060612       -9.0261415516889426E-016   2.0935369287634896E-015   1.2524349154436530E-016   2.2909200178519096        2.5178532136655652E-016  -7.6204183969635957E-017  -2.7925608188846733E-016
   5.8348464553283957E-016  -2.0494166858446649E-016   5.1253389730661986E-002  -8.3819296701944465E-016  -7.3832643286958169E-016  -1.4336724375852633E-015  -3.2474094598076840E-002   1.2492899428548979E-015   1.4995800445612699E-015   8.0602991006346042E-018   4.4860146039669711E-016   6.2200180682061901E-016   1.1013112950443428E-015   3.6388780150206445E-015   6.1250787654009458E-016  -9.1397556690909558E-016 -0.81281735199060423       -5.6630698692009904E-015  -1.5544642063031677E-015   2.5178532136655652E-016   2.2909200178519189        6.7292667108175685E-016  -1.9161210244551110E-016
  -6.8999653418668816E-016   1.2773596637594490E-015  -9.7593673249522092E-016  0.15090663860550887        8.1732646651787552E-016  -1.6429730461232754E-015   2.2482617744001352E-015   6.3452941289501907E-002   8.6611941860975489E-016  -4.2054164539355272E-016   2.0936890973064804E-016   1.8516876117721042E-015   1.7491808610298304E-016   1.2882663062018996E-015  -1.5648696082227433E-016   5.1974600991523832E-016  -1.3787408177306458E-015 -0.98063734783038803        4.7038881269192261E-016  -7.6204183969635957E-017   6.7292667108175685E-016   2.5409165412177073      -0.68450174129102170     
   7.1137613549405307E-016   6.2685089375224121E-016   6.7593096986788014E-016  -4.6928834967209600E-002  -5.9065967334866334E-016  -6.3688780056858243E-016  -8.3750961746807652E-016  -6.7001761965737941E-003  -5.4320446828123540E-016  -3.3524204078137622E-016  -7.6912066930343473E-017   5.0522104805319952E-016   2.5354565827189708E-016  -6.3104302887048099E-016   3.6749605386794621E-017   5.3279740557451436E-016  -8.0634006103981964E-016  0.23563794095373980       -5.6695175464875944E-016  -2.7925608188846733E-016  -1.9161210244551110E-016 -0.68450174129102170        2.1849818869163236     
