   2.2634722715471319E-003   6.7920395666771674E-018   2.6144889526865596E-017  -9.2828819637689732E-017  -6.0772093505002843E-003  -2.7479231116587432E-017   4.4952144389904286E-017  -2.9133813930715116E-016  -6.5994338013914189E-002  -4.3957198314235553E-016   4.9766573782979310E-017  -3.1624287678971203E-015  -9.1383837952011320E-016
   6.7920395666771674E-018   2.2634722715472837E-003   1.9624165201105479E-018  -2.8878263646598030E-016   1.4748008281999797E-017  -6.0772093505006546E-003   3.3186830282762434E-017  -2.2857277288517251E-016   2.4482640307438297E-016  -6.5994338013916395E-002   6.3245620830873793E-017  -1.4182975105677015E-016  -2.9920443083238621E-016
   2.6144889526865596E-017   1.9624165201105479E-018   2.2634722715471896E-003  -8.6071841672282641E-017  -9.3688620229903627E-017   4.6714661134463562E-018  -6.0772093505004655E-003   1.8470172497911134E-016  -8.4476798115334234E-016  -1.2506674400270237E-016  -6.5994338013915035E-002   1.1226205243343777E-015   1.8645249750125173E-015
  -9.2828819637689732E-017  -2.8878263646598030E-016  -8.6071841672282641E-017  0.99114521801110256        5.9108271482716296E-018   3.9863086372827405E-016   7.9488941024497964E-017  0.50176289704853005        3.1788457447426258E-016  -1.4227636590247102E-015   3.5937944403872395E-015 -0.44270804328182517        9.4116950084969883E-002
  -6.0772093505002843E-003   1.4748008281999797E-017  -9.3688620229903627E-017   5.9108271482716296E-018   1.6316733345517833E-002  -1.4780301413113843E-017  -5.7618569204026576E-017   5.9416354337166369E-017  0.17718856691984194        2.1851755973266443E-016   5.5131680470887900E-016   1.4719384914352631E-015   1.3004983662498423E-015
  -2.7479231116587432E-017  -6.0772093505006546E-003   4.6714661134463562E-018   3.9863086372827405E-016  -1.4780301413113843E-017   1.6316733345518732E-002  -1.1579242144453767E-016   3.7607848793828931E-016  -3.8784283402058806E-016  0.17718856691984683       -4.5963226443217922E-016   2.2248624763872905E-017   8.7285745777017205E-016
   4.4952144389904286E-017   3.3186830282762434E-017  -6.0772093505004655E-003   7.9488941024497964E-017  -5.7618569204026576E-017  -1.1579242144453767E-016   1.6316733345518395E-002  -4.5959643651793342E-016  -1.0891827262153597E-015  -7.8542993506638968E-016  0.17718856691984503       -1.0539246132996002E-015  -1.3483262762754566E-015
  -2.9133813930715116E-016  -2.2857277288517251E-016   1.8470172497911134E-016  0.50176289704853005        5.9416354337166369E-017   3.7607848793828931E-016  -4.5959643651793342E-016  0.27054337322562866       -4.2275234207318921E-016   1.0986980681947177E-015  -2.7641862090287911E-015  -4.3555124088627412E-002  -2.1493277599164629E-002
  -6.5994338013914189E-002   2.4482640307438297E-016  -8.4476798115334234E-016   3.1788457447426258E-016  0.17718856691984194       -3.8784283402058806E-016  -1.0891827262153597E-015  -4.2275234207318921E-016   1.9241466770511177       -9.5816366993406442E-017   9.5379975618981039E-016  -2.5724740729311518E-016  -1.3082543314658410E-016
  -4.3957198314235553E-016  -6.5994338013916395E-002  -1.2506674400270237E-016  -1.4227636590247102E-015   2.1851755973266443E-016  0.17718856691984683       -7.8542993506638968E-016   1.0986980681947177E-015  -9.5816366993406442E-017   1.9241466770511180        1.3425133400801751E-016   2.6781112839822617E-016  -1.7295673760304840E-015
   4.9766573782979310E-017   6.3245620830873793E-017  -6.5994338013915035E-002   3.5937944403872395E-015   5.5131680470887900E-016  -4.5963226443217922E-016  0.17718856691984503       -2.7641862090287911E-015   9.5379975618981039E-016   1.3425133400801751E-016   1.9241466770511186       -6.5906661211460595E-016  -3.7756184402704117E-016
  -3.1624287678971203E-015  -1.4182975105677015E-016   1.1226205243343777E-015 -0.44270804328182517        1.4719384914352631E-015   2.2248624763872905E-017  -1.0539246132996002E-015  -4.3555124088627412E-002  -2.5724740729311518E-016   2.6781112839822617E-016  -6.5906661211460595E-016   2.2160810120267058      -0.50891872245298986     
  -9.1383837952011320E-016  -2.9920443083238621E-016   1.8645249750125173E-015   9.4116950084969883E-002   1.3004983662498423E-015   8.7285745777017205E-016  -1.3483262762754566E-015  -2.1493277599164629E-002  -1.3082543314658410E-016  -1.7295673760304840E-015  -3.7756184402704117E-016 -0.50891872245298986        2.1170307643735415     
