  0.43745373259940407        1.3645171384674737E-016  -1.7903851376836014E-016  -2.2035883802174065E-016  0.29654703052960274        1.9446558273934569E-016  -4.6686599859362786E-017   4.5506456373815148E-017 -0.20280151078757558        1.0742596997506335E-015  -9.4377258016021460E-017   8.5939630079295085E-016  -3.3396499098118849E-016
   1.3645171384674737E-016  0.43745373259940518       -3.7696274875278087E-018   8.5707663418342575E-016   1.4341202180235245E-016  0.29654703052960107        5.8763704809157923E-017   3.3167698943535934E-016   7.0747876347999780E-016 -0.20280151078757624        3.1326031246542652E-016  -5.3477501227150594E-016  -3.3939432806443588E-016
  -1.7903851376836014E-016  -3.7696274875278087E-018  0.43745373259940051       -1.3467574835739774E-015  -2.2831371745206455E-016   1.9224799754387455E-016  0.29654703052960241       -7.9235497259396185E-016   9.8602681873398539E-017  -1.7379676121647832E-016 -0.20280151078757697       -1.5220618784743172E-015  -1.6726426532931642E-015
  -2.2035883802174065E-016   8.5707663418342575E-016  -1.3467574835739774E-015  0.75412937315798101       -5.5828734769350364E-017   9.9794311920004481E-017   1.8393542871513103E-015  0.58433758915769085       -1.1014924623354287E-015  -1.6236305763725421E-015  -4.5706515920257269E-015 -0.57611484121601186       0.12732006757862499     
  0.29654703052960274        1.4341202180235245E-016  -2.2831371745206455E-016  -5.5828734769350364E-017  0.22188553242016823       -1.9085409895004939E-016  -1.2669478103199454E-016   1.1647596934313116E-016   5.9343988459092598E-002  -1.1586580626150519E-015   2.7506124412662522E-016  -1.1630793804742516E-015  -3.5383080563696803E-016
   1.9446558273934569E-016  0.29654703052960107        1.9224799754387455E-016   9.9794311920004481E-017  -1.9085409895004939E-016  0.22188553242016554        2.7323175883967483E-016  -6.2135698637532170E-017  -8.9765841244579536E-016   5.9343988459093139E-002   5.0910745888130281E-016   1.0350101223139988E-016   9.8487710783151314E-016
  -4.6686599859362786E-017   5.8763704809157923E-017  0.29654703052960241        1.8393542871513103E-015  -1.2669478103199454E-016   2.7323175883967483E-016  0.22188553242016984        2.9978321392890427E-015  -5.4373300109475377E-016   4.6404700015326657E-016   5.9343988459092792E-002   1.1840286418924385E-015   1.8553014907685313E-015
   4.5506456373815148E-017   3.3167698943535934E-016  -7.9235497259396185E-016  0.58433758915769085        1.1647596934313116E-016  -6.2135698637532170E-017   2.9978321392890427E-015  0.49644974166170380        1.4414485625425729E-015  -2.1889607075058588E-016   3.6852735957349590E-015 -0.16448291952034724       -2.3523365641146765E-002
 -0.20280151078757558        7.0747876347999780E-016   9.8602681873398539E-017  -1.1014924623354287E-015   5.9343988459092598E-002  -8.9765841244579536E-016  -5.4373300109475377E-016   1.4414485625425729E-015   1.9512614273573807        8.1840153957121008E-016  -6.5905261933604758E-016   9.0316227768271207E-016   3.7032611607845303E-016
   1.0742596997506335E-015 -0.20280151078757624       -1.7379676121647832E-016  -1.6236305763725421E-015  -1.1586580626150519E-015   5.9343988459093139E-002   4.6404700015326657E-016  -2.1889607075058588E-016   8.1840153957121008E-016   1.9512614273573803        3.2394182144677604E-016   2.7938911944070324E-016  -4.0505255770057728E-016
  -9.4377258016021460E-017   3.1326031246542652E-016 -0.20280151078757697       -4.5706515920257269E-015   2.7506124412662522E-016   5.0910745888130281E-016   5.9343988459092792E-002   3.6852735957349590E-015  -6.5905261933604758E-016   3.2394182144677604E-016   1.9512614273573821       -2.8136469504971026E-016  -9.1648712726579031E-016
   8.5939630079295085E-016  -5.3477501227150594E-016  -1.5220618784743172E-015 -0.57611484121601186       -1.1630793804742516E-015   1.0350101223139988E-016   1.1840286418924385E-015 -0.16448291952034724        9.0316227768271207E-016   2.7938911944070324E-016  -2.8136469504971026E-016   2.3218690192092382      -0.55453296589476087     
  -3.3396499098118849E-016  -3.3939432806443588E-016  -1.6726426532931642E-015  0.12732006757862499       -3.5383080563696803E-016   9.8487710783151314E-016   1.8553014907685313E-015  -2.3523365641146765E-002   3.7032611607845303E-016  -4.0505255770057728E-016  -9.1648712726579031E-016 -0.55453296589476087        2.1348088822389513     
