  0.45152717788968200        2.0395060391595945E-016  -2.1392096559663641E-016  -2.9137787128513532E-016  0.42264588666294711        2.7711348198363802E-016   5.2288844229348409E-016  -5.8797249036174175E-017 -0.24786037109259279        8.2936442230972667E-016   1.2052022407223607E-015   6.2429107272410556E-016   2.9422407666786763E-017
   2.0395060391595945E-016  0.45152717788967967       -5.2257886977690679E-016  -3.7500786784111977E-016   6.5051374306050664E-017  0.42264588666294733        5.6370746112078942E-016   1.1920694273700551E-015  -3.5415999536112950E-016 -0.24786037109259809       -1.4706269189453589E-016  -2.6427424247394006E-016   8.2085037945895196E-017
  -2.1392096559663641E-016  -5.2257886977690679E-016  0.45152717788968300        3.7563749186524828E-016   1.9349093016137150E-016  -1.8053458409155267E-016  0.42264588666294617       -1.2571656354181474E-015   1.1226446922105620E-015   1.0048364283045100E-015 -0.24786037109259690        3.5967399486012693E-015  -6.3462498910206037E-016
  -2.9137787128513532E-016  -3.7500786784111977E-016   3.7563749186524828E-016  0.57298214277922666        3.6523858951970337E-016  -8.8996379171021088E-016   3.0011777939967166E-016  0.60926265600002116        1.3132944506804498E-016  -9.4100488311028095E-016   8.1382481376860992E-016 -0.56777986529615498       0.12406069673044375     
  0.42264588666294711        6.5051374306050664E-017   1.9349093016137150E-016   3.6523858951970337E-016  0.41683291280802420        2.3850350064647577E-017   2.4548477707915506E-016   4.2569146600036670E-016  -3.3707675648999041E-002  -1.1287130480029282E-015  -1.6766158864179009E-015  -8.3357127151784137E-016   5.4343284215428360E-016
   2.7711348198363802E-016  0.42264588666294733       -1.8053458409155267E-016  -8.8996379171021088E-016   2.3850350064647577E-017  0.41683291280802831        6.5485977991522328E-016   6.2964246833793995E-016   5.6418987026909202E-016  -3.3707675648998014E-002  -5.1164423211991517E-016  -1.2763616089599942E-015   3.6040935430248366E-016
   5.2288844229348409E-016   5.6370746112078942E-016  0.42264588666294617        3.0011777939967166E-016   2.4548477707915506E-016   6.5485977991522328E-016  0.41683291280802304       -2.2625840995652704E-015  -2.1957485449185877E-015  -8.0634639902395092E-016  -3.3707675648995739E-002  -1.3852563312585290E-015   3.6031509080757369E-017
  -5.8797249036174175E-017   1.1920694273700551E-015  -1.2571656354181474E-015  0.60926265600002116        4.2569146600036670E-016   6.2964246833793995E-016  -2.2625840995652704E-015  0.70623440772647916       -3.6115338733902168E-016   1.2844345485438645E-015   4.2149813613482723E-016 -0.28502850111108818       -1.3634883338175512E-002
 -0.24786037109259279       -3.5415999536112950E-016   1.1226446922105620E-015   1.3132944506804498E-016  -3.3707675648999041E-002   5.6418987026909202E-016  -2.1957485449185877E-015  -3.6115338733902168E-016   1.9890555793114801        3.2351943435041213E-016   1.4518246359892382E-015   3.1049786065222133E-016  -8.4870787456624723E-016
   8.2936442230972667E-016 -0.24786037109259809        1.0048364283045100E-015  -9.4100488311028095E-016  -1.1287130480029282E-015  -3.3707675648998014E-002  -8.0634639902395092E-016   1.2844345485438645E-015   3.2351943435041213E-016   1.9890555793114864        9.6840313359606459E-016  -7.3279462426933894E-017  -1.7858548286132636E-016
   1.2052022407223607E-015  -1.4706269189453589E-016 -0.24786037109259690        8.1382481376860992E-016  -1.6766158864179009E-015  -5.1164423211991517E-016  -3.3707675648995739E-002   4.2149813613482723E-016   1.4518246359892382E-015   9.6840313359606459E-016   1.9890555793114810        1.6720356714270158E-016   7.0878510018915346E-017
   6.2429107272410556E-016  -2.6427424247394006E-016   3.5967399486012693E-015 -0.56777986529615498       -8.3357127151784137E-016  -1.2763616089599942E-015  -1.3852563312585290E-015 -0.28502850111108818        3.1049786065222133E-016  -7.3279462426933894E-017   1.6720356714270158E-016   2.3722311518582075      -0.56677439975327593     
   2.9422407666786763E-017   8.2085037945895196E-017  -6.3462498910206037E-016  0.12406069673044375        5.4343284215428360E-016   3.6040935430248366E-016   3.6031509080757369E-017  -1.3634883338175512E-002  -8.4870787456624723E-016  -1.7858548286132636E-016   7.0878510018915346E-017 -0.56677439975327593        2.1402895600789025     
