$DATA

HYDROGEN
S   3
1        19.2384000              0.0328280
2         2.8987000              0.2312040
3         0.6535000              0.8172260
S   1
1         0.1776000              1.0000000

OXYGEN
S   7
1      7817.0000000              0.0011760
2      1176.0000000              0.0089680
3       273.2000000              0.0428680
4        81.1700000              0.1439300
5        27.1800000              0.3556300
6         9.5320000              0.4612480
7         3.4140000              0.1402060
S   2
1         9.5320000             -0.1541530
2         0.9398000              1.0569140
S   1
1         0.2846000              1.0000000
P   4
1        35.1800000              0.0195800
2         7.9040000              0.1242000
3         2.3050000              0.3947140
4         0.7171000              0.6273760
P   1
1         0.2137000              1.0000000

ARGON
S   2
1         2.6130000             -0.5110463
2         0.5736000              1.2701236
S   1
1         0.2014000              1.0000000
P   2
1         7.8600000             -0.0555167
2         0.7387000              1.0115982
P   1
1         0.2081000              1.0000000
$END

$ECP
AR-ECP GEN    10    2
5     ----- d-ul potential -----
    -10.0000000       1     711.5242175
    -99.0606669       2     144.6708689
    -35.2711767       2      32.9246992
    -11.8151947       2       9.9103877
     -1.0453382       2       3.1328926
5     ----- s-d potential -----
      3.0000000       0     152.8553033
     11.2465621       1      82.1424792
    250.7412812       2      83.7154800
    139.1606543       2      23.8557161
     41.2897981       2       4.3128823
6     ----- p-d potential -----
      5.0000000       0     212.5573747
      5.2787358       1     266.4884712
    631.7135166       2     139.9222477
    305.1649809       2      50.1097659
    106.4807615       2      14.5537276
     17.0215765       2       3.4828623
$END

