   1.9951954847671833E-002   6.4556550515464037E-002   2.4987148837350475E-017   5.8279879600880245E-018   1.8888655198922532E-018   5.2474331465369804E-002  -5.8971672392372986E-018   7.8405924591681252E-019   2.5871935877184610E-019  -1.3596601523919882E-016  -1.5468626808863379E-020   1.9763541503809613E-019  -1.3454320189160027E-016   1.0696182533116269E-019  -1.4401522401594283E-016   2.6846237040408633E-002   1.0795315245918371E-018  -6.7335587905753446E-019  -7.6015471276463403E-019
   6.4556550515464037E-002  0.20887919235352342        8.0848425553853076E-017   1.8857039424026217E-017   6.1116137883637662E-018  0.16978596111872413       -1.9080875918400833E-017   2.5369023087004265E-018   8.3711242739866572E-019  -4.3993167577762060E-016  -5.0050293097359090E-020   6.3946920248971707E-019  -4.3532802052430888E-016   3.4608571104616295E-019  -4.6597569787834352E-016   8.6863691847793773E-002   3.4929324937040422E-018  -2.1787104648713060E-018  -2.4595567947510868E-018
   2.4987148837350475E-017   8.0848425553853076E-017   3.1293054329098009E-032   7.2987736636743038E-033   2.3655508565264476E-033   6.5717065845237648E-017  -7.3854114371536895E-033   9.8192910041144487E-034   3.2401131488578656E-034  -1.7027920750330695E-031  -1.9372381470059365E-035   2.4751186381442168E-034  -1.6849732451712115E-031   1.3395534772755946E-034  -1.8035976247964704E-031   3.3621313088013414E-017   1.3519685206552938E-033  -8.4328797348290367E-034  -9.5199187710068939E-034
   5.8279879600880245E-018   1.8857039424026217E-017   7.2987736636743038E-033   1.7023616944930265E-033   5.5173969629557373E-034   1.5327809947882327E-017  -1.7225690380364376E-033   2.2902456827342343E-034   7.5572209313613085E-035  -3.9715822627157790E-032  -4.5184029078569308E-036   5.7729522150729396E-035  -3.9300217283091743E-032   3.1243666847601897E-035  -4.2067005365754100E-032   7.8418153729647059E-018   3.1533234592252708E-034  -1.9668799302940085E-034  -2.2204202784236996E-034
   1.8888655198922532E-018   6.1116137883637662E-018   2.3655508565264476E-033   5.5173969629557373E-034   1.7882021984698683E-034   4.9677816605474111E-018  -5.5828894703685204E-034   7.4227437184572509E-035   2.4493142644105247E-035  -1.2871997757775371E-032  -1.4644257188038091E-036   1.8710282968519012E-035  -1.2737299023037858E-032   1.0126150813555311E-035  -1.3634021982312948E-032   2.5415520369623966E-018   1.0220000446102532E-034  -6.3747072017704006E-035  -7.1964378312146283E-035
   5.2474331465369804E-002  0.16978596111872413        6.5717065845237648E-017   1.5327809947882327E-017   4.9677816605474111E-018  0.13800930704586112       -1.5509753845226200E-017   2.0621029404308035E-018   6.8044086368238557E-019  -3.5759532367425046E-016  -4.0683023627487774E-020   5.1978797853059195E-019  -3.5385327534939919E-016   2.8131330084797997E-019  -3.7876502121063579E-016   7.0606532132397773E-002   2.8392052548854988E-018  -1.7709492559293549E-018  -1.9992331912894702E-018
  -5.8971672392372986E-018  -1.9080875918400833E-017  -7.3854114371536895E-033  -1.7225690380364376E-033  -5.5828894703685204E-034  -1.5509753845226200E-017   1.7430162464301936E-033  -2.3174313163510715E-034  -7.6469265210062603E-035   4.0187256679352659E-032   4.5720371737840704E-036  -5.8414782098994497E-035   3.9766718024114731E-032  -3.1614534866770647E-035   4.2566348385523752E-032  -7.9348991504945414E-018  -3.1907539833319826E-034   1.9902271535008422E-034   2.2467770717667424E-034
   7.8405924591681252E-019   2.5369023087004265E-018   9.8192910041144487E-034   2.2902456827342343E-034   7.4227437184572509E-035   2.0621029404308035E-018  -2.3174313163510715E-034   3.0811462124944359E-035   1.0166988993883242E-035  -5.3431060862289240E-033  -6.0787626895322726E-037   7.7665509803069611E-036  -5.2871932712232975E-033   4.2033178578901634E-036  -5.6594187789903220E-033   1.0549863675169141E-018   4.2422744015665713E-035  -2.6461111545123042E-035  -2.9872076967931660E-035
   2.5871935877184610E-019   8.3711242739866572E-019   3.2401131488578656E-034   7.5572209313613085E-035   2.4493142644105247E-035   6.8044086368238557E-019  -7.6469265210062603E-035   1.0166988993883242E-035   3.3548445309922021E-036  -1.7630874040171220E-033  -2.0058351372708285E-037   2.5627618065319766E-036  -1.7446376150238560E-033   1.3869866423627031E-036  -1.8674624464247050E-033   3.4811833153992834E-019   1.3998412985030592E-035  -8.7314853399112614E-036  -9.8570160846575750E-036
  -1.3596601523919882E-016  -4.3993167577762060E-016  -1.7027920750330695E-031  -3.9715822627157790E-032  -1.2871997757775371E-032  -3.5759532367425046E-016   4.0187256679352659E-032  -5.3431060862289240E-033  -1.7630874040171220E-033   9.2656370973008881E-031   1.0541360806401473E-034  -1.3468204022129080E-033   9.1686770436223917E-031  -7.2890968749793507E-034   9.8141642223660179E-031  -1.8294828263293096E-016  -7.3566525608380049E-033   4.5886990228440744E-033   5.1802045488272246E-033
  -1.5468626808863379E-020  -5.0050293097359090E-020  -1.9372381470059365E-035  -4.5184029078569308E-036  -1.4644257188038091E-036  -4.0683023627487774E-020   4.5720371737840704E-036  -6.0787626895322726E-037  -2.0058351372708285E-037   1.0541360806401473E-034   1.1992730395528530E-038  -1.5322551112308018E-037   1.0431050970294160E-034  -8.2926839574100809E-038   1.1165410969028067E-034  -2.0813721019864066E-020  -8.3695409346132386E-037   5.2204863544539143E-037   5.8934323270719245E-037
   1.9763541503809613E-019   6.3946920248971707E-019   2.4751186381442168E-034   5.7729522150729396E-035   1.8710282968519012E-035   5.1978797853059195E-019  -5.8414782098994497E-035   7.7665509803069611E-036   2.5627618065319766E-036  -1.3468204022129080E-033  -1.5322551112308018E-037   1.9576907413580247E-036  -1.3327266300175888E-033   1.0595174710423632E-036  -1.4265523748173730E-033   2.6592718559161093E-019   1.0693371278068642E-035  -6.6699714209410742E-036  -7.5297630381282520E-036
  -1.3454320189160027E-016  -4.3532802052430888E-016  -1.6849732451712115E-031  -3.9300217283091743E-032  -1.2737299023037858E-032  -3.5385327534939919E-016   3.9766718024114731E-032  -5.2871932712232975E-033  -1.7446376150238560E-033   9.1686770436223917E-031   1.0431050970294160E-034  -1.3327266300175888E-033   9.0727316262727966E-031  -7.2128202825719452E-034   9.7114641187663003E-031  -1.8103382439134442E-016  -7.2796690334558799E-033   4.5406806838030346E-033   5.1259964133428123E-033
   1.0696182533116269E-019   3.4608571104616295E-019   1.3395534772755946E-034   3.1243666847601897E-035   1.0126150813555311E-035   2.8131330084797997E-019  -3.1614534866770647E-035   4.2033178578901634E-036   1.3869866423627031E-036  -7.2890968749793507E-034  -8.2926839574100809E-038   1.0595174710423632E-036  -7.2128202825719452E-034   5.7341910431945320E-037  -7.7206125183362824E-034   1.4392186324791387E-019   5.7873357901243302E-036  -3.6098404628190011E-036  -4.0751663800441381E-036
  -1.4401522401594283E-016  -4.6597569787834352E-016  -1.8035976247964704E-031  -4.2067005365754100E-032  -1.3634021982312948E-032  -3.7876502121063579E-016   4.2566348385523752E-032  -5.6594187789903220E-033  -1.8674624464247050E-033   9.8141642223660179E-031   1.1165410969028067E-034  -1.4265523748173730E-033   9.7114641187663003E-031  -7.7206125183362824E-034   1.0395164236642389E-030  -1.9377884878336625E-016  -7.7921675110700838E-033   4.8603507027402199E-033   5.4868734458041237E-033
   2.6846237040408633E-002   8.6863691847793773E-002   3.3621313088013414E-017   7.8418153729647059E-018   2.5415520369623966E-018   7.0606532132397773E-002  -7.9348991504945414E-018   1.0549863675169141E-018   3.4811833153992834E-019  -1.8294828263293096E-016  -2.0813721019864066E-020   2.6592718559161093E-019  -1.8103382439134442E-016   1.4392186324791387E-019  -1.9377884878336625E-016   3.6122798429142809E-002   1.4525573771117457E-018  -9.0603009478245111E-019  -1.0228217616803800E-018
   1.0795315245918371E-018   3.4929324937040422E-018   1.3519685206552938E-033   3.1533234592252708E-034   1.0220000446102532E-034   2.8392052548854988E-018  -3.1907539833319826E-034   4.2422744015665713E-035   1.3998412985030592E-035  -7.3566525608380049E-033  -8.3695409346132386E-037   1.0693371278068642E-035  -7.2796690334558799E-033   5.7873357901243302E-036  -7.7921675110700838E-033   1.4525573771117457E-018   5.8409730850186030E-035  -3.6432966306390715E-035  -4.1129352099161918E-035
  -6.7335587905753446E-019  -2.1787104648713060E-018  -8.4328797348290367E-034  -1.9668799302940085E-034  -6.3747072017704006E-035  -1.7709492559293549E-018   1.9902271535008422E-034  -2.6461111545123042E-035  -8.7314853399112614E-036   4.5886990228440744E-033   5.2204863544539143E-037  -6.6699714209410742E-036   4.5406806838030346E-033  -3.6098404628190011E-036   4.8603507027402199E-033  -9.0603009478245111E-019  -3.6432966306390715E-035   2.2724998293300191E-035   2.5654360624873070E-035
  -7.6015471276463403E-019  -2.4595567947510868E-018  -9.5199187710068939E-034  -2.2204202784236996E-034  -7.1964378312146283E-035  -1.9992331912894702E-018   2.2467770717667424E-034  -2.9872076967931660E-035  -9.8570160846575750E-036   5.1802045488272246E-033   5.8934323270719245E-037  -7.5297630381282520E-036   5.1259964133428123E-033  -4.0751663800441381E-036   5.4868734458041237E-033  -1.0228217616803800E-018  -4.1129352099161918E-035   2.5654360624873070E-035   2.8961331947165569E-035
