   1.3139709796535617E-031   8.5837583583814398E-032  -1.6868404803952600E-031   2.6328194051795597E-016  -3.1321454376317806E-032   1.5435920876766165E-032  -1.6278545926248641E-032   3.0352131895411920E-016  -3.8436339548242994E-027   3.0222276620066288E-030   1.1630429628697805E-029   1.0555480988612766E-026  -1.5563291495144368E-029  -6.7118617763704082E-027   1.0593883871099583E-032  -4.1545384075106663E-032   8.5052028229097514E-032
   8.5837583583814398E-032   5.6074988486054519E-032  -1.1019597310030840E-031   1.7199379533692152E-016  -2.0461319158682391E-032   1.0083800700087782E-032  -1.0634261092552750E-032   1.9828091326692017E-016  -2.5109249440943205E-027   1.9743260967240555E-030   7.5977931843839961E-030   6.8955631110384263E-027  -1.0167007911437639E-029  -4.3846477978083278E-027   6.9206505040354208E-033  -2.7140290259750516E-032   5.5561809926829389E-032
  -1.6868404803952600E-031  -1.1019597310030840E-031   2.1655202819245907E-031  -3.3799424941622323E-016   4.0209637781160365E-032  -1.9816218615400896E-032   2.0897957911984793E-032  -3.8965247741602322E-016   4.9343535338419752E-027  -3.8798543043829133E-030  -1.4930831659043552E-029  -1.3550841607117627E-026   1.9979733577618690E-029   8.6165069994044561E-027  -1.3600142191183575E-032   5.3334842790771334E-032  -1.0918749833758794E-031
   2.6328194051795597E-016   1.7199379533692152E-016  -3.3799424941622323E-016  0.52754118071296030       -6.2759173647927867E-017   3.0929139722614940E-017  -3.2617517636526527E-017  0.60816930571692884       -7.7015354367541478E-012   6.0556737999643042E-015   2.3304031284682018E-014   2.1150143806943769E-011  -3.1184353757710503E-014  -1.3448637910077805E-011   2.1227092122996210E-017  -8.3244984160470522E-017   1.7041976865462248E-016
  -3.1321454376317806E-032  -2.0461319158682391E-032   4.0209637781160365E-032  -6.2759173647927867E-017   7.4661732978791877E-033  -3.6794990070903616E-033   3.8803576443995843E-033  -7.2351134774435960E-017   9.1621662441157202E-028  -7.2041595511754924E-031  -2.7723745549409228E-030  -2.5161363631645300E-027   3.7098606594722741E-030   1.5999232529790317E-027  -2.5252905541653622E-033   9.9032769521145824E-033  -2.0274064367033002E-032
   1.5435920876766165E-032   1.0083800700087782E-032  -1.9816218615400896E-032   3.0929139722614940E-017  -3.6794990070903616E-033   1.8133403020560362E-033  -1.9123279798205937E-033   3.5656275034497037E-017  -4.5153226764233794E-028   3.5503727087342651E-031   1.3662888624732769E-030   1.2400088881673386E-027  -1.8283032108093872E-030  -7.8847835241506431E-028   1.2445202804635561E-033  -4.8805587894132087E-033   9.9915173050395384E-033
  -1.6278545926248641E-032  -1.0634261092552750E-032   2.0897957911984793E-032  -3.2617517636526527E-017   3.8803576443995843E-033  -1.9123279798205937E-033   2.0167192546585243E-033  -3.7602700567198927E-017   4.7618077435616407E-028  -3.7441825243754807E-031  -1.4408726355788885E-030  -1.3076992164018800E-027   1.9281076925618215E-030   8.3152026847720428E-028  -1.3124568792113494E-033   5.1469815784559705E-033  -1.0536940077725307E-032
   3.0352131895411920E-016   1.9828091326692017E-016  -3.8965247741602322E-016  0.60816930571692884       -7.2351134774435960E-017   3.5656275034497037E-017  -3.7602700567198927E-017  0.70112043938700730       -8.8786195860482247E-012   6.9812084159859578E-015   2.6865763365916633E-014   2.4382680907485387E-011  -3.5950495368772203E-014  -1.5504095376130796E-011   2.4471389819055960E-017  -9.5967947284928090E-017   1.9646631613298645E-016
  -3.8436339548242994E-027  -2.5109249440943205E-027   4.9343535338419752E-027  -7.7015354367541478E-012   9.1621662441157202E-028  -4.5153226764233794E-028   4.7618077435616407E-028  -8.8786195860482247E-012   1.1243415727928353E-022  -8.8406342611620444E-026  -3.4021386257589766E-025  -3.0876941550133282E-022   4.5525811883103393E-025   1.9633568947273449E-022  -3.0989277838662554E-028   1.2152874863294080E-027  -2.4879458427173636E-027
   3.0222276620066288E-030   1.9743260967240555E-030  -3.8798543043829133E-030   6.0556737999643042E-015  -7.2041595511754924E-031   3.5503727087342651E-031  -3.7441825243754807E-031   6.9812084159859578E-015  -8.8406342611620444E-026   6.9513407696464226E-029   2.6750823792272414E-028   2.4278364685026404E-025  -3.5796688661190341E-028  -1.5437764332862079E-025   2.4366694073992855E-031  -9.5557368408229054E-031   1.9562577591441132E-030
   1.1630429628697805E-029   7.5977931843839961E-030  -1.4930831659043552E-029   2.3304031284682018E-014  -2.7723745549409228E-030   1.3662888624732769E-030  -1.4408726355788885E-030   2.6865763365916633E-014  -3.4021386257589766E-025   2.6750823792272414E-028   1.0294511480288241E-027   9.3430357851195600E-025  -1.3775628939149911E-027  -5.9409102085499840E-025   9.3770275573290065E-031  -3.6773313365729532E-030   7.5282608551776813E-030
   1.0555480988612766E-026   6.8955631110384263E-027  -1.3550841607117627E-026   2.1150143806943769E-011  -2.5161363631645300E-027   1.2400088881673386E-027  -1.3076992164018800E-027   2.4382680907485387E-011  -3.0876941550133282E-022   2.4278364685026404E-025   9.3430357851195600E-025   8.4795007367926638E-022  -1.2502409112608277E-024  -5.3918184248904708E-022   8.5103508013887927E-028  -3.3374520332635208E-027   6.8324573443159120E-027
  -1.5563291495144368E-029  -1.0167007911437639E-029   1.9979733577618690E-029  -3.1184353757710503E-014   3.7098606594722741E-030  -1.8283032108093872E-030   1.9281076925618215E-030  -3.5950495368772203E-014   4.5525811883103393E-025  -3.5796688661190341E-028  -1.3775628939149911E-027  -1.2502409112608277E-024   1.8433895870873428E-027   7.9498453861067364E-025  -1.2547895296371155E-030   4.9208310735225695E-030  -1.0073963033275612E-029
  -6.7118617763704082E-027  -4.3846477978083278E-027   8.6165069994044561E-027  -1.3448637910077805E-011   1.5999232529790317E-027  -7.8847835241506431E-028   8.3152026847720428E-028  -1.5504095376130796E-011   1.9633568947273449E-022  -1.5437764332862079E-025  -5.9409102085499840E-025  -5.3918184248904708E-022   7.9498453861067364E-025   3.4284690607839507E-022  -5.4114349037212038E-028   2.1221692082716803E-027  -4.3445210443244909E-027
   1.0593883871099583E-032   6.9206505040354208E-033  -1.3600142191183575E-032   2.1227092122996210E-017  -2.5252905541653622E-033   1.2445202804635561E-033  -1.3124568792113494E-033   2.4471389819055960E-017  -3.0989277838662554E-028   2.4366694073992855E-031   9.3770275573290065E-031   8.5103508013887927E-028  -1.2547895296371155E-030  -5.4114349037212038E-028   8.5413131044898922E-034  -3.3495943296095682E-033   6.8573151463216202E-033
  -4.1545384075106663E-032  -2.7140290259750516E-032   5.3334842790771334E-032  -8.3244984160470522E-017   9.9032769521145824E-033  -4.8805587894132087E-033   5.1469815784559705E-033  -9.5967947284928090E-017   1.2152874863294080E-027  -9.5557368408229054E-031  -3.6773313365729532E-030  -3.3374520332635208E-027   4.9208310735225695E-030   2.1221692082716803E-027  -3.3495943296095682E-033   1.3135898468649620E-032  -2.6891911875225048E-032
   8.5052028229097514E-032   5.5561809926829389E-032  -1.0918749833758794E-031   1.7041976865462248E-016  -2.0274064367033002E-032   9.9915173050395384E-033  -1.0536940077725307E-032   1.9646631613298645E-016  -2.4879458427173636E-027   1.9562577591441132E-030   7.5282608551776813E-030   6.8324573443159120E-027  -1.0073963033275612E-029  -4.3445210443244909E-027   6.8573151463216202E-033  -2.6891911875225048E-032   5.5053327797166868E-032
