   2.2188325440914437E-030  -1.4562520038936614E-030   6.9122672250472978E-031   1.6492143284822161E-016  -2.5458859113788826E-030   4.4457052027896618E-031   9.6437704204012631E-031   6.5697578522090171E-016   9.4175373819441401E-032  -4.1680230377492015E-031  -7.6182197380855819E-031  -1.5497403911183607E-031  -2.2314186738348614E-031   1.3989126142750346E-031  -1.0985123279423078E-030   3.0309708814495169E-031   2.2184519720080524E-030   5.7300378603917303E-016   6.5995796662440487E-016  -5.7147541025402426E-032  -3.6218923594670187E-031   3.3558275974850602E-031   7.9248680150478114E-016
  -1.4562520038936614E-030   1.2861168448844940E-030  -3.6621007840225912E-031  -1.9322722037505178E-016   1.5409438788649819E-030  -3.3002785636138772E-031  -5.7721750291523652E-031  -7.8144200591409856E-016   4.3877435431069673E-031   6.7124940354297706E-032   2.3985491944042231E-031   3.1717111890523833E-031   4.3306514132016094E-032   2.6376675374941450E-031   6.7063136937591692E-031  -2.3270573536724913E-031  -1.1235196377496650E-030  -6.6631427092046696E-016  -4.0018168742797532E-017   2.7963091283042111E-032   1.3608167451491401E-031  -9.9905893511565390E-032  -1.8690151428774468E-016
   6.9122672250472978E-031  -3.6621007840225912E-031   2.3848619270254625E-031   2.8879833868573485E-017  -8.2751515340175236E-031   1.2837035849607312E-031   3.1517910509685821E-031   1.1194540581514983E-016   1.6185224113349002E-031  -1.8449088448629194E-031  -3.0619236238098129E-031   8.7576598536054728E-033  -9.6819178703286701E-032   1.3770871458590053E-031  -3.5554198948144134E-031   8.5481109084329952E-032   7.7912276447008249E-031   1.0167316259611444E-016   3.0966185053671586E-016  -2.0329408956682842E-032  -1.3973480974188516E-031   1.3640001235952176E-031   3.3509076840562445E-016
   1.6492143284822161E-016  -1.9322722037505178E-016   2.8879833868573485E-017   3.4121783548409057E-002  -1.5579801630878737E-016   4.2884080839209840E-017   5.7346593372212239E-017  0.13893846994500461       -1.2177877751930372E-016   2.2125142492072297E-017   1.0298173785009214E-017  -6.6947423827949199E-017   9.9490440513771057E-018  -8.1077568292490390E-017  -6.8700373264811908E-017   3.1218429151222013E-017   7.9359564796993846E-017  0.11725752092554750       -5.2080097553608630E-002  -1.7924848354921797E-018  -7.7616495516562789E-019  -6.0156432570600792E-018  -2.6819071066158863E-002
  -2.5458859113788826E-030   1.5409438788649819E-030  -8.2751515340175236E-031  -1.5579801630878737E-016   2.9722702157209363E-030  -4.9505278257376267E-031  -1.1284434512068554E-030  -6.1602619793510527E-016  -3.0497902847452287E-031   5.5944453508041860E-031   9.7644903165173618E-031   9.3058336531074507E-032   2.9660840786100474E-031  -3.0039101042828884E-031   1.2802341282144509E-030  -3.3448517884411620E-031  -2.6762432142699140E-030  -5.4328615137496425E-016  -9.1188360383047198E-016   6.9325368078438235E-032   4.5555468637425841E-031  -4.3238809899206819E-031  -1.0403821390412342E-015
   4.4457052027896618E-031  -3.3002785636138772E-031   1.2837035849607312E-031   4.2884080839209840E-017  -4.9505278257376267E-031   9.3503869404159854E-032   1.8677376182027993E-031   1.7218727146203533E-016  -3.9089783568602284E-032  -5.9610594141364477E-032  -1.2252067946745502E-031  -5.5997491801800437E-032  -3.2766828317204246E-032  -1.3141094561852869E-032  -2.1427221257847485E-031   6.4640247090856371E-032   4.0599844950575659E-031   1.4841364913203280E-016   8.6713926025176963E-017  -1.0345221782226569E-032  -6.0802254916347436E-032   5.3304606726568207E-032   1.2020343328333590E-016
   9.6437704204012631E-031  -5.7721750291523652E-031   3.1517910509685821E-031   5.7346593372212239E-017  -1.1284434512068554E-030   1.8677376182027993E-031   4.2854683138624678E-031   2.2646940058207129E-016   1.2535858095627962E-031  -2.1597151438797936E-031  -3.7498714016709726E-031  -3.1018012499382938E-032  -1.1438083185338924E-031   1.2077230837688419E-031  -4.8593920947796629E-031   1.2603886589552488E-031   1.0202871889207311E-030   2.0009450294898871E-016   3.5314206622431348E-016  -2.6447794292578098E-032  -1.7455961253686508E-031   1.6615174547071161E-031   4.0064039851448416E-016
   6.5697578522090171E-016  -7.8144200591409856E-016   1.1194540581514983E-016  0.13893846994500461       -6.1602619793510527E-016   1.7218727146203533E-016   2.2646940058207129E-016  0.56588439955665326       -5.0285521005428322E-016   9.5453035933794941E-017   5.0243083123604243E-017  -2.7432571849601178E-016   4.3288243288067883E-017  -3.3558009966307534E-016  -2.7188859222260083E-016   1.2555789327109743E-016   3.0435074487192707E-016  0.47738984608726903      -0.22139723406598749       -6.8022489976828473E-018   5.0990008046830868E-019  -2.8228758184361173E-017 -0.11864520052374818     
   9.4175373819441401E-032   4.3877435431069673E-031   1.6185224113349002E-031  -1.2177877751930372E-016  -3.0497902847452287E-031  -3.9089783568602284E-032   1.2535858095627962E-031  -5.0285521005428322E-016   7.6251888633212325E-031  -3.3048683368390888E-031  -4.2651841696637447E-031   3.1990293486165959E-031  -1.6576375742523575E-031   5.4473867288687914E-031  -1.2290120445695501E-031  -3.8319550159624841E-032   5.9796231367687366E-031  -4.1547891316872651E-016   6.2369933474915799E-016  -1.6886849721528215E-032  -1.6936774060399900E-031   1.9659469089703856E-031   5.3855511134912739E-016
  -4.1680230377492015E-031   6.7124940354297706E-032  -1.8449088448629194E-031   2.2125142492072297E-017   5.5944453508041860E-031  -5.9610594141364477E-032  -2.1597151438797936E-031   9.5453035933794941E-017  -3.3048683368390888E-031   2.0728497760199969E-031   3.0565841906682760E-031  -1.0552129213188921E-031   1.0636806935220181E-031  -2.4846694845083015E-031   2.3780740238063331E-031  -3.5828953494286687E-032  -6.2448715686380428E-031   7.3725336631165023E-017  -3.6961910619848067E-016   1.6698520478582530E-032   1.3154026490802744E-031  -1.3823573241434853E-031  -3.5708326608906057E-016
  -7.6182197380855819E-031   2.3985491944042231E-031  -3.0619236238098129E-031   1.0298173785009214E-017   9.7644903165173618E-031  -1.2252067946745502E-031  -3.7498714016709726E-031   5.0243083123604243E-017  -4.2651841696637447E-031   3.0565841906682760E-031   4.6641376893997989E-031  -1.1645408109688237E-031   1.5783561348877262E-031  -3.2803164624155345E-031   4.1680599588462748E-031  -7.7467410472633902E-032  -1.0235045942871250E-030   3.1814998117741259E-017  -5.3615597777231148E-016   2.7136401725821250E-032   2.0438258633317357E-031  -2.0998341187278897E-031  -5.3448851087085975E-016
  -1.5497403911183607E-031   3.1717111890523833E-031   8.7576598536054728E-033  -6.6947423827949199E-017   9.3058336531074507E-032  -5.5997491801800437E-032  -3.1018012499382938E-032  -2.7432571849601178E-016   3.1990293486165959E-031  -1.0552129213188921E-031  -1.1645408109688237E-031   1.5134691799843485E-031  -5.1685755998093214E-032   2.2213846447339410E-031   4.3894815090954771E-032  -4.3200275695312693E-032   6.1897923792829780E-032  -2.2931842867755095E-016   2.1029966337675529E-016  -2.2329261656649015E-033  -4.0985045308265902E-032   5.5048370845872779E-032   1.6197459150228904E-016
  -2.2314186738348614E-031   4.3306514132016094E-032  -9.6819178703286701E-032   9.9490440513771057E-018   2.9660840786100474E-031  -3.2766828317204246E-032  -1.1438083185338924E-031   4.3288243288067883E-017  -1.6576375742523575E-031   1.0636806935220181E-031   1.5783561348877262E-031  -5.1685755998093214E-032   5.4644768861264945E-032  -1.2508803117284803E-031   1.2619102925020863E-031  -1.9935194937685116E-032  -3.2691182013443864E-031   3.2994883588166359E-017  -1.8911125219118753E-016   8.7269096570978019E-033   6.8154940659396587E-032  -7.1321978633760628E-032  -1.8373638350932891E-016
   1.3989126142750346E-031   2.6376675374941450E-031   1.3770871458590053E-031  -8.1077568292490390E-017  -3.0039101042828884E-031  -1.3141094561852869E-032   1.2077230837688419E-031  -3.3558009966307534E-016   5.4473867288687914E-031  -2.4846694845083015E-031  -3.2803164624155345E-031   2.2213846447339410E-031  -1.2508803117284803E-031   3.9154670147190155E-031  -1.2343956929326831E-031  -1.7248196646042775E-032   4.9773400323714774E-031  -2.7627657358051703E-016   4.6474413579216375E-016  -1.3875297214113087E-032  -1.3222245985570085E-031   1.5068728946595518E-031   4.0862355261877378E-016
  -1.0985123279423078E-030   6.7063136937591692E-031  -3.5554198948144134E-031  -6.8700373264811908E-017   1.2802341282144509E-030  -2.1427221257847485E-031  -4.8593920947796629E-031  -2.7188859222260083E-016  -1.2290120445695501E-031   2.3780740238063331E-031   4.1680599588462748E-031   4.3894815090954771E-032   1.2619102925020863E-031  -1.2343956929326831E-031   5.5152806080729167E-031  -1.4491201199076792E-031  -1.1489859358801853E-030  -2.3946014301861804E-016  -3.8663769589344673E-016   2.9747148317844698E-032   1.9480034268122930E-031  -1.8447933477882618E-031  -4.4312315157031560E-016
   3.0309708814495169E-031  -2.3270573536724913E-031   8.5481109084329952E-032   3.1218429151222013E-017  -3.3448517884411620E-031   6.4640247090856371E-032   1.2603886589552488E-031   1.2555789327109743E-016  -3.8319550159624841E-032  -3.5828953494286687E-032  -7.7467410472633902E-032  -4.3200275695312693E-032  -1.9935194937685116E-032  -1.7248196646042775E-032  -1.4491201199076792E-031   4.4857524657729556E-032   2.6904909754439115E-031   1.0795060249106197E-016   4.9955312367634189E-017  -6.8306412216004318E-033  -3.9084397068732147E-032   3.3536454947517912E-032   7.4184018191392107E-017
   2.2184519720080524E-030  -1.1235196377496650E-030   7.7912276447008249E-031   7.9359564796993846E-017  -2.6762432142699140E-030   4.0599844950575659E-031   1.0202871889207311E-030   3.0435074487192707E-016   5.9796231367687366E-031  -6.2448715686380428E-031  -1.0235045942871250E-030   6.1897923792829780E-032  -3.2691182013443864E-031   4.9773400323714774E-031  -1.1489859358801853E-030   2.6904909754439115E-031   2.5526927993839256E-030   2.8079490135606810E-016   1.0554954087295958E-015  -6.6742799544129773E-032  -4.6440923105805465E-031   4.5664126062073978E-031   1.1277134315545580E-015
   5.7300378603917303E-016  -6.6631427092046696E-016   1.0167316259611444E-016  0.11725752092554750       -5.4328615137496425E-016   1.4841364913203280E-016   2.0009450294898871E-016  0.47738984608726903       -4.1547891316872651E-016   7.3725336631165023E-017   3.1814998117741259E-017  -2.2931842867755095E-016   3.2994883588166359E-017  -2.7627657358051703E-016  -2.3946014301861804E-016   1.0795060249106197E-016   2.8079490135606810E-016  0.40297620966444070      -0.17495541037446433       -6.3732811501820871E-018  -4.2457198852188893E-018  -1.9066539721466198E-017  -8.8101414801263350E-002
   6.5995796662440487E-016  -4.0018168742797532E-017   3.0966185053671586E-016  -5.2080097553608630E-002  -9.1188360383047198E-016   8.6713926025176963E-017   3.5314206622431348E-016 -0.22139723406598749        6.2369933474915799E-016  -3.6961910619848067E-016  -5.3615597777231148E-016   2.1029966337675529E-016  -1.8911125219118753E-016   4.6474413579216375E-016  -3.8663769589344673E-016   4.9955312367634189E-017   1.0554954087295958E-015 -0.17495541037446433       0.66410511095518865       -2.8354528096809907E-017  -2.2866433061954316E-016   2.4301957579712815E-016  0.63224018284243710     
  -5.7147541025402426E-032   2.7963091283042111E-032  -2.0329408956682842E-032  -1.7924848354921797E-018   6.9325368078438235E-032  -1.0345221782226569E-032  -2.6447794292578098E-032  -6.8022489976828473E-018  -1.6886849721528215E-032   1.6698520478582530E-032   2.7136401725821250E-032  -2.2329261656649015E-033   8.7269096570978019E-033  -1.3875297214113087E-032   2.9747148317844698E-032  -6.8306412216004318E-033  -6.6742799544129773E-032  -6.3732811501820871E-018  -2.8354528096809907E-017   1.7475800075900176E-033   1.2264363366242436E-032  -1.2119710001995826E-032  -3.0037373139887958E-017
  -3.6218923594670187E-031   1.3608167451491401E-031  -1.3973480974188516E-031  -7.7616495516562789E-019   4.5555468637425841E-031  -6.0802254916347436E-032  -1.7455961253686508E-031   5.0990008046830868E-019  -1.6936774060399900E-031   1.3154026490802744E-031   2.0438258633317357E-031  -4.0985045308265902E-032   6.8154940659396587E-032  -1.3222245985570085E-031   1.9480034268122930E-031  -3.9084397068732147E-032  -4.6440923105805465E-031  -4.2457198852188893E-018  -2.2866433061954316E-016   1.2264363366242436E-032   9.0385740839593347E-032  -9.1799537285910481E-032  -2.3186958986421779E-016
   3.3558275974850602E-031  -9.9905893511565390E-032   1.3640001235952176E-031  -6.0156432570600792E-018  -4.3238809899206819E-031   5.3304606726568207E-032   1.6615174547071161E-031  -2.8228758184361173E-017   1.9659469089703856E-031  -1.3823573241434853E-031  -2.0998341187278897E-031   5.5048370845872779E-032  -7.1321978633760628E-032   1.5068728946595518E-031  -1.8447933477882618E-031   3.3536454947517912E-032   4.5664126062073978E-031  -1.9066539721466198E-017   2.4301957579712815E-016  -1.2119710001995826E-032  -9.1799537285910481E-032   9.4592433528089384E-032   2.4124237952281096E-016
   7.9248680150478114E-016  -1.8690151428774468E-016   3.3509076840562445E-016  -2.6819071066158863E-002  -1.0403821390412342E-015   1.2020343328333590E-016   4.0064039851448416E-016 -0.11864520052374818        5.3855511134912739E-016  -3.5708326608906057E-016  -5.3448851087085975E-016   1.6197459150228904E-016  -1.8373638350932891E-016   4.0862355261877378E-016  -4.4312315157031560E-016   7.4184018191392107E-017   1.1277134315545580E-015  -8.8101414801263350E-002  0.63224018284243710       -3.0037373139887958E-017  -2.3186958986421779E-016   2.4124237952281096E-016  0.61915306793420910     
