 3.0233656381516379E-002  2.2744084777532605E-004 -2.5924962984672614E-002 -9.6525106189883665E-017  4.6306998272378275E-002  6.4768008857954721E-005 -7.3826150784122233E-003 -1.1520989704225037E-016  4.0746277572975553E-002  3.7572934875965418E-006 -4.2827704671904651E-004 -1.6115260590057861E-016  1.0484243805614447E-018 -3.8843886128404066E-018 -1.6020655681648803E-017 -2.2281393320258118E-018  6.7463668570750364E-019  8.7772213568608753E-019  2.5289904782297229E-002 -4.5168754061030168E-006  5.1485838561926220E-004  1.3671304421915594E-016  1.3601880355946828E-016
 2.2744084777532605E-004  5.5878896818460908E-002  2.2990355147496817E-004 -5.1603934652231450E-017  6.4768008857851668E-005  5.3609957156108619E-002  6.5469309510688583E-005  1.2170247339184261E-016  3.7572934874972831E-006  4.1169933639263460E-002  3.7979770351295771E-006  3.4709618468143267E-017 -3.0816085950864342E-017 -7.1397028020425654E-020  1.5670440068932142E-018 -3.1904469185164716E-017  3.6842391347084353E-019 -3.1038484923170047E-017 -4.5168754061668492E-006  2.4780601563697553E-002 -4.5657836206988554E-006  7.9583526107412720E-016  1.0281687853422973E-015
-2.5924962984672614E-002  2.2990355147496817E-004  2.9675238229458285E-002 -3.3339986056533163E-017 -7.3826150784105579E-003  6.5469309510810528E-005  4.6147978324236574E-002  1.8516072773120473E-016 -4.2827704671687464E-004  3.7979770352504928E-006  4.0737052577087304E-002  9.4894297229313168E-017  1.7100458839598514E-017 -3.2530296766357209E-018 -1.4092153113323908E-017  1.1316162931561797E-017  2.6649665271690146E-018  1.7702273498748674E-017  5.1485838562047997E-004 -4.5657836206327462E-006  2.5300994721692095E-002  2.3308600502497508E-016  3.2025115307433158E-016
-9.6525106189883665E-017 -5.1603934652231450E-017 -3.3339986056533163E-017  1.9218628252894803E-003 -5.9876298035829456E-016 -6.4304806318127398E-017 -6.0802063852829917E-016  1.4522685323419694E-002 -6.4195566827325859E-016 -3.8333726364923691E-017 -6.1656451823282435E-016  1.2029618509793069E-002  3.3833882752655248E-005 -1.0625889008397554E-006  1.2111974692156888E-004 -6.9927133480158224E-005 -1.0740944929209380E-006  3.6093250727065562E-005 -4.0779157429532325E-016 -2.4066786897417308E-017 -3.9477369878591790E-016 -4.5615239253048662E-003 -2.6037394451800411E-003
 4.6306998272378275E-002  6.4768008857851668E-005 -7.3826150784105579E-003 -5.9876298035829456E-016  2.1135831986510825E-001 -1.4182291676790996E-003  1.6165758717267353E-001  5.8851364352011884E-016  2.1233857116528418E-001 -1.5327631473487772E-003  1.7471280224271390E-001 -1.1613367569049521E-016  8.1075890457429701E-017 -3.4551779415545283E-017 -1.4512178216160000E-016  3.8444905634577659E-017  1.5105924522335814E-017  8.2808302270133432E-017  1.3518329412208113E-001 -9.8798401579381105E-004  1.1261587040953396E-001 -9.0846392893392591E-017 -1.1583424670980220E-016
 6.4768008857954721E-005  5.3609957156108619E-002  6.5469309510810528E-005 -6.4304806318127398E-017 -1.4182291676790996E-003  5.1444969402452009E-002 -1.4335855922278915E-003 -3.0997638442681335E-017 -1.5327631473486111E-003  3.9510867473844941E-002 -1.5493597328369499E-003 -8.9713856789973099E-017 -3.1271340176060467E-017  2.3618146467980869E-019 -9.1584263211627740E-019 -2.8907089937023981E-017  2.5689266334086348E-019 -3.1568110969316377E-017 -9.8798401579365297E-004  2.3782515059230236E-002 -9.9868179464330923E-004 -5.5686036261535205E-016 -7.1694315991777367E-016
-7.3826150784122233E-003  6.5469309510688583E-005  4.6147978324236574E-002 -6.0802063852829917E-016  1.6165758717267353E-001 -1.4335855922278915E-003  2.1484038968131600E-001  4.0104884091628303E-016  1.7471280224271429E-001 -1.5493597328371073E-003  2.1610184751893080E-001 -2.7473481790604677E-016  9.5673523781136578E-017 -3.4227420375230059E-017 -1.5065208340793893E-016  5.5328234461748798E-017  1.7224937564541556E-017  9.8056130377876740E-017  1.1261587040953233E-001 -9.9868179464345755E-004  1.3760901585922725E-001 -9.6200419249641807E-016 -1.2646006935518253E-015
-1.1520989704225037E-016  1.2170247339184261E-016  1.8516072773120473E-016  1.4522685323419694E-002  5.8851364352011884E-016 -3.0997638442681335E-017  4.0104884091628303E-016  1.0974555579409467E-001  4.3182063573278489E-016  4.7172147031664121E-017  5.4011476613455094E-016  9.0900791916373347E-002  2.5505284841992180E-004 -8.0102046767695561E-006  9.1304733417928640E-004 -5.2713768343821000E-004 -8.0969382643539050E-006  2.7208483501497683E-004  2.9525702928120417E-016  1.7905597705325507E-017  3.5364554615709901E-016 -3.5749093140769954E-002 -2.1294999171552812E-002
 4.0746277572975553E-002  3.7572934874972831E-006 -4.2827704671687464E-004 -6.4195566827325859E-016  2.1233857116528418E-001 -1.5327631473486111E-003  1.7471280224271429E-001  4.3182063573278489E-016  2.1498386256444285E-001 -1.6375018690467506E-003  1.8665149975303980E-001 -2.6848579620033200E-016  8.5644752242264577E-017 -3.5752430739830718E-017 -1.5252363975379663E-016  4.2951900454611829E-017  1.5953005065522266E-017  8.7502484238954072E-017  1.3705450813641329E-001 -1.0535012588515371E-003  1.2008388733676181E-001 -2.2350712557452615E-016 -3.2338542823629619E-016
 3.7572934875965418E-006  4.1169933639263460E-002  3.7979770352504928E-006 -3.8333726364923691E-017 -1.5327631473487772E-003  3.9510867473844941E-002 -1.5493597328371073E-003  4.7172147031664121E-017 -1.6375018690467506E-003  3.0346276315514613E-002 -1.6552325535324464E-003 -8.0287920337682041E-018 -2.3979220125954988E-017  2.5549872664086177E-019  5.3023949751028291E-019 -2.2820019054193658E-017  1.5097286021153488E-019 -2.4195584879801788E-017 -1.0535012588514818E-003  1.8266289801261739E-002 -1.0649084509769273E-003 -2.8901524177373065E-016 -3.5920075637365864E-016
-4.2827704671904651E-004  3.7979770351295771E-006  4.0737052577087304E-002 -6.1656451823282435E-016  1.7471280224271390E-001 -1.5493597328369499E-003  2.1610184751893080E-001  5.4011476613455094E-016  1.8665149975303980E-001 -1.6552325535324464E-003  2.1900429590634249E-001 -1.7269984882660340E-016  9.8976786597461854E-017 -3.5661845301203182E-017 -1.5052590126263336E-016  5.2200671026715631E-017  1.7568097047320494E-017  1.0146432855513097E-016  1.2008388733675987E-001 -1.0649084509769743E-003  1.3964108935924188E-001  1.6487246569895546E-015  2.0673663149183827E-015
-1.6115260590057861E-016  3.4709618468143267E-017  9.4894297229313168E-017  1.2029618509793069E-002 -1.1613367569049521E-016 -8.9713856789973099E-017 -2.7473481790604677E-016  9.0900791916373347E-002 -2.6848579620033200E-016 -8.0287920337682041E-018 -1.7269984882660340E-016  7.5298486613454146E-002  2.1206566359063632E-004 -6.6601466354887861E-006  7.5916026820293245E-004 -4.3829270417675771E-004 -6.7322619477497106E-006  2.2622704058338636E-004 -1.5250469825963741E-016 -1.1742026666320727E-017 -1.1130788831751617E-016 -2.7954272018851239E-002 -1.5540922784645299E-002
 1.0484243805614447E-018 -3.0816085950864342E-017  1.7100458839598514E-017  3.3833882752655248E-005  8.1075890457429701E-017 -3.1271340176060467E-017  9.5673523781136578E-017  2.5505284841992180E-004  8.5644752242264577E-017 -2.3979220125954988E-017  9.8976786597461854E-017  2.1206566359063632E-004  6.9241257104297665E-007 -2.1745949708699717E-008  2.4787233550196797E-006 -1.4310632519650847E-006 -2.1981412385427082E-008  7.3865068091537246E-007  5.5554910996643270E-017 -1.4295480956406968E-017  6.2298688933756494E-017  1.2100684882272958E-004  2.0896744124762181E-004
-3.8843886128404066E-018 -7.1397028020425654E-020 -3.2530296766357209E-018 -1.0625889008397554E-006 -3.4551779415545283E-017  2.3618146467980869E-019 -3.4227420375230059E-017 -8.0102046767695561E-006 -3.5752430739830718E-017  2.5549872664086177E-019 -3.5661845301203182E-017 -6.6601466354887861E-006 -2.1745949708699717E-008  6.8295456857606099E-010 -7.7846930680136070E-008  4.4944056200951704E-008  6.9034952317469906E-010 -2.3198106492040444E-008 -2.2896187926896848E-017  1.6054994738527625E-019 -2.2814978726342041E-017 -3.8003481722327508E-006 -6.5628436831282851E-006
-1.6020655681648803E-017  1.5670440068932142E-018 -1.4092153113323908E-017  1.2111974692156888E-004 -1.4512178216160000E-016 -9.1584263211627740E-019 -1.5065208340793893E-016  9.1304733417928640E-004 -1.5252363975379663E-016  5.3023949751028291E-019 -1.5052590126263336E-016  7.5916026820293245E-004  2.4787233550196797E-006 -7.7846930680136070E-008  8.8734227650795592E-006 -5.1229715541026763E-006 -7.8689848415093449E-008  2.6442481990588845E-006 -9.5865063273510850E-017  9.7566235847405006E-019 -9.9447166307680386E-017  4.3318465729341938E-004  7.4806914073980389E-004
-2.2281393320258118E-018 -3.1904469185164716E-017  1.1316162931561797E-017 -6.9927133480158224E-005  3.8444905634577659E-017 -2.8907089937023981E-017  5.5328234461748798E-017 -5.2713768343821000E-004  4.2951900454611829E-017 -2.2820019054193658E-017  5.2200671026715631E-017 -4.3829270417675771E-004 -1.4310632519650847E-006  4.4944056200951704E-008 -5.1229715541026763E-006  2.9576904244243890E-006  4.5430705343335554E-008 -1.5266271724453829E-006  2.6680397683737571E-017 -1.4101145779890997E-017  3.4993203687810390E-017 -2.5009432501180628E-004 -4.3188936557609248E-004
 6.7463668570750364E-019  3.6842391347084353E-019  2.6649665271690146E-018 -1.0740944929209380E-006  1.5105924522335814E-017  2.5689266334086348E-019  1.7224937564541556E-017 -8.0969382643539050E-006  1.5953005065522266E-017  1.5097286021153488E-019  1.7568097047320494E-017 -6.7322619477497106E-006 -2.1981412385427082E-008  6.9034952317469906E-010 -7.8689848415093449E-008  4.5430705343335554E-008  6.9782454950289576E-010 -2.3449292957694643E-008  1.0226186236593178E-017  7.9836154494537638E-020  1.1247119868214421E-017 -3.8414979113097821E-006 -6.6339054102724313E-006
 8.7772213568608753E-019 -3.1038484923170047E-017  1.7702273498748674E-017  3.6093250727065562E-005  8.2808302270133432E-017 -3.1568110969316377E-017  9.8056130377876740E-017  2.7208483501497683E-004  8.7502484238954072E-017 -2.4195584879801788E-017  1.0146432855513097E-016  2.2622704058338636E-004  7.3865068091537246E-007 -2.3198106492040444E-008  2.6442481990588845E-006 -1.5266271724453829E-006 -2.3449292957694643E-008  7.8797649152282481E-007  5.6788065651472481E-017 -1.4415157447675976E-017  6.3823745391750247E-017  1.2908747619212176E-004  2.2292192433160345E-004
 2.5289904782297229E-002 -4.5168754061668492E-006  5.1485838562047997E-004 -4.0779157429532325E-016  1.3518329412208113E-001 -9.8798401579365297E-004  1.1261587040953233E-001  2.9525702928120417E-016  1.3705450813641329E-001 -1.0535012588514818E-003  1.2008388733675987E-001 -1.5250469825963741E-016  5.5554910996643270E-017 -2.2896187926896848E-017 -9.5865063273510850E-017  2.6680397683737571E-017  1.0226186236593178E-017  5.6788065651472481E-017  8.7394634923675149E-002 -6.7756792031806320E-004  7.7232930784702766E-002  7.8975705167192697E-016  9.7837919208969242E-016
-4.5168754061030168E-006  2.4780601563697553E-002 -4.5657836206327462E-006 -2.4066786897417308E-017 -9.8798401579381105E-004  2.3782515059230236E-002 -9.9868179464345755E-004  1.7905597705325507E-017 -1.0535012588515371E-003  1.8266289801261739E-002 -1.0649084509769743E-003 -1.1742026666320727E-017 -1.4295480956406968E-017  1.6054994738527625E-019  9.7566235847405006E-019 -1.4101145779890997E-017  7.9836154494537638E-020 -1.4415157447675976E-017 -6.7756792031806320E-004  1.0995024216632895E-002 -6.8490454889839599E-004  2.2454032600743744E-016  2.8620936559313809E-016
 5.1485838561926220E-004 -4.5657836206988554E-006  2.5300994721692095E-002 -3.9477369878591790E-016  1.1261587040953396E-001 -9.9868179464330923E-004  1.3760901585922725E-001  3.5364554615709901E-016  1.2008388733676181E-001 -1.0649084509769273E-003  1.3964108935924188E-001 -1.1130788831751617E-016  6.2298688933756494E-017 -2.2814978726342041E-017 -9.9447166307680386E-017  3.4993203687810390E-017  1.1247119868214421E-017  6.3823745391750247E-017  7.7232930784702766E-002 -6.8490454889839599E-004  8.9058215716922240E-002 -7.4869611428554764E-016 -9.5955870934150545E-016
 1.3671304421915594E-016  7.9583526107412720E-016  2.3308600502497508E-016 -4.5615239253048662E-003 -9.0846392893392591E-017 -5.5686036261535205E-016 -9.6200419249641807E-016 -3.5749093140769954E-002 -2.2350712557452615E-016 -2.8901524177373065E-016  1.6487246569895546E-015 -2.7954272018851239E-002  1.2100684882272958E-004 -3.8003481722327508E-006  4.3318465729341938E-004 -2.5009432501180628E-004 -3.8414979113097821E-006  1.2908747619212176E-004  7.8975705167192697E-016  2.2454032600743744E-016 -7.4869611428554764E-016  4.2958953767941233E-001  5.3622033751313525E-001
 1.3601880355946828E-016  1.0281687853422973E-015  3.2025115307433158E-016 -2.6037394451800411E-003 -1.1583424670980220E-016 -7.1694315991777367E-016 -1.2646006935518253E-015 -2.1294999171552812E-002 -3.2338542823629619E-016 -3.5920075637365864E-016  2.0673663149183827E-015 -1.5540922784645299E-002  2.0896744124762181E-004 -6.5628436831282851E-006  7.4806914073980389E-004 -4.3188936557609248E-004 -6.6339054102724313E-006  2.2292192433160345E-004  9.7837919208969242E-016  2.8620936559313809E-016 -9.5955870934150545E-016  5.3622033751313525E-001  6.7441523914373902E-001
