 4.0900817888754638E-003  4.9679939513877458E-011 -2.3912549548750697E-011  1.0987676958428007E-010  3.3242338189658938E-002  1.8025060899516658E-010 -8.6760011040416878E-011  1.1788920194795223E-010  3.9431511415390565E-002  2.4506748342391749E-010 -1.1795818746182765E-010  1.9873683020365530E-010 -1.4773080164736281E-011  5.4025010966896702E-010 -2.6003900861786443E-010  1.2872187033970609E-011 -7.9364697494461136E-012  1.9008966063366039E-012  2.6005514792033561E-002  1.5872438930411896E-010 -7.6398746823725507E-011 -6.6777863001086090E-011 -3.9048361664781459E-011
 4.9679939513877458E-011  4.0900783107081099E-003  1.6744902572384856E-009 -7.6942090994812913E-009  1.8025024660060387E-010  3.3242325570055430E-002  6.0754449974254767E-009 -8.2553196987313625E-009  2.4506696604267867E-010  3.9431494257866608E-002  8.2601311739076295E-009 -1.3916749039891934E-008  9.8348716255057391E-011  8.7702360279754742E-012 -7.9364737226912546E-012  3.4763519642421073E-011  2.9560572214428038E-010 -1.3311219093683085E-010  1.5872407380130375E-010  2.6005503679511342E-002  5.3498915043819621E-009  4.6763065389178354E-009  2.7345385939111925E-009
-2.3912549548750697E-011  1.6744902572384856E-009  4.0900809835992336E-003  3.7034579378098080E-009 -8.6760606023478688E-011  6.0754384453754778E-009  3.3242335267929107E-002  3.9735483485907552E-009 -1.1795913275063610E-010  8.2601245455307051E-009  3.9431507443026474E-002  6.6985715593749392E-009 -4.7338189415879719E-011 -7.9364739039775325E-012 -3.8983011396135276E-012  4.3386423906439819E-010  2.7298220350921681E-010 -3.8652604463856050E-010 -7.6399321559317253E-011  5.3498869177739279E-009  2.6005512219227506E-002 -2.2508565135495021E-009 -1.3162226336718363E-009
 1.0987676958428007E-010 -7.6942090994812913E-009  3.7034579378098080E-009  5.1468881732160277E-004  9.3909450563285399E-010 -6.5760858198540093E-008  3.1652713776533287E-008 -1.5315816878588642E-002  1.1200866768929730E-009 -7.8434981164232579E-008  3.7753156127285233E-008 -2.1162996705798683E-002  1.4803746099822936E-010  5.9477273757666141E-012 -2.8628237358375146E-012 -2.1258382599371302E-010  2.0047158468369832E-010  6.4545536301610816E-011  7.3795265315598380E-010 -5.1675735709504513E-008  2.4873112784926576E-008  7.1603423030776265E-003  4.3729781894023666E-003
 3.3242338189658938E-002  1.8025024660060387E-010 -8.6760606023478688E-011  9.3909450563285399E-010  2.7017871655311881E-001 -3.5172314052050979E-010  1.6929578708813046E-010 -4.1303923527567594E-010  3.2048152224364279E-001 -1.6316370689152931E-010  7.8537649677791666E-011 -2.7981992448210661E-010 -1.2006891919889967E-010  4.3909089790883672E-009 -2.1134796595470377E-009  1.0461931516343226E-010 -6.4504033998008833E-011  1.5449632283262230E-011  2.1136108325859199E-001 -1.3118064596190050E-010  6.3142296936780036E-011  6.7598635052657825E-011  3.8606951266337075E-011
 1.8025060899516658E-010  3.3242325570055430E-002  6.0754384453754778E-009 -6.5760858198540093E-008 -3.5172314052050979E-010  2.7017874117779034E-001 -1.1855028712209317E-008  2.8923434816602302E-008 -1.6316441856189137E-010  3.2048153366701804E-001 -5.4995469503013394E-009  1.9594672791832617E-008  7.9933349975424397E-010  7.1280500223558708E-011 -6.4504066290694989E-011  2.8254285805182873E-010  2.4025492217270344E-009 -1.0818759923808739E-009 -1.3118090573675835E-010  2.1136109244275916E-001 -4.4215262142767306E-009 -4.7337976999200377E-009 -2.7036442739031305E-009
-8.6760011040416878E-011  6.0754449974254767E-009  3.3242335267929107E-002  3.1652713776533287E-008  1.6929578708813046E-010 -1.1855028712209317E-008  2.7017872225430672E-001 -1.3921746222237626E-008  7.8535726303194390E-011 -5.4995376799411658E-009  3.2048152488842030E-001 -9.4315313042615195E-009 -3.8474320823447954E-010 -6.4504067763993551E-011 -3.1683635968126145E-011  3.5262523334224703E-009  2.2186764059504368E-009 -3.1415090844718913E-009  6.3141410276265646E-011 -4.4215218288967585E-009  2.1136108538494169E-001  2.2785316517412736E-009  1.3013553038041394E-009
 1.1788920194795223E-010 -8.2553196987313625E-009  3.9735483485907552E-009 -1.5315816878588642E-002 -4.1303923527567594E-010  2.8923434816602302E-008 -1.3921746222237626E-008  4.5583836128074356E-001 -6.7284047505000810E-010  4.7116196608296208E-008 -2.2678453451044861E-008  6.2994104888437030E-001 -4.4051581636184993E-009 -1.7698682147800358E-010  8.5189189980074489E-011  6.3258675821668593E-009 -5.9654430115654885E-009 -1.9206847653767051E-009 -4.2137193900417574E-010  2.9506924817038614E-008 -1.4202582255472273E-008 -2.0715895112464008E-001 -1.2326600944728684E-001
 3.9431511415390565E-002  2.4506696604267867E-010 -1.1795913275063610E-010  1.1200866768929730E-009  3.2048152224364279E-001 -1.6316441856189137E-010  7.8535726303194390E-011 -6.7284047505000810E-010  3.8014987786578447E-001  1.0780038035179802E-010 -5.1886578322513420E-011 -5.8458700976470006E-010 -1.4242376217494629E-010  5.2084235636675222E-009 -2.5069745951332025E-009  1.2409769637618076E-010 -7.6513613966988199E-011  1.8326099305822608E-011  2.5071301903405596E-001  4.3134359373142363E-011 -2.0761517507812926E-011  1.7022374909139249E-010  1.0325876586049922E-010
 2.4506748342391749E-010  3.9431494257866608E-002  8.2601245455307051E-009 -7.8434981164232579E-008 -1.6316370689152931E-010  3.2048153366701804E-001 -5.4995376799411658E-009  4.7116196608296208E-008  1.0780038035179802E-010  3.8014987031854292E-001  3.6334620081197660E-009  4.0936199431050518E-008  9.4815598004602148E-010  8.4551742122623172E-011 -7.6513652272040359E-011  3.3514793335828014E-010  2.8498638701361957E-009 -1.2833034799423076E-009  4.3134607872302844E-011  2.5071301601415624E-001  1.4538681136127288E-009 -1.1919942301859965E-008 -7.2306438237088163E-009
-1.1795818746182765E-010  8.2601311739076295E-009  3.9431507443026474E-002  3.7753156127285233E-008  7.8537649677791666E-011 -5.4995469503013394E-009  3.2048152488842030E-001 -2.2678453451044861E-008 -5.1886578322513420E-011  3.6334620081197660E-009  3.8014987611841844E-001 -1.9703825538711766E-008 -4.5637593542856271E-010 -7.6513654019631030E-011 -3.7582606393601713E-011  4.1827820296409453E-009  2.6317573577561397E-009 -3.7264060459159423E-009 -2.0761063010280460E-011  1.4538660458228629E-009  2.5071301833487752E-001  5.7374227494383413E-009  3.4803219385869871E-009
 1.9873683020365530E-010 -1.3916749039891934E-008  6.6985715593749392E-009 -2.1162996705798683E-002 -2.7981992448210661E-010  1.9594672791832617E-008 -9.4315313042615195E-009  6.2994104888437030E-001 -5.8458700976470006E-010  4.0936199431050518E-008 -1.9703825538711766E-008  8.7061253547318729E-001 -6.0868722932975424E-009 -2.4455334778840693E-010  1.1771103374857250E-010  8.7408321465374589E-009 -8.2428118166028741E-009 -2.6539257944607727E-009 -3.5476673018934068E-010  2.4842860723204894E-008 -1.1957623476099686E-008 -2.8059605922593378E-001 -1.6376909850926002E-001
-1.4773080164736281E-011  9.8348716255057391E-011 -4.7338189415879719E-011  1.4803746099822936E-010 -1.2006891919889967E-010  7.9933349975424397E-010 -3.8474320823447954E-010 -4.4051581636184993E-009 -1.4242376217494629E-010  9.4815598004602148E-010 -4.5637593542856271E-010 -6.0868722932975424E-009  4.5545592278547984E-017  6.2121225460227885E-020 -2.9900841112227525E-020 -6.5376808162583833E-017  6.1638157881593591E-017  1.9830978535726362E-017 -9.3930035471760859E-011  6.2531930220543614E-010 -3.0098495130690836E-010  2.0642430249623935E-009  1.2632863150685889E-009
 5.4025010966896702E-010  8.7702360279754742E-012 -7.9364739039775325E-012  5.9477273757666141E-012  4.3909089790883672E-009  7.1280500223558708E-011 -6.4504067763993551E-011 -1.7698682147800358E-010  5.2084235636675222E-009  8.4551742122623172E-011 -7.6513654019631030E-011 -2.4455334778840693E-010  6.2121225460227885E-020  7.1463413295169705E-017 -3.4390529988213740E-017 -1.5236992458720941E-018  1.3725002856885686E-018  1.4615689895917320E-018  3.4350125360542991E-009  5.5762803281942960E-011 -5.0461595465113735E-011  8.2935520768469774E-011  5.0755350642376184E-011
-2.6003900861786443E-010 -7.9364737226912546E-012 -3.8983011396135276E-012 -2.8628237358375146E-012 -2.1134796595470377E-009 -6.4504066290694989E-011 -3.1683635968126145E-011  8.5189189980074489E-011 -2.5069745951332025E-009 -7.6513652272040359E-011 -3.7582606393601713E-011  1.1771103374857250E-010 -2.9900841112227525E-020 -3.4390529988213740E-017  1.6567786036943878E-017 -1.1691591997586767E-019 -1.4442731884382559E-018  1.4682105760613192E-019 -1.6533772755970725E-009 -5.0461594312555418E-011 -2.4786141428492005E-011 -3.9919362472714213E-011 -2.4430051024068332E-011
 1.2872187033970609E-011  3.4763519642421073E-011  4.3386423906439819E-010 -2.1258382599371302E-010  1.0461931516343226E-010  2.8254285805182873E-010  3.5262523334224703E-009  6.3258675821668593E-009  1.2409769637618076E-010  3.3514793335828014E-010  4.1827820296409453E-009  8.7408321465374589E-009 -6.5376808162583833E-017 -1.5236992458720941E-018 -1.1691591997586767E-019  1.3416373239097012E-016 -5.1357190925170793E-017 -6.8786581017240776E-017  8.1843793963938924E-011  2.2103371189249202E-010  2.7585906960935096E-009 -2.9642818485993985E-009 -1.8140971040963079E-009
-7.9364697494461136E-012  2.9560572214428038E-010  2.7298220350921681E-010  2.0047158468369832E-010 -6.4504033998008833E-011  2.4025492217270344E-009  2.2186764059504368E-009 -5.9654430115654885E-009 -7.6513613966988199E-011  2.8498638701361957E-009  2.6317573577561397E-009 -8.2428118166028741E-009  6.1638157881593591E-017  1.3725002856885686E-018 -1.4442731884382559E-018 -5.1357190925170793E-017  1.1768359102599379E-016 -1.0281286163709033E-017 -5.0461569049956242E-011  1.8795165466875369E-009  1.7356728639748644E-009  2.7953878587166348E-009  1.7107363679363777E-009
 1.9008966063366039E-012 -1.3311219093683085E-010 -3.8652604463856050E-010  6.4545536301610816E-011  1.5449632283262230E-011 -1.0818759923808739E-009 -3.1415090844718913E-009 -1.9206847653767051E-009  1.8326099305822608E-011 -1.2833034799423076E-009 -3.7264060459159423E-009 -2.6539257944607727E-009  1.9830978535726362E-017  1.4615689895917320E-018  1.4682105760613192E-019 -6.8786581017240776E-017 -1.0281286163709033E-017  4.8955496620013749E-017  1.2086263606095249E-011 -8.4635272822506721E-010 -2.4576057129345281E-009  9.0002679876234172E-010  5.5080317252175321E-010
 2.6005514792033561E-002  1.5872407380130375E-010 -7.6399321559317253E-011  7.3795265315598380E-010  2.1136108325859199E-001 -1.3118090573675835E-010  6.3141410276265646E-011 -4.2137193900417574E-010  2.5071301903405596E-001  4.3134607872302844E-011 -2.0761063010280460E-011 -3.5476673018934068E-010 -9.3930035471760859E-011  3.4350125360542991E-009 -1.6533772755970725E-009  8.1843793963938924E-011 -5.0461569049956242E-011  1.2086263606095249E-011  1.6534798923534882E-001  1.0007040923455915E-011 -4.8162723512854017E-012  9.0715506061156437E-011  4.8883370185588488E-011
 1.5872438930411896E-010  2.6005503679511342E-002  5.3498869177739279E-009 -5.1675735709504513E-008 -1.3118064596190050E-010  2.1136109244275916E-001 -4.4215218288967585E-009  2.9506924817038614E-008  4.3134359373142363E-011  2.5071301601415624E-001  1.4538660458228629E-009  2.4842860723204894E-008  6.2531930220543614E-010  5.5762803281942960E-011 -5.0461594312555418E-011  2.2103371189249202E-010  1.8795165466875369E-009 -8.4635272822506721E-010  1.0007040923455915E-011  1.6534798853474317E-001  3.3729108780315427E-010 -6.3524789186847031E-009 -3.4231517276248247E-009
-7.6398746823725507E-011  5.3498915043819621E-009  2.6005512219227506E-002  2.4873112784926576E-008  6.3142296936780036E-011 -4.4215262142767306E-009  2.1136108538494169E-001 -1.4202582255472273E-008 -2.0761517507812926E-011  1.4538681136127288E-009  2.5071301833487752E-001 -1.1957623476099686E-008 -3.0098495130690836E-010 -5.0461595465113735E-011 -2.4786141428492005E-011  2.7585906960935096E-009  1.7356728639748644E-009 -2.4576057129345281E-009 -4.8162723512854017E-012  3.3729108780315427E-010  1.6534798907314227E-001  3.0576414880895048E-009  1.6476675193095326E-009
-6.6777863001086090E-011  4.6763065389178354E-009 -2.2508565135495021E-009  7.1603423030776265E-003  6.7598635052657825E-011 -4.7337976999200377E-009  2.2785316517412736E-009 -2.0715895112464008E-001  1.7022374909139249E-010 -1.1919942301859965E-008  5.7374227494383413E-009 -2.8059605922593378E-001  2.0642430249623935E-009  8.2935520768469774E-011 -3.9919362472714213E-011 -2.9642818485993985E-009  2.7953878587166348E-009  9.0002679876234172E-010  9.0715506061156437E-011 -6.3524789186847031E-009  3.0576414880895048E-009  5.4240721125756830E-001  5.7461376567099087E-001
-3.9048361664781459E-011  2.7345385939111925E-009 -1.3162226336718363E-009  4.3729781894023666E-003  3.8606951266337075E-011 -2.7036442739031305E-009  1.3013553038041394E-009 -1.2326600944728684E-001  1.0325876586049922E-010 -7.2306438237088163E-009  3.4803219385869871E-009 -1.6376909850926002E-001  1.2632863150685889E-009  5.0755350642376184E-011 -2.4430051024068332E-011 -1.8140971040963079E-009  1.7107363679363777E-009  5.5080317252175321E-010  4.8883370185588488E-011 -3.4231517276248247E-009  1.6476675193095326E-009  5.7461376567099087E-001  6.3329518494381987E-001
