 2.3529981051977982E-003 -4.3449402062356639E-017 -5.4508264221709185E-017 -3.1435605299799335E-017  2.6872727093550642E-002 -2.7929047963226619E-016  2.1206994493816334E-016  6.8143443941569536E-016  3.3429389135404997E-002 -3.5605199344423985E-016  1.3617579286417692E-016  9.3525792273517454E-016 -2.2383115435908366E-018 -2.5454887187908716E-018  3.9134444559781979E-020 -3.9449455018794679E-018  1.0145063543879601E-018  5.9441739684011171E-018  2.2473759827954035E-002 -2.3830763751231417E-016  1.0993810029002895E-016 -5.1680820752843384E-016 -4.2188875455692352E-016
-4.3449402062356639E-017  2.3529981051980922E-003 -6.9490582992741660E-018 -3.0451057608058057E-017 -2.0383000842727397E-016  2.6872727093552273E-002 -4.4709787087870960E-016  1.1990210731463531E-017 -2.5934115965853192E-016  3.3429389135407064E-002 -5.1372209437794355E-016 -5.4879362132859742E-017 -1.6758405104661156E-018 -1.0921687696730740E-020  1.0701655131753709E-018 -8.4291819864257173E-019  3.7441543671360412E-019 -6.4688066301983371E-019 -1.7390602846667432E-016  2.2473759827955433E-002 -3.4957388546363847E-016 -1.5953390480478053E-016 -1.9049706544650151E-016
-5.4508264221709185E-017 -6.9490582992741660E-018  2.3529981051982241E-003  2.7679011599898204E-017 -7.8084240462405260E-016  3.7417172225190419E-016  2.6872727093553005E-002 -4.1697352491330917E-016 -9.5062846483528378E-016  3.7995865134754547E-016  3.3429389135408015E-002 -5.8199189511512702E-016  6.2810088849829308E-018 -7.4164720824456705E-020 -8.3292403943301285E-019  5.1465388060992650E-018  9.3655295897400144E-019  7.6715915479955181E-018 -6.4683501610484672E-016  2.9329024018448571E-016  2.2473759827956033E-002 -6.2081858792865534E-016 -8.1310776961001726E-016
-3.1435605299799335E-017 -3.0451057608058057E-017  2.7679011599898204E-017  5.3869949893049275E-004 -5.8348863989788530E-017 -3.6078756824928936E-016  1.3894863405550046E-016 -1.5677952196284765E-002 -1.4003322881419564E-016 -4.5546143468578353E-016  2.0776939540919298E-016 -2.1682530532089066E-002 -3.2081672640472521E-016 -2.8842152420822983E-019 -7.1975726029744839E-019 -3.4357456598884888E-016 -1.5818347554918111E-018 -3.0750468686127181E-016 -7.4223982620205366E-017 -2.9734366482420939E-016  1.1783791309075665E-016  7.4499849811519216E-003  4.5870619678646286E-003
 2.6872727093550642E-002 -2.0383000842727397E-016 -7.8084240462405260E-016 -5.8348863989788530E-017  3.0690354567189315E-001  1.4918621893400972E-016  6.1409211049581249E-016 -9.2721189434865332E-016  3.8178477456288845E-001  8.6736173798843794E-017 -6.9388939039068152E-016 -1.3311375665533723E-015 -2.5562933998454357E-017 -2.9071091688800259E-017  4.4694011707404135E-019 -4.5053773582388509E-017  1.1586304441093373E-017  6.7886227573319278E-017  2.5666455629034279E-001  6.5919492087123957E-017 -2.5847379792052394E-016  3.8687620780136693E-016  1.9200714400312541E-016
-2.7929047963226619E-016  2.6872727093552273E-002  3.7417172225190419E-016 -3.6078756824928936E-016  1.4918621893400972E-016  3.0690354567189215E-001  6.7437375128600064E-017  5.5716972066562288E-016  1.1449174941447299E-016  3.8178477456288756E-001  5.3407799016636254E-016 -1.2064114391555125E-017 -1.9139158926878533E-017 -1.2473258360327001E-019  1.2221967249766039E-017 -9.6266591393466873E-018  4.2760611783708058E-018 -7.3877864503937605E-018  8.3266726846889711E-017  2.5666455629034235E-001  3.1268390654482101E-016  1.6258294876747895E-016  2.0214060813771208E-016
 2.1206994493816334E-016 -4.4709787087870960E-016  2.6872727093553005E-002  1.3894863405550046E-016  6.1409211049581249E-016  6.7437375128600064E-017  3.0690354567189165E-001  5.9921315383673777E-016  1.0026701691146142E-015 -8.9576783490752238E-016  3.8178477456288756E-001  9.3415995841179954E-016  7.1733095435058336E-017 -8.4700803552703510E-019 -9.5125195179270533E-018  5.8776729359665641E-017  1.0696027344673419E-017  8.7614429262565306E-017  5.8460181140419967E-016 -1.5720931501039607E-016  2.5666455629034185E-001  1.1952655051311302E-015  1.5476334658957133E-015
 6.8143443941569536E-016  1.1990210731463531E-017 -4.1697352491330917E-016 -1.5677952196284765E-002 -9.2721189434865332E-016  5.5716972066562288E-016  5.9921315383673777E-016  4.5644306473365626E-001  8.1317166954355902E-016  8.7867554975633105E-016 -3.2028769673809599E-016  6.3138996661686608E-001  9.3774106047008909E-015  9.8345814181365426E-018  2.0766130580611009E-017  1.0030610319261587E-014  4.4401321763314250E-017  8.9848465260050615E-015 -2.3596508570199535E-017  3.3103916659143577E-016  4.2994320652251205E-016 -2.0832809335839839E-001 -1.2373649827644645E-001
 3.3429389135404997E-002 -2.5934115965853192E-016 -9.5062846483528378E-016 -1.4003322881419564E-016  3.8178477456288845E-001  1.1449174941447299E-016  1.0026701691146142E-015  8.1317166954355902E-016  4.7493623369169341E-001  2.0816681711724646E-017 -5.6551985316840342E-016  1.0668556919048815E-015 -3.1800020336640459E-017 -3.6164131510462723E-017  5.5598879272209802E-019 -5.6046419251002723E-017  1.4413240548836674E-017  8.4449751250919940E-017  3.1928800153502590E-001  2.4286128663679854E-017 -1.2143064331835897E-016 -2.6030965499411406E-016 -1.1565422040314662E-016
-3.5605199344423985E-016  3.3429389135407064E-002  3.7995865134754547E-016 -4.5546143468578353E-016  8.6736173798843794E-017  3.8178477456288756E-001 -8.9576783490752238E-016  8.7867554975633105E-016  2.0816681711724646E-017  4.7493623369169291E-001 -5.1000870193717882E-016  2.3527305131198230E-016 -2.3808911885406956E-017 -1.5516601871569408E-019  1.5203998379854135E-017 -1.1975462457633832E-017  5.3193750154544032E-018 -9.1903284411618005E-018  2.4286128663677660E-017  3.1928800153502568E-001 -4.0874421902703399E-016 -2.9988222330737660E-016 -2.7675871521714493E-016
 1.3617579286417692E-016 -5.1372209437794355E-016  3.3429389135408015E-002  2.0776939540919298E-016 -6.9388939039068152E-016  5.3407799016636254E-016  3.8178477456288756E-001 -3.2028769673809599E-016 -5.6551985316840342E-016 -5.1000870193717882E-016  4.7493623369169341E-001 -3.5181430334220773E-016  8.9235214306192860E-017 -1.0536690646202544E-018 -1.1833473972175937E-017  7.3117631531388670E-017  1.3305745228732074E-017  1.0899142612127398E-016 -4.8919202022543120E-016  1.9515639104739455E-016  3.1928800153502546E-001 -6.1634333736090870E-016 -7.5067447036331493E-016
 9.3525792273517454E-016 -5.4879362132859742E-017 -5.8199189511512702E-016 -2.1682530532089066E-002 -1.3311375665533723E-015 -1.2064114391555125E-017  9.3415995841179954E-016  6.3138996661686608E-001  1.0668556919048815E-015  2.3527305131198230E-016 -3.5181430334220773E-016  8.7349745609878615E-001  1.3001763811016186E-014  1.4767543518052481E-017  2.8572739607319316E-017  1.3897744095944742E-014  6.0082726150470094E-017  1.2454688491938149E-014 -6.3869935591940715E-017 -2.0262017682565083E-016  6.6368488361407047E-016 -2.8124159880683747E-001 -1.6322276649550166E-001
-2.2383115435908366E-018 -1.6758405104661156E-018  6.2810088849829308E-018 -3.2081672640472521E-016 -2.5562933998454357E-017 -1.9139158926878533E-017  7.1733095435058336E-017  9.3774106047008909E-015 -3.1800020336640459E-017 -2.3808911885406956E-017  8.9235214306192860E-017  1.3001763811016186E-014  2.0121824385185354E-028  5.3398424563206759E-031  3.8033842463442044E-031  2.1248806359195862E-028  5.3464873518357821E-031  1.9200130560435567E-028 -2.1378375078147308E-017 -1.6006148521303634E-017  5.9990649736100903E-017 -2.3148229382847461E-015 -2.9222690458135959E-016
-2.5454887187908716E-018 -1.0921687696730740E-020 -7.4164720824456705E-020 -2.8842152420822983E-019 -2.9071091688800259E-017 -1.2473258360327001E-019 -8.4700803552703510E-019  9.8345814181365426E-018 -3.6164131510462723E-017 -1.5516601871569408E-019 -1.0536690646202544E-018  1.4767543518052481E-017  5.3398424563206759E-031  1.5691683538539626E-032 -1.2434229909408902E-033  4.6704809740446214E-031 -1.4791260106585879E-032  4.7235835423027230E-031 -2.4312260169059019E-017 -1.0431431528564568E-019 -7.0835591402831251E-019  7.1349531128271565E-017  8.4159035469216990E-017
 3.9134444559781979E-020  1.0701655131753709E-018 -8.3292403943301285E-019 -7.1975726029744839E-019  4.4694011707404135E-019  1.2221967249766039E-017 -9.5125195179270533E-018  2.0766130580611009E-017  5.5598879272209802E-019  1.5203998379854135E-017 -1.1833473972175937E-017  2.8572739607319316E-017  3.8033842463442044E-031 -1.2434229909408902E-033  1.9461187711642205E-033  4.2168603957793128E-031  3.7942599298992084E-033  3.6839977337702434E-031  3.7377765247393698E-019  1.0221275854890185E-017 -7.9553548197913981E-018 -1.9430697067750286E-017 -1.7024029106650251E-017
-3.9449455018794679E-018 -8.4291819864257173E-019  5.1465388060992650E-018 -3.4357456598884888E-016 -4.5053773582388509E-017 -9.6266591393466873E-018  5.8776729359665641E-017  1.0030610319261587E-014 -5.6046419251002723E-017 -1.1975462457633832E-017  7.3117631531388670E-017  1.3897744095944742E-014  2.1248806359195862E-028  4.6704809740446214E-031  4.2168603957793128E-031  2.2523470855892863E-028  6.9237155900684543E-031  2.0299147767471474E-028 -3.7678635417546625E-017 -8.0508102021135442E-018  4.9155193460757952E-017 -3.1070010409674330E-015 -1.0349228546291432E-015
 1.0145063543879601E-018  3.7441543671360412E-019  9.3655295897400144E-019 -1.5818347554918111E-018  1.1586304441093373E-017  4.2760611783708058E-018  1.0696027344673419E-017  4.4401321763314250E-017  1.4413240548836674E-017  5.3193750154544032E-018  1.3305745228732074E-017  6.0082726150470094E-017  5.3464873518357821E-031 -1.4791260106585879E-032  3.7942599298992084E-033  6.9237155900684543E-031  2.1986048747906630E-032  5.5156837539507393E-031  9.6896687260736049E-018  3.5760855828959983E-018  8.9451267383694577E-018 -1.0740167556202860E-016 -1.1179652863705267E-016
 5.9441739684011171E-018 -6.4688066301983371E-019  7.6715915479955181E-018 -3.0750468686127181E-016  6.7886227573319278E-017 -7.3877864503937605E-018  8.7614429262565306E-017  8.9848465260050615E-015  8.4449751250919940E-017 -9.1903284411618005E-018  1.0899142612127398E-016  1.2454688491938149E-014  1.9200130560435567E-028  4.7235835423027230E-031  3.6839977337702434E-031  2.0299147767471474E-028  5.5156837539507393E-031  1.8330572926693211E-028  5.6773500091668072E-017 -6.1784327942779429E-018  7.3272267226743554E-017 -2.3995004524202651E-015 -4.8788214636905820E-016
 2.2473759827954035E-002 -1.7390602846667432E-016 -6.4683501610484672E-016 -7.4223982620205366E-017  2.5666455629034279E-001  8.3266726846889711E-017  5.8460181140419967E-016 -2.3596508570199535E-017  3.1928800153502590E-001  2.4286128663677660E-017 -4.8919202022543120E-016 -6.3869935591940715E-017 -2.1378375078147308E-017 -2.4312260169059019E-017  3.7377765247393698E-019 -3.7678635417546625E-017  9.6896687260736049E-018  5.6773500091668072E-017  2.1464950595959068E-001  2.4286128663678929E-017 -1.5612511283789869E-016  5.9084997160132308E-016  6.5565407351966629E-016
-2.3830763751231417E-016  2.2473759827955433E-002  2.9329024018448571E-016 -2.9734366482420939E-016  6.5919492087123957E-017  2.5666455629034235E-001 -1.5720931501039607E-016  3.3103916659143577E-016  2.4286128663679854E-017  3.1928800153502568E-001  1.9515639104739455E-016 -2.0262017682565083E-016 -1.6006148521303634E-017 -1.0431431528564568E-019  1.0221275854890185E-017 -8.0508102021135442E-018  3.5760855828959983E-018 -6.1784327942779429E-018  2.4286128663678929E-017  2.1464950595959062E-001  1.0299920638612476E-016 -1.8654817235216091E-016 -2.3411647113086844E-016
 1.0993810029002895E-016 -3.4957388546363847E-016  2.2473759827956033E-002  1.1783791309075665E-016 -2.5847379792052394E-016  3.1268390654482101E-016  2.5666455629034185E-001  4.2994320652251205E-016 -1.2143064331835897E-016 -4.0874421902703399E-016  3.1928800153502546E-001  6.6368488361407047E-016  5.9990649736100903E-017 -7.0835591402831251E-019 -7.9553548197913981E-018  4.9155193460757952E-017  8.9451267383694577E-018  7.3272267226743554E-017 -1.5612511283789869E-016  1.0299920638612476E-016  2.1464950595959012E-001 -2.1238069465273651E-016 -1.1117614260896242E-016
-5.1680820752843384E-016 -1.5953390480478053E-016 -6.2081858792865534E-016  7.4499849811519216E-003  3.8687620780136693E-016  1.6258294876747895E-016  1.1952655051311302E-015 -2.0832809335839839E-001 -2.6030965499411406E-016 -2.9988222330737660E-016 -6.1634333736090870E-016 -2.8124159880683747E-001 -2.3148229382847461E-015  7.1349531128271565E-017 -1.9430697067750286E-017 -3.1070010409674330E-015 -1.0740167556202860E-016 -2.3995004524202651E-015  5.9084997160132308E-016 -1.8654817235216091E-016 -2.1238069465273651E-016  5.4711046616190961E-001  5.7398771199186993E-001
-4.2188875455692352E-016 -1.9049706544650151E-016 -8.1310776961001726E-016  4.5870619678646286E-003  1.9200714400312541E-016  2.0214060813771208E-016  1.5476334658957133E-015 -1.2373649827644645E-001 -1.1565422040314662E-016 -2.7675871521714493E-016 -7.5067447036331493E-016 -1.6322276649550166E-001 -2.9222690458135959E-016  8.4159035469216990E-017 -1.7024029106650251E-017 -1.0349228546291432E-015 -1.1179652863705267E-016 -4.8788214636905820E-016  6.5565407351966629E-016 -2.3411647113086844E-016 -1.1117614260896242E-016  5.7398771199186993E-001  6.2602929989317668E-001
