 7.3670503939786318E-003  3.4823559668110211E-010 -3.2859478686590038E-010  3.2733375980935808E-010  4.1199804804396015E-002  1.0395572286832105E-009 -9.8092522511726192E-010  4.8254410611523422E-011  4.5752490138647635E-002  9.8272315342347335E-010 -9.2729681983648345E-010  2.0568340531322489E-010 -5.0717645165233390E-012 -5.5008260408432399E-011  5.1905802867666287E-011  3.1536924035034704E-012 -1.2281208082617460E-011  1.9180815777828298E-012  2.9623025978094533E-002  6.2879509179007632E-010 -5.9333055142185185E-010 -7.5630095341194850E-011 -4.6624868353191648E-011
 3.4823559668110211E-010  7.3670395542759252E-003  1.0238874176805948E-008 -1.0199585496172206E-008  1.0395573852419932E-009  4.1199772445578313E-002  3.0565214111530196E-008 -1.5035939038661282E-009  9.8272329859814797E-010  4.5752459548931222E-002  2.8894173544652018E-008 -6.4090191299154691E-009  2.5258805469216367E-010  1.4767250595214635E-011 -1.2281210683855717E-011 -1.9282155217330310E-010  4.3418905678392439E-010 -5.9766662400597370E-011  6.2879519500612159E-010  2.9623006405274453E-002  1.8487927427473891E-008  2.3565947156461621E-009  1.4528008179522566E-009
-3.2859478686590038E-010  1.0238874176805948E-008  7.3670407437701939E-003  9.6243128502372936E-009 -9.8092524040450283E-010  3.0565214867869645E-008  4.1199775996472711E-002  1.4187877462303753E-009 -9.2729676313270879E-010  2.8894174640997109E-008  4.5752462905691411E-002  6.0475388790801449E-009 -2.3834172826277320E-010 -1.2281202671767133E-011  1.3340489873000863E-011  9.2725416732812129E-011 -4.1568434526449237E-010  1.4561650053559250E-010 -5.9333053960404372E-010  1.8487928116159018E-008  2.9623008553096512E-002 -2.2236773037670553E-009 -1.3708587898184402E-009
 3.2733375980935808E-010 -1.0199585496172206E-008  9.6243128502372936E-009  3.3062503692087079E-004  1.8604832883900957E-009 -5.7971896573956835E-008  5.4702190280985694E-008 -1.2239191265902170E-002  2.0705148893014408E-009 -6.4516394315728970E-008  6.0877568339995854E-008 -1.6903605094730038E-002  1.1575031996561428E-011  6.8145936977251787E-013 -6.4301985297289362E-013 -6.7952181567102320E-012  2.0036333941302200E-011 -4.7793108201090392E-012  1.3408983572534999E-009 -4.1781842779903051E-008  3.9425281210578311E-008  5.6223707328974847E-003  3.3814878928557263E-003
 4.1199804804396015E-002  1.0395573852419932E-009 -9.8092524040450283E-010  1.8604832883900957E-009  2.3040753424297236E-001  7.3611033670995851E-010 -6.9459213334028679E-010 -8.3638072845217096E-010  2.5586816462773415E-001 -1.4281505607053167E-010  1.3476016249690855E-010 -3.7744595943587432E-010 -2.8363608604578618E-011 -3.0763052968750449E-010  2.9028021448915696E-010  1.7636876971366193E-011 -6.8682048548801581E-011  1.0726784564440990E-011  1.6566506576506912E-001 -1.3430671007021978E-010  1.2673180451128082E-010  9.8691435101229619E-011  6.0639740041490929E-011
 1.0395572286832105E-009  4.1199772445578313E-002  3.0565214867869645E-008 -5.7971896573956835E-008  7.3611033670995851E-010  2.3040751132969847E-001  2.1643199842320696E-008  2.6061302364432601E-008 -1.4281521653246491E-010  2.5586816907320276E-001 -4.1990779547626199E-009  1.1761092681628704E-008  1.4125859413572852E-009  8.2585104016204921E-011 -6.8682063096058207E-011 -1.0783444762844206E-009  2.4281803972916522E-009 -3.3424235920497918E-010 -1.3430676167824856E-010  1.6566506994569713E-001 -3.9489123147114019E-009 -3.0751649880077132E-009 -1.8894803298892728E-009
-9.8092522511726192E-010  3.0565214111530196E-008  4.1199775996472711E-002  5.4702190280985694E-008 -6.9459213334028679E-010  2.1643199842320696E-008  2.3040751384409730E-001 -2.4591400916953297E-008  1.3476057536110589E-010 -4.1990765392282329E-009  2.5586816858538092E-001 -1.1097744365137159E-008 -1.3329140801732915E-009 -6.8682018288869995E-011  7.4606015270975769E-011  5.1856254757594091E-010 -2.3246936886070686E-009  8.1435258960301467E-010  1.2673193201346052E-010 -3.9489114820441070E-009  1.6566506948693788E-001  2.9017164431689443E-009  1.7829063090695098E-009
 4.8254410611523422E-011 -1.5035939038661282E-009  1.4187877462303753E-009 -1.2239191265902170E-002 -8.3638072845217096E-010  2.6061302364432601E-008 -2.4591400916953297E-008  4.5308986032796433E-001 -1.0934117103707504E-009  3.4070253374875585E-008 -3.2148645209010192E-008  6.2578677529045224E-001 -4.2937296731009900E-010 -2.5278567662949966E-011  2.3852663923189647E-011  2.5206696053861854E-010 -7.4324290082579974E-010  1.7728737783853974E-010 -7.1947800559470138E-010  2.2418642563368067E-008 -2.1154200525814012E-008 -2.0552990904325016E-001 -1.2213180230657733E-001
 4.5752490138647635E-002  9.8272329859814797E-010 -9.2729676313270879E-010  2.0705148893014408E-009  2.5586816462773415E-001 -1.4281521653246491E-010  1.3476057536110589E-010 -1.0934117103707504E-009  2.8414226073408938E-001 -1.2249764508822689E-009  1.1558858442425578E-009 -6.4669905259096683E-010 -3.1497871917662216E-011 -3.4162450204824824E-010  3.2235693196657629E-010  1.9585804077662732E-011 -7.6271612105708046E-011  1.1912126620280868E-011  1.8397148539223174E-001 -8.3958909614681436E-010  7.9223509945789761E-010  1.6143410486473577E-010  8.5013230058881704E-011
 9.8272315342347335E-010  4.5752459548931222E-002  2.8894174640997109E-008 -6.4516394315728970E-008 -1.4281505607053167E-010  2.5586816907320276E-001 -4.1990765392282329E-009  3.4070253374875585E-008 -1.2249764508822689E-009  2.8414229886452186E-001 -3.6016919936127924E-008  2.0150868367520162E-008  1.5686806948059836E-009  9.1710992410387182E-011 -7.6271628260469153E-011 -1.1975045394748944E-009  2.6965012230699750E-009 -3.7117714826758139E-010 -8.3958903890093748E-010  1.8397151152652758E-001 -2.4685711733647966E-008 -5.0302294350013814E-009 -2.6489892248838123E-009
-9.2729681983648345E-010  2.8894173544652018E-008  4.5752462905691411E-002  6.0877568339995854E-008  1.3476016249690855E-010 -4.1990779547626199E-009  2.5586816858538092E-001 -3.2148645209010192E-008  1.1558858442425578E-009 -3.6016919936127924E-008  2.8414229468026930E-001 -1.9014338247479187E-008 -1.4802048669645566E-009 -7.6271578501956504E-011  8.2850191450142672E-011  5.7586524390455532E-010 -2.5815789311957318E-009  9.0434079686796658E-010  7.9223494506750669E-010 -2.4685711858548073E-008  1.8397150865867545E-001  4.7465230491154614E-009  2.4995876221137263E-009
 2.0568340531322489E-010 -6.4090191299154691E-009  6.0475388790801449E-009 -1.6903605094730038E-002 -3.7744595943587432E-010  1.1761092681628704E-008 -1.1097744365137159E-008  6.2578677529045224E-001 -6.4669905259096683E-010  2.0150868367520162E-008 -1.9014338247479187E-008  8.6434010512646198E-001 -5.9426052662578165E-010 -3.4986028340002427E-011  3.3012550857274990E-011  3.4886558744722148E-010 -1.0286626351653334E-009  2.4536919904106746E-010 -4.3433194816808031E-010  1.3533610062576126E-008 -1.2770299578319417E-008 -2.8007370348017974E-001 -1.6424563097106143E-001
-5.0717645165233390E-012  2.5258805469216367E-010 -2.3834172826277320E-010  1.1575031996561428E-011 -2.8363608604578618E-011  1.4125859413572852E-009 -1.3329140801732915E-009 -4.2937296731009900E-010 -3.1497871917662216E-011  1.5686806948059836E-009 -1.4802048669645566E-009 -5.9426052662578165E-010  1.6828444826712216E-017  9.6822235174330626E-019 -9.1361334444424447E-019 -9.8795522905526536E-018  2.9128960005870901E-017 -6.9488860776953643E-018 -2.0393694364478784E-011  1.0156620880149973E-009 -9.5837729810089043E-010  5.0393764981453663E-011 -5.3082765649727584E-011
-5.5008260408432399E-011  1.4767250595214635E-011 -1.2281202671767133E-011  6.8145936977251787E-013 -3.0763052968750449E-010  8.2585104016204921E-011 -6.8682018288869995E-011 -2.5278567662949966E-011 -3.4162450204824824E-010  9.1710992410387182E-011 -7.6271578501956504E-011 -3.4986028340002427E-011  9.6822235174330626E-019  4.6238241692952066E-019 -4.3591090245843679E-019 -5.8031857267850489E-019  1.7012385546561771E-018 -3.8790342196150378E-019 -2.2118908652815838E-010  5.9379437997563557E-011 -4.9382994957913805E-011  2.9668783196986881E-012 -3.1251118969773860E-012
 5.1905802867666287E-011 -1.2281210683855717E-011  1.3340489873000863E-011 -6.4301985297289362E-013  2.9028021448915696E-010 -6.8682063096058207E-011  7.4606015270975769E-011  2.3852663923189647E-011  3.2235693196657629E-010 -7.6271628260469153E-011  8.2850191450142672E-011  3.3012550857274990E-011 -9.1361334444424447E-019 -4.3591090245843679E-019  4.1174215356545157E-019  5.2637022210653458E-019 -1.6067096113015750E-018  3.8724279445248585E-019  2.0871405560844874E-010 -4.9383027174689770E-011  5.3642400719234148E-011 -2.7994097182342671E-012  2.9489651654511827E-012
 3.1536924035034704E-012 -1.9282155217330310E-010  9.2725416732812129E-011 -6.7952181567102320E-012  1.7636876971366193E-011 -1.0783444762844206E-009  5.1856254757594091E-010  2.5206696053861854E-010  1.9585804077662732E-011 -1.1975045394748944E-009  5.7586524390455532E-010  3.4886558744722148E-010 -9.8795522905526536E-018 -5.8031857267850489E-019  5.2637022210653458E-019  6.3716342354004964E-018 -1.7062618118450214E-017  3.5079140196308195E-018  1.2681075812194629E-011 -7.7533940515055387E-010  3.7285121338930072E-010 -2.9581957130516016E-011  3.1165157136676264E-011
-1.2281208082617460E-011  4.3418905678392439E-010 -4.1568434526449237E-010  2.0036333941302200E-011 -6.8682048548801581E-011  2.4281803972916522E-009 -2.3246936886070686E-009 -7.4324290082579974E-010 -7.6271612105708046E-011  2.6965012230699750E-009 -2.5815789311957318E-009 -1.0286626351653334E-009  2.9128960005870901E-017  1.7012385546561771E-018 -1.6067096113015750E-018 -1.7062618118450214E-017  5.0424600584515836E-017 -1.2066330726300568E-017 -4.9383016715085475E-011  1.7458837046397925E-009 -1.6714758178786842E-009  8.7228574298997715E-011 -9.1889368778087484E-011
 1.9180815777828298E-012 -5.9766662400597370E-011  1.4561650053559250E-010 -4.7793108201090392E-012  1.0726784564440990E-011 -3.3424235920497918E-010  8.1435258960301467E-010  1.7728737783853974E-010  1.1912126620280868E-011 -3.7117714826758139E-010  9.0434079686796658E-010  2.4536919904106746E-010 -6.9488860776953643E-018 -3.8790342196150378E-019  3.8724279445248585E-019  3.5079140196308195E-018 -1.2066330726300568E-017  3.4409696358995040E-018  7.7126566103183742E-012 -2.4032332575370322E-010  5.8552684470836160E-010 -2.0804615175366726E-011  2.1921159305909605E-011
 2.9623025978094533E-002  6.2879519500612159E-010 -5.9333053960404372E-010  1.3408983572534999E-009  1.6566506576506912E-001 -1.3430676167824856E-010  1.2673193201346052E-010 -7.1947800559470138E-010  1.8397148539223174E-001 -8.3958903890093748E-010  7.9223494506750669E-010 -4.3433194816808031E-010 -2.0393694364478784E-011 -2.2118908652815838E-010  2.0871405560844874E-010  1.2681075812194629E-011 -4.9383016715085475E-011  7.7126566103183742E-012  1.1911465527860350E-001 -5.7368533576935357E-010  5.4132871180601018E-010  1.4647346160740357E-010  1.0108725986467932E-010
 6.2879509179007632E-010  2.9623006405274453E-002  1.8487928116159018E-008 -4.1781842779903051E-008 -1.3430671007021978E-010  1.6566506994569713E-001 -3.9489114820441070E-009  2.2418642563368067E-008 -8.3958909614681436E-010  1.8397151152652758E-001 -2.4685711858548073E-008  1.3533610062576126E-008  1.0156620880149973E-009  5.9379437997563557E-011 -4.9383027174689770E-011 -7.7533940515055387E-010  1.7458837046397925E-009 -2.4032332575370322E-010 -5.7368533576935357E-010  1.1911467313598641E-001 -1.6867575846220182E-008 -4.5640643564110396E-009 -3.1498497754916279E-009
-5.9333055142185185E-010  1.8487927427473891E-008  2.9623008553096512E-002  3.9425281210578311E-008  1.2673180451128082E-010 -3.9489123147114019E-009  1.6566506948693788E-001 -2.1154200525814012E-008  7.9223509945789761E-010 -2.4685711733647966E-008  1.8397150865867545E-001 -1.2770299578319417E-008 -9.5837729810089043E-010 -4.9382994957913805E-011  5.3642400719234148E-011  3.7285121338930072E-010 -1.6714758178786842E-009  5.8552684470836160E-010  5.4132871180601018E-010 -1.6867575846220182E-008  1.1911467117640377E-001  4.3066440981263830E-009  2.9721922570984597E-009
-7.5630095341194850E-011  2.3565947156461621E-009 -2.2236773037670553E-009  5.6223707328974847E-003  9.8691435101229619E-011 -3.0751649880077132E-009  2.9017164431689443E-009 -2.0552990904325016E-001  1.6143410486473577E-010 -5.0302294350013814E-009  4.7465230491154614E-009 -2.8007370348017974E-001  5.0393764981453663E-011  2.9668783196986881E-012 -2.7994097182342671E-012 -2.9581957130516016E-011  8.7228574298997715E-011 -2.0804615175366726E-011  1.4647346160740357E-010 -4.5640643564110396E-009  4.3066440981263830E-009  5.3860311548957340E-001  5.7617557563419008E-001
-4.6624868353191648E-011  1.4528008179522566E-009 -1.3708587898184402E-009  3.3814878928557263E-003  6.0639740041490929E-011 -1.8894803298892728E-009  1.7829063090695098E-009 -1.2213180230657733E-001  8.5013230058881704E-011 -2.6489892248838123E-009  2.4995876221137263E-009 -1.6424563097106143E-001 -5.3082765649727584E-011 -3.1251118969773860E-012  2.9489651654511827E-012  3.1165157136676264E-011 -9.1889368778087484E-011  2.1921159305909605E-011  1.0108725986467932E-010 -3.1498497754916279E-009  2.9721922570984597E-009  5.7617557563419008E-001  6.4186487374308432E-001
