  0.16196836332393422        1.7668191679183105E-002  -3.2750399404577038E-002  -3.5319299343345017E-016   6.8696037385005293E-002   1.9937487422848454E-002  -3.6956848107515351E-002  -2.0090033238644324E-016   5.2590024208068645E-002   1.2820572949774138E-002  -2.3764677920906720E-002   7.0684267697181051E-017   3.3361749776838782E-017
   1.7668191679183105E-002  0.22655663343732668      -0.12809644442727175       -1.3738786334562994E-015   1.9937487422848042E-002  0.14158000006956761      -0.14454910248055963       -7.8571294895932026E-016   1.2820572949774383E-002   9.9457221696313866E-002  -9.2950644876776720E-002   5.0545586642699050E-016   4.2144432836856964E-016
  -3.2750399404577038E-002 -0.12809644442727175       0.39489534376286756        2.7506212022313095E-015  -3.6956848107513769E-002 -0.14454910248055630       0.33154006960223925        1.5864115934622807E-015  -2.3764677920906651E-002  -9.2950644876774721E-002  0.22160886885907505       -1.2182195200451278E-015  -1.1004744501626265E-015
  -3.5319299343345017E-016  -1.3738786334562994E-015   2.7506212022313095E-015  0.14603321419099380       -3.6833900788802586E-016  -1.3045594133733486E-015   2.4634925826832824E-015   9.6826358993760908E-002  -2.1458942497724181E-016  -8.6536990891698836E-016   1.6251919484877717E-015  -4.0296583001103059E-002  -2.4125917475473643E-002
   6.8696037385005293E-002   1.9937487422848042E-002  -3.6956848107513769E-002  -3.6833900788802586E-016   3.0644403670443705E-002   1.9381481980871113E-002  -3.5926216301696103E-002  -2.1531561426283642E-016   2.3163691706695064E-002   1.2692977045714787E-002  -2.3528161536196253E-002   5.9541031564762294E-017   1.5424579019005345E-017
   1.9937487422848454E-002  0.14158000006956761      -0.14454910248055630       -1.3045594133733486E-015   1.9381481980871113E-002  0.10149581937323160      -0.14051799836460294       -7.5430093585015124E-016   1.2692977045715249E-002   6.9564446512724643E-002  -9.2025559733359782E-002   1.7980684455548539E-016   1.8044018291446160E-017
  -3.6956848107515351E-002 -0.14454910248055963       0.33154006960223925        2.4634925826832824E-015  -3.5926216301696103E-002 -0.14051799836460294       0.28615838926724146        1.4249589442806302E-015  -2.3528161536197134E-002  -9.2025559733359949E-002  0.19050038748879317       -7.5847272115495230E-016  -5.6372747126898320E-016
  -2.0090033238644324E-016  -7.8571294895932026E-016   1.5864115934622807E-015   9.6826358993760908E-002  -2.1531561426283642E-016  -7.5430093585015124E-016   1.4249589442806302E-015   6.4205589690715562E-002  -1.2367657348028416E-016  -4.9933306532781205E-016   9.4306797028647497E-016  -2.5200435027635561E-002  -1.4074510049810028E-002
   5.2590024208068645E-002   1.2820572949774383E-002  -2.3764677920906651E-002  -2.1458942497724181E-016   2.3163691706695064E-002   1.2692977045715249E-002  -2.3528161536197134E-002  -1.2367657348028416E-016   1.7564368144206793E-002   8.2929684791247828E-003  -1.5372146446708061E-002  -1.3832819881029294E-016  -2.0944879569765197E-016
   1.2820572949774138E-002   9.9457221696313866E-002  -9.2950644876774721E-002  -8.6536990891698836E-016   1.2692977045714787E-002   6.9564446512724643E-002  -9.2025559733359949E-002  -4.9933306532781205E-016   8.2929684791247828E-003   4.7880344894822305E-002  -6.0124985918901350E-002   4.2606667032722872E-016   4.0041670081307973E-016
  -2.3764677920906720E-002  -9.2950644876776720E-002  0.22160886885907505        1.6251919484877717E-015  -2.3528161536196253E-002  -9.2025559733359782E-002  0.19050038748879317        9.4306797028647497E-016  -1.5372146446708061E-002  -6.0124985918901350E-002  0.12689395556280836        5.4696977541389080E-016   9.5402992993023872E-016
   7.0684267697181051E-017   5.0545586642699050E-016  -1.2182195200451278E-015  -4.0296583001103059E-002   5.9541031564762294E-017   1.7980684455548539E-016  -7.5847272115495230E-016  -2.5200435027635561E-002  -1.3832819881029294E-016   4.2606667032722872E-016   5.4696977541389080E-016  0.42919863377717071       0.53602750873360905     
   3.3361749776838782E-017   4.2144432836856964E-016  -1.1004744501626265E-015  -2.4125917475473643E-002   1.5424579019005345E-017   1.8044018291446160E-017  -5.6372747126898320E-016  -1.4074510049810028E-002  -2.0944879569765197E-016   4.0041670081307973E-016   9.5402992993023872E-016  0.53602750873360905       0.67427224162859245     
