   1.1197592670317620E-002   6.8463876283447508E-002   3.5707755283329742E-002  -2.7436996660030070E-016   8.5204403129601307E-003   5.2095337689261480E-002   2.7170643419445483E-002   5.0826308567809397E-017   5.6385690509624699E-003   3.4475114900730047E-002   1.7980707974280478E-002   1.7299631833679702E-016   2.2050301511139146E-016
   6.8463876283447508E-002  0.41859911266286937       0.21832293887219625       -1.6778919556305976E-015   5.2095337689261972E-002  0.31851924422616545       0.16612566864854691        3.1054046916416926E-016   3.4475114900729874E-002  0.21078637801121852       0.10993693041747504        6.9999351543773884E-016   8.6934206316208570E-016
   3.5707755283329742E-002  0.21832293887219625       0.11386767003536633       -8.7589061539854230E-016   2.7170643419445608E-002  0.16612566864854614        8.6643863076388647E-002   1.6147728113920657E-016   1.7980707974280485E-002  0.10993693041747564        5.7338281456563396E-002  -4.2780167240913088E-016  -6.0791844544465743E-016
  -2.7436996660030070E-016  -1.6778919556305976E-015  -8.7589061539854230E-016   3.7948613169690812E-007  -2.0925490056490209E-016  -1.2778068326325142E-015  -6.6591452025030929E-016   2.3823532909784291E-007  -1.3825545662009940E-016  -8.4520446020392931E-016  -4.4137769624009034E-016   3.8786569668341093E-004   5.1918225332282699E-004
   8.5204403129601307E-003   5.2095337689261972E-002   2.7170643419445608E-002  -2.0925490056490209E-016   6.4833491683580664E-003   3.9640235935842830E-002   2.0674608582055300E-002   3.8371963237845412E-017   4.2904838980776421E-003   2.6232706211287891E-002   1.3681829085079360E-002  -3.6109652475168007E-016  -4.9176829065941841E-016
   5.2095337689261480E-002  0.31851924422616545       0.16612566864854614       -1.2778068326325142E-015   3.9640235935842830E-002  0.24236675586103520       0.12640787049904120        2.3562379871393370E-016   2.6232706211287510E-002  0.16039097022973589        8.3652895884948134E-002  -5.6105746585223765E-016  -8.0248057855138738E-016
   2.7170643419445483E-002  0.16612566864854691        8.6643863076388647E-002  -6.6591452025030929E-016   2.0674608582055300E-002  0.12640787049904120        6.5928801445294560E-002   1.2322595219781280E-016   1.3681829085079301E-002   8.3652895884948994E-002   4.3629681770206520E-002   2.5264057954576013E-016   3.1133034790106473E-016
   5.0826308567809397E-017   3.1054046916416926E-016   1.6147728113920657E-016   2.3823532909784291E-007   3.8371963237845412E-017   2.3562379871393370E-016   1.2322595219781280E-016   1.4956033248584702E-007   2.5533455236065602E-017   1.5618567359446877E-016   8.1110475904677163E-017   2.4349588608665713E-004   3.2593432183949050E-004
   5.6385690509624699E-003   3.4475114900729874E-002   1.7980707974280485E-002  -1.3825545662009940E-016   4.2904838980776421E-003   2.6232706211287510E-002   1.3681829085079301E-002   2.5533455236065602E-017   2.8393121520440151E-003   1.7360009569103003E-002   9.0542196419523980E-003  -1.0944805955386185E-017  -2.0221230964036827E-017
   3.4475114900730047E-002  0.21078637801121852       0.10993693041747564       -8.4520446020392931E-016   2.6232706211287891E-002  0.16039097022973589        8.3652895884948994E-002   1.5618567359446877E-016   1.7360009569103003E-002  0.10614188088561953        5.5358950058344056E-002   4.7105609578681653E-017   2.8992213790342272E-017
   1.7980707974280478E-002  0.10993693041747504        5.7338281456563396E-002  -4.4137769624009034E-016   1.3681829085079360E-002   8.3652895884948134E-002   4.3629681770206520E-002   8.1110475904677163E-017   9.0542196419523980E-003   5.5358950058344056E-002   2.8872800500536783E-002  -5.4382911234908466E-016  -7.4571395983302518E-016
   1.7299631833679702E-016   6.9999351543773884E-016  -4.2780167240913088E-016   3.8786569668341093E-004  -3.6109652475168007E-016  -5.6105746585223765E-016   2.5264057954576013E-016   2.4349588608665713E-004  -1.0944805955386185E-017   4.7105609578681653E-017  -5.4382911234908466E-016  0.39643029375277017       0.53064649685684973     
   2.2050301511139146E-016   8.6934206316208570E-016  -6.0791844544465743E-016   5.1918225332282699E-004  -4.9176829065941841E-016  -8.0248057855138738E-016   3.1133034790106473E-016   3.2593432183949050E-004  -2.0221230964036827E-017   2.8992213790342272E-017  -7.4571395983302518E-016  0.53064649685684973       0.71030319595619695     
