  0.18820204321172071        5.4000347230325411E-016  -6.4799598641552255E-016   1.2194795017443601E-015  0.33689049527560239        4.2976845100439808E-016  -8.7356682042876500E-017   4.2252178012885539E-016  0.13651895299869646        2.2930562474188922E-016  -4.3524387501382320E-016  -1.0775227650872045E-015  -4.4665020435860014E-002  -3.5121305854979073E-016   1.0868221071541868E-016 -0.18723170391482036       -1.2597533771637628E-015   2.8526665882880140E-016  -7.9628638579558962E-016   9.7976433329182858E-016   4.8761542760095966E-016
   5.4000347230325411E-016  0.18820204321172365       -2.9219787203329286E-016  -1.0707761590934782E-015   3.2737593296625481E-016  0.33689049527560150       -1.3510447354721337E-016  -9.8484903314281119E-016   1.8305916810005707E-016  0.13651895299869957       -2.5889787797989541E-016   8.4136327026230269E-016  -4.5391964262532510E-016  -4.4665020435859251E-002   1.8503051362128891E-016  -1.7599027788252129E-015 -0.18723170391481700        7.1485165589025159E-016   5.4338117209098987E-016   1.8134465533543818E-016   1.9321155619136691E-016
  -6.4799598641552255E-016  -2.9219787203329286E-016  0.18820204321172340       -2.1883770621652665E-016  -2.0853867188782350E-016  -2.0528112027787105E-016  0.33689049527560272       -4.6918886758116249E-016  -4.2442799688368141E-016  -5.9474208287584900E-017  0.13651895299869901       -1.1792853981085647E-015   2.3593385414741295E-016   4.0449350770687744E-016  -4.4665020435860091E-002   8.1436157181298143E-016   1.4475482842759055E-015 -0.18723170391482050       -9.6143465649647809E-016  -4.8873842528271721E-016  -4.7790253918933604E-016
   1.2194795017443601E-015  -1.0707761590934782E-015  -2.1883770621652665E-016  0.61746959240424970        6.6003090735180216E-016   7.2409988546579130E-016   6.3787007024571778E-016  0.73842811414895482        1.3490212844043167E-016  -1.1589775393138809E-016  -1.3265078200066175E-016 -0.48354686380056672        1.1022059515404012E-015   4.0478087154429367E-016  -4.1388439229204757E-016   3.5033740401727578E-015   1.4660724027663462E-015  -2.1591836741144341E-015 -0.24502556364641548       0.12432209623363814        4.3002159627412162E-002
  0.33689049527560239        3.2737593296625481E-016  -2.0853867188782350E-016   6.6003090735180216E-016  0.60307737131293138       -3.9608207638908070E-016   1.5424377663037621E-015  -1.0074931620237226E-015  0.24401076816830489        4.7197062390082581E-017  -3.1409479432551917E-017  -2.2493466323933833E-016  -8.2384168858806478E-002   1.9765668672389766E-016   3.5075132302314128E-016 -0.34430052347787860        9.2600969045136046E-016   9.7592743314564472E-016  -3.8775880357400240E-016   7.7907212362094203E-016   4.2145927536878757E-016
   4.2976845100439808E-016  0.33689049527560150       -2.0528112027787105E-016   7.2409988546579130E-016  -3.9608207638908070E-016  0.60307737131291905        3.4473469841696795E-016   1.4522597162690312E-015   1.1814783588530159E-016  0.24401076816830475       -2.8479121747085387E-016   5.6895537632370379E-017   4.9723144374423740E-016  -8.2384168858811377E-002  -8.8562853289152545E-017   1.8333771651154998E-015 -0.34430052347789569       -3.2710993642774132E-016   4.3692364608069304E-016   4.9763340400921648E-016   3.9146058225694234E-016
  -8.7356682042876500E-017  -1.3510447354721337E-016  0.33689049527560272        6.3787007024571778E-016   1.5424377663037621E-015   3.4473469841696795E-016  0.60307737131292405        6.1554941006098597E-016   1.2940391444629686E-017  -1.6332310617945391E-017  0.24401076816830544        2.2588706245613369E-017   1.7648637316832774E-016  -5.8814936185248218E-016  -8.2384168858809850E-002   3.9536289840543054E-016  -2.3908906775780325E-015 -0.34430052347789059        4.3994435707897084E-016   3.1774341423874095E-015   2.0541231033321869E-015
   4.2252178012885539E-016  -9.8484903314281119E-016  -4.6918886758116249E-016  0.73842811414895482       -1.0074931620237226E-015   1.4522597162690312E-015   6.1554941006098597E-016  0.88776245158062850       -7.4020447278151158E-016  -9.8123972879381062E-017  -8.2209326284900988E-017 -0.52013283735172333        2.2274545067336856E-016  -2.6397337466931593E-016   7.3288816823834767E-016   5.7450663766551145E-018  -1.0139411348185181E-015   2.1208419303143003E-015 -0.24374197502930842       0.11708204695365169        3.9891760062174028E-002
  0.13651895299869646        1.8305916810005707E-016  -4.2442799688368141E-016   1.3490212844043167E-016  0.24401076816830489        1.1814783588530159E-016   1.2940391444629686E-017  -7.4020447278151158E-016  0.10385060795843309       -5.7550683042607219E-018  -2.3021953165721937E-016   6.3997317084447959E-016  -2.3778987908892879E-004  -4.0503297946167999E-016   4.4375477300805491E-016  -1.4836788263534989E-002  -1.5554375177456467E-015   1.9072666284313494E-015   3.2869432624695256E-016   1.6038165254940966E-016   1.4836145138916711E-016
   2.2930562474188922E-016  0.13651895299869957       -5.9474208287584900E-017  -1.1589775393138809E-016   4.7197062390082581E-017  0.24401076816830475       -1.6332310617945391E-017  -9.8123972879381062E-017  -5.7550683042607219E-018  0.10385060795843749        3.4826712538426244E-017  -8.8230615601357103E-016  -1.9700059353180037E-016  -2.3778987908415483E-004   8.2424154939821290E-016  -7.8962415987687719E-016  -1.4836788263515657E-002   3.0357163903598395E-015  -5.4310781533654203E-016   4.3359116138159215E-016   1.7181316219501220E-016
  -4.3524387501382320E-016  -2.5889787797989541E-016  0.13651895299869901       -1.3265078200066175E-016  -3.1409479432551917E-017  -2.8479121747085387E-016  0.24401076816830544       -8.2209326284900988E-017  -2.3021953165721937E-016   3.4826712538426244E-017  0.10385060795843666       -5.6570070692096483E-016  -7.5216313957945081E-017   3.1456827250814456E-016  -2.3778987908509852E-004   3.1580776405429285E-017   1.2198302173771259E-015  -1.4836788263519807E-002  -1.4098364752975062E-016  -4.5634924788293926E-015  -2.9127883048170522E-015
  -1.0775227650872045E-015   8.4136327026230269E-016  -1.1792853981085647E-015 -0.48354686380056672       -2.2493466323933833E-016   5.6895537632370379E-017   2.2588706245613369E-017 -0.52013283735172333        6.3997317084447959E-016  -8.8230615601357103E-016  -5.6570070692096483E-016   1.1008124298455073        5.2270714736037979E-016  -8.2927747481057714E-016  -1.6458049207701195E-015   3.4343553563448155E-016  -2.1485298569213846E-015  -4.7136186290207528E-015  0.80392108680586893      -0.49539018101873356      -0.18046609338157718     
  -4.4665020435860014E-002  -4.5391964262532510E-016   2.3593385414741295E-016   1.1022059515404012E-015  -8.2384168858806478E-002   4.9723144374423740E-016   1.7648637316832774E-016   2.2274545067336856E-016  -2.3778987908892879E-004  -1.9700059353180037E-016  -7.5216313957945081E-017   5.2270714736037979E-016  0.22511873421487882        3.7574201545699481E-016  -1.4587839116234380E-015  0.85136403175312780        7.8048763899131908E-016  -3.2497693805996838E-015   9.8629363771302872E-017  -1.8996331256858332E-015  -1.1934249927360399E-015
  -3.5121305854979073E-016  -4.4665020435859251E-002   4.0449350770687744E-016   4.0478087154429367E-016   1.9765668672389766E-016  -8.2384168858811377E-002  -5.8814936185248218E-016  -2.6397337466931593E-016  -4.0503297946167999E-016  -2.3778987908415483E-004   3.1456827250814456E-016  -8.2927747481057714E-016   3.7574201545699481E-016  0.22511873421487247       -1.9643618724461298E-016   1.2676154752173589E-015  0.85136403175311093       -1.1967544987950766E-015   3.9978829558647504E-016  -1.5616161204845436E-015  -9.5489513861867880E-016
   1.0868221071541868E-016   1.8503051362128891E-016  -4.4665020435860091E-002  -4.1388439229204757E-016   3.5075132302314128E-016  -8.8562853289152545E-017  -8.2384168858809850E-002   7.3288816823834767E-016   4.4375477300805491E-016   8.2424154939821290E-016  -2.3778987908509852E-004  -1.6458049207701195E-015  -1.4587839116234380E-015  -1.9643618724461298E-016  0.22511873421487419       -2.9900360446865732E-015  -1.6336187999493705E-016  0.85136403175311481        1.0901930315794602E-015   4.5632862393147567E-015   2.8681427014662786E-015
 -0.18723170391482036       -1.7599027788252129E-015   8.1436157181298143E-016   3.5033740401727578E-015 -0.34430052347787860        1.8333771651154998E-015   3.9536289840543054E-016   5.7450663766551145E-018  -1.4836788263534989E-002  -7.8962415987687719E-016   3.1580776405429285E-017   3.4343553563448155E-016  0.85136403175312780        1.2676154752173589E-015  -2.9900360446865732E-015   3.2215968424586712        2.3809832155383160E-015  -2.8035607531434336E-015  -1.0502422579483817E-015  -8.3497840798755687E-016  -7.8315436216563718E-016
  -1.2597533771637628E-015 -0.18723170391481700        1.4475482842759055E-015   1.4660724027663462E-015   9.2600969045136046E-016 -0.34430052347789569       -2.3908906775780325E-015  -1.0139411348185181E-015  -1.5554375177456467E-015  -1.4836788263515657E-002   1.2198302173771259E-015  -2.1485298569213846E-015   7.8048763899131908E-016  0.85136403175311093       -1.6336187999493705E-016   2.3809832155383160E-015   3.2215968424586348       -2.3279492121613010E-015   2.3819469454808444E-015  -2.2318073228847716E-015  -1.1660561381136762E-015
   2.8526665882880140E-016   7.1485165589025159E-016 -0.18723170391482050       -2.1591836741144341E-015   9.7592743314564472E-016  -3.2710993642774132E-016 -0.34430052347789059        2.1208419303143003E-015   1.9072666284313494E-015   3.0357163903598395E-015  -1.4836788263519807E-002  -4.7136186290207528E-015  -3.2497693805996838E-015  -1.1967544987950766E-015  0.85136403175311481       -2.8035607531434336E-015  -2.3279492121613010E-015   3.2215968424586396        4.9334911511599468E-015   3.8887454373257110E-015   2.6137557648581191E-015
  -7.9628638579558962E-016   5.4338117209098987E-016  -9.6143465649647809E-016 -0.24502556364641548       -3.8775880357400240E-016   4.3692364608069304E-016   4.3994435707897084E-016 -0.24374197502930842        3.2869432624695256E-016  -5.4310781533654203E-016  -1.4098364752975062E-016  0.80392108680586893        9.8629363771302872E-017   3.9978829558647504E-016   1.0901930315794602E-015  -1.0502422579483817E-015   2.3819469454808444E-015   4.9334911511599468E-015  0.61628196089372556      -0.36994537847240233      -0.13094647677870372     
   9.7976433329182858E-016   1.8134465533543818E-016  -4.8873842528271721E-016  0.12432209623363814        7.7907212362094203E-016   4.9763340400921648E-016   3.1774341423874095E-015  0.11708204695365169        1.6038165254940966E-016   4.3359116138159215E-016  -4.5634924788293926E-015 -0.49539018101873356       -1.8996331256858332E-015  -1.5616161204845436E-015   4.5632862393147567E-015  -8.3497840798755687E-016  -2.2318073228847716E-015   3.8887454373257110E-015 -0.36994537847240233        1.1003114223831403       0.62802834538885910     
   4.8761542760095966E-016   1.9321155619136691E-016  -4.7790253918933604E-016   4.3002159627412162E-002   4.2145927536878757E-016   3.9146058225694234E-016   2.0541231033321869E-015   3.9891760062174028E-002   1.4836145138916711E-016   1.7181316219501220E-016  -2.9127883048170522E-015 -0.18046609338157718       -1.1934249927360399E-015  -9.5489513861867880E-016   2.8681427014662786E-015  -7.8315436216563718E-016  -1.1660561381136762E-015   2.6137557648581191E-015 -0.13094647677870372       0.62802834538885910       0.37159213291906062     
