  0.31768150853037114       -1.3120798763437592E-008  -2.9154382093064552E-010  -2.8896717621943224E-009  0.34287480923399000       -3.3075150928847184E-009  -7.3492983671231366E-011   2.8072920759322879E-009  0.23044379904857781       -2.3596312432063681E-009  -5.2431019239052884E-011  -4.0224570820013481E-010  -2.2322732669860400E-010
  -1.3120798763437592E-008  0.31768160092825620        2.0936755939275207E-009   2.0751719054456419E-008  -3.3075144885351966E-009  0.34287483252581696        5.2777779866298965E-010  -2.0160129540861829E-008  -2.3596311709375204E-009  0.23044381566532168        3.7652462064563428E-010   2.8886634348173088E-009   1.6030703034792644E-009
  -2.9154382093064552E-010   2.0936755939275207E-009  0.31768150674982959        4.6110180531287829E-010  -7.3493108777028452E-011   5.2777717029372245E-010  0.34287480878514842       -4.4795819716850629E-010  -5.2431088441955009E-011   3.7652442261851778E-010  0.23044379872836673        6.4186822913209388E-011   3.5620987587330362E-011
  -2.8896717621943224E-009   2.0751719054456419E-008   4.6110180531287829E-010  0.43296250024544769       -2.9966886492313779E-009   2.1520255228362076E-008   4.7817922303002580E-010  0.61498487113886180       -1.6155826522814000E-009   1.1602051766489550E-008   2.5779699779651819E-010 -0.20152746788767192      -0.11970947367811345     
  0.34287480923399000       -3.3075144885351966E-009  -7.3493108777028452E-011  -2.9966886492313779E-009  0.37006603044383940        8.1447424833488742E-009   1.8097565050174045E-010   3.2044367184452123E-009  0.24871883164828035        5.3265135965574752E-009   1.1835476232539647E-010  -4.0502553346471040E-010  -1.7525713294846149E-010
  -3.3075150928847184E-009  0.34287483252581696        5.2777717029372245E-010   2.1520255228362076E-008   8.1447424833488742E-009  0.37006597308780587       -1.2996503224630034E-009  -2.3012145110616595E-008   5.3265132361619159E-009  0.24871879413847933       -8.4994772841534173E-010   2.9086233462130576E-009   1.2585794483114285E-009
  -7.3492983671231366E-011   5.2777779866298965E-010  0.34287480878514842        4.7817922303002580E-010   1.8097565050174045E-010  -1.2996503224630034E-009  0.37006603154911266       -5.1132907963464773E-010   1.1835477838553887E-010  -8.4994748633156258E-010  0.24871883237110828        6.4628696760185999E-011   2.7964675049808981E-011
   2.8072920759322879E-009  -2.0160129540861829E-008  -4.4795819716850629E-010  0.61498487113886180        3.2044367184452123E-009  -2.3012145110616595E-008  -5.1132907963464773E-010  0.87359493134545985        2.7175416059044601E-009  -1.9515596804305361E-008  -4.3363606060038980E-010 -0.28091910809684195      -0.16386827940454637     
  0.23044379904857781       -2.3596311709375204E-009  -5.2431088441955009E-011  -1.6155826522814000E-009  0.24871883164828035        5.3265132361619159E-009   1.1835477838553887E-010   2.7175416059044601E-009  0.16716221465205128        3.4807712375015691E-009   7.7342494273750415E-011  -6.3692861119917677E-010  -4.3528865373470975E-010
  -2.3596312432063681E-009  0.23044381566532168        3.7652442261851778E-010   1.1602051766489550E-008   5.3265135965574752E-009  0.24871879413847933       -8.4994748633156258E-010  -1.9515596804305361E-008   3.4807712375015691E-009  0.16716219014013872       -5.5542392016702557E-010   4.5740032679027886E-009   3.1259578076910980E-009
  -5.2431019239052884E-011   3.7652462064563428E-010  0.23044379872836673        2.5779699779651819E-010   1.1835476232539647E-010  -8.4994772841534173E-010  0.24871883237110828       -4.3363606060038980E-010   7.7342494273750415E-011  -5.5542392016702557E-010  0.16716221512440463        1.0163415531141633E-010   6.9458613534731623E-011
  -4.0224570820013481E-010   2.8886634348173088E-009   6.4186822913209388E-011 -0.20152746788767192       -4.0502553346471040E-010   2.9086233462130576E-009   6.4628696760185999E-011 -0.28091910809684195       -6.3692861119917677E-010   4.5740032679027886E-009   1.0163415531141633E-010  0.54229753607137809       0.57449061748848818     
  -2.2322732669860400E-010   1.6030703034792644E-009   3.5620987587330362E-011 -0.11970947367811345       -1.7525713294846149E-010   1.2585794483114285E-009   2.7964675049808981E-011 -0.16386827940454637       -4.3528865373470975E-010   3.1259578076910980E-009   6.9458613534731623E-011  0.57449061748848818       0.63315689048496060     
