   7.3181604630050776E-003  -5.7061865627985257E-002   1.7449283958324756E-002   8.6968728210389577E-017   3.0052740912432608E-003  -2.3433012604286416E-002   7.1657189338488886E-003   4.6112318489018793E-017   1.5150750040044884E-003  -1.1813488749237279E-002   3.6125163006030113E-003   3.0158731393913806E-016   4.5117447967196942E-016
  -5.7061865627985257E-002  0.44492827472236124      -0.13605723754868629       -6.7364023794361366E-016  -2.3433012604286409E-002  0.18271414288388071       -5.5873233854084096E-002  -3.6802073467390776E-016  -1.1813488749237249E-002   9.2113272319514800E-002  -2.8167860047068279E-002  -5.8303151136130349E-016  -9.7270866599955759E-016
   1.7449283958324756E-002 -0.13605723754868629        4.1605743984086015E-002   2.0291359001811663E-016   7.1657189338489155E-003  -5.5873233854084325E-002   1.7085805247693243E-002   1.1836631128621662E-016   3.6125163006030126E-003  -2.8167860047068359E-002   8.6136158194342494E-003  -1.0385022669433391E-015  -1.4537263377583625E-015
   8.6968728210389577E-017  -6.7364023794361366E-016   2.0291359001811663E-016   2.3663670795257555E-006   3.5100129604125569E-017  -2.7409291697904765E-016   8.7525576306696466E-017  -4.4728503171854435E-006   1.7990618302932163E-017  -1.3968055849096079E-016   4.0803956720084951E-017   9.3400475974663181E-004   1.3441975256141671E-003
   3.0052740912432608E-003  -2.3433012604286409E-002   7.1657189338489155E-003   3.5100129604125569E-017   1.2341451665558729E-003  -9.6229955622646850E-003   2.9426724879689763E-003   2.0097851745664256E-017   6.2218035240447134E-004  -4.8513245705325706E-003   1.4835151124765174E-003  -1.1866498999294478E-016  -1.6374229990847994E-016
  -2.3433012604286416E-002  0.18271414288388071       -5.5873233854084325E-002  -2.7409291697904765E-016  -9.6229955622646850E-003   7.5033347859547350E-002  -2.2944889353615466E-002  -1.5593997106389850E-016  -4.8513245705325602E-003   3.7827215208096052E-002  -1.1567406923250156E-002   7.6469994442208325E-016   1.0456642395924103E-015
   7.1657189338488886E-003  -5.5873233854084096E-002   1.7085805247693243E-002   8.7525576306696466E-017   2.9426724879689763E-003  -2.2944889353615466E-002   7.0164528502064949E-003   4.0674971174859719E-017   1.4835151124765124E-003  -1.1567406923250142E-002   3.5372654897264967E-003   1.2301347944069496E-015   1.7871610412024897E-015
   4.6112318489018793E-017  -3.6802073467390776E-016   1.1836631128621662E-016  -4.4728503171854435E-006   2.0097851745664256E-017  -1.5593997106389850E-016   4.0674971174859719E-017   8.4544744275074208E-006   9.5739658685186190E-018  -7.5780662135328783E-017   2.6783242753360090E-017  -1.7654334029708876E-003  -2.5407699341423230E-003
   1.5150750040044884E-003  -1.1813488749237249E-002   3.6125163006030126E-003   1.7990618302932163E-017   6.2218035240447134E-004  -4.8513245705325602E-003   1.4835151124765124E-003   9.5739658685186190E-018   3.1366520034142739E-004  -2.4457405115038992E-003   7.4789739529090588E-004   5.6725033089271312E-017   8.5185221657081028E-017
  -1.1813488749237279E-002   9.2113272319514800E-002  -2.8167860047068359E-002  -1.3968055849096079E-016  -4.8513245705325706E-003   3.7827215208096052E-002  -1.1567406923250142E-002  -7.5780662135328783E-017  -2.4457405115038992E-003   1.9070163483549583E-002  -5.8315776060594337E-003  -2.0642003807243031E-016  -3.2473883905647546E-016
   3.6125163006030113E-003  -2.8167860047068279E-002   8.6136158194342494E-003   4.0803956720084951E-017   1.4835151124765174E-003  -1.1567406923250156E-002   3.5372654897264967E-003   2.6783242753360090E-017   7.4789739529090588E-004  -5.8315776060594337E-003   1.7832724614463558E-003  -6.9066904840317308E-016  -9.8553499343942305E-016
   3.0158731393913806E-016  -5.8303151136130349E-016  -1.0385022669433391E-015   9.3400475974663181E-004  -1.1866498999294478E-016   7.6469994442208325E-016   1.2301347944069496E-015  -1.7654334029708876E-003   5.6725033089271312E-017  -2.0642003807243031E-016  -6.9066904840317308E-016  0.36865154978584064       0.53055457787001059     
   4.5117447967196942E-016  -9.7270866599955759E-016  -1.4537263377583625E-015   1.3441975256141671E-003  -1.6374229990847994E-016   1.0456642395924103E-015   1.7871610412024897E-015  -2.5407699341423230E-003   8.5185221657081028E-017  -3.2473883905647546E-016  -9.8553499343942305E-016  0.53055457787001059       0.76356158074569058     
