  0.17859771771151886       0.26249548673990708       -5.7036720108749224E-002  -3.2411298193956156E-017  0.14262850309102931       0.20964217295632739       -4.5552409644847830E-002  -5.4128896548389324E-017   5.3961243619037112E-002   7.9235929779951683E-002  -1.7216896204748342E-002  -3.5768910192465780E-002  -5.4424185361312577E-002   1.1825639618237828E-002   1.4449232889589983E-016   7.5250438672385230E-017  -2.3461827263248029E-002  -3.5802132245677944E-002   7.7793192620360533E-003   1.1255290616706838E-016   8.1883194866196214E-017
  0.26249548673990708       0.38581077691957089       -8.3831063544956980E-002  -3.4004716256545092E-017  0.20964217295632664       0.30811933318803314       -6.6951727593771188E-002  -1.1370741361655360E-016   7.9235929779953390E-002  0.11650982155007916       -2.5304938941708023E-002  -5.4424185361311238E-002  -7.8731180072547660E-002   1.7381012519759622E-002  -5.0597260302345924E-016  -7.1380768328797085E-016  -3.5802132245676917E-002  -5.1723910702986278E-002   1.1433837817966884E-002  -1.7943155456525472E-016  -2.0137828595584352E-016
  -5.7036720108749224E-002  -8.3831063544956980E-002   1.8217205782903506E-002   5.5977922395062509E-017  -4.5552409644847948E-002  -6.6951727593771590E-002   1.4540514081611527E-002  -1.0655208951727331E-016  -1.7216896204747690E-002  -2.5304938941706521E-002   5.5493675175622781E-003   1.1825639618237337E-002   1.7381012519759358E-002  -2.5166100559950830E-003  -2.5268903633950217E-015  -2.8654651080887629E-015   7.7793192620357237E-003   1.1433837817966747E-002  -1.5873014608800693E-003   1.6970694890349905E-015   7.2469318971022907E-016
  -3.2411298193956156E-017  -3.4004716256545092E-017   5.5977922395062509E-017   2.0805139811804857E-004  -1.3128012590514571E-017  -5.3793700506703602E-017  -7.0791881637292155E-017  -5.3301734342955725E-004  -2.7232160132521714E-017  -5.0513286606423831E-017  -2.9734807934388391E-017  -4.2861533918993609E-016  -8.6008372006600279E-016  -1.7821332530108950E-015  -1.0662017026653080E-002  -1.2211776646536724E-002  -3.0745324706450047E-016  -6.1614397527698845E-016  -1.2541360794084451E-015   5.8986948541847597E-003   2.2406545802381795E-003
  0.14262850309102931       0.20964217295632664       -4.5552409644847948E-002  -1.3128012590514571E-017  0.11393180092352752       0.16741284685377703       -3.6376548058782432E-002  -7.0795009612964919E-017   4.2922539618846248E-002   6.3377612090704263E-002  -1.3771098188672370E-002  -3.2897570868191228E-002  -4.1149833223000379E-002   8.9413023789903911E-003  -4.9615535325900785E-016  -6.3677555898435182E-016  -2.1822281975607597E-002  -2.6946101608939073E-002   5.8550235456568652E-003  -3.1252665178330769E-017  -9.8177773375755617E-017
  0.20964217295632739       0.30811933318803314       -6.6951727593771590E-002  -5.3793700506703602E-017  0.16741284685377703       0.24608694224857894       -5.3465288783220273E-002  -1.8688530746088095E-017   6.3377612090705776E-002   9.2952614610681786E-002  -2.0240396101621975E-002  -4.1149833223001593E-002  -6.5381111571836029E-002   1.3141689888178333E-002   1.1138507826208754E-015   1.1768692325440479E-015  -2.6946101608939857E-002  -4.3093444453351837E-002   8.6055588395943256E-003   9.4219745005971566E-016   7.4668412024908104E-016
  -4.5552409644847830E-002  -6.6951727593771188E-002   1.4540514081611527E-002  -7.0791881637292155E-017  -3.6376548058782432E-002  -5.3465288783220273E-002   1.1645249580114984E-002   2.4173163984350019E-016  -1.3771098188671787E-002  -2.0240396101620709E-002   4.1998400472837852E-003   8.9413023789903755E-003   1.3141689888176157E-002  -7.7556859541006440E-003   4.5604902826574247E-015   5.2612115956164039E-015   5.8550235456568695E-003   8.6055588395928320E-003  -5.3586481653818173E-003  -8.6984488403646849E-016   9.8183061071376663E-017
  -5.4128896548389324E-017  -1.1370741361655360E-016  -1.0655208951727331E-016  -5.3301734342955725E-004  -7.0795009612964919E-017  -1.8688530746088095E-017   2.4173163984350019E-016   1.3655639544540095E-003  -9.5975279198879705E-018   3.4192345923488416E-017  -8.9843600791925915E-017   1.0253805948592376E-016   1.2703560551137268E-015   1.5065198880148750E-016   2.7315562175137018E-002   3.1285983153548649E-002   7.5829571939965981E-017   9.0968179923455889E-016   7.0601062328440278E-017  -1.5109654841116626E-002  -5.7388469901274502E-003
   5.3961243619037112E-002   7.9235929779953390E-002  -1.7216896204747690E-002  -2.7232160132521714E-017   4.2922539618846248E-002   6.3377612090705776E-002  -1.3771098188671787E-002  -9.5975279198879705E-018   1.7504020117448220E-002   2.3663904937618198E-002  -5.1418465870402058E-003   2.1086149808915988E-002  -2.0032963065512124E-002   4.3528920116207744E-003   2.2606021231717165E-016   1.9057964998364151E-016   1.5656236124398246E-002  -1.3317018978688516E-002   2.8936081667684100E-003   4.2018312942958058E-016   2.9126863863908778E-016
   7.9235929779951683E-002  0.11650982155007916       -2.5304938941706521E-002  -5.0513286606423831E-017   6.3377612090704263E-002   9.2952614610681786E-002  -2.0240396101620709E-002   3.4192345923488416E-017   2.3663904937618198E-002   3.6184227521511854E-002  -7.5573501974645439E-003  -2.0032963065512100E-002   5.2721957735088840E-003   6.3977656172144121E-003   3.5940174425625308E-016   3.6492220330669465E-016  -1.3317018978688529E-002   5.1438258868842382E-003   4.2529487957934696E-003  -9.8632037931799243E-016  -5.8342975402653898E-016
  -1.7216896204748342E-002  -2.5304938941708023E-002   5.5493675175622781E-003  -2.9734807934388391E-017  -1.3771098188672370E-002  -2.0240396101621975E-002   4.1998400472837852E-003  -8.9843600791925915E-017  -5.1418465870402058E-003  -7.5573501974645439E-003   3.0457555763673252E-003   4.3528920116210190E-003   6.3977656172142681E-003   3.3325967383672772E-002  -2.0475059453307311E-015  -2.3830000368751396E-015   2.8936081667686143E-003   4.2529487957933404E-003   2.3792720098620837E-002   8.4417037432827991E-017  -2.4078011803723954E-016
  -3.5768910192465780E-002  -5.4424185361311238E-002   1.1825639618237337E-002  -4.2861533918993609E-016  -3.2897570868191228E-002  -4.1149833223001593E-002   8.9413023789903755E-003   1.0253805948592376E-016   2.1086149808915988E-002  -2.0032963065512100E-002   4.3528920116210190E-003  0.86581653547587334        1.0566268238534751E-002  -2.2959072233971209E-003   2.5789262365938489E-016  -8.5937967188826788E-016  0.61726973325141887        8.7493042368878750E-003  -1.9011055127216854E-003  -3.7824590207614556E-016  -3.5440823576539032E-016
  -5.4424185361312577E-002  -7.8731180072547660E-002   1.7381012519759358E-002  -8.6008372006600279E-016  -4.1149833223000379E-002  -6.5381111571836029E-002   1.3141689888176157E-002   1.2703560551137268E-015  -2.0032963065512124E-002   5.2721957735088840E-003   6.3977656172142681E-003   1.0566268238534751E-002  0.87415751228013705       -3.3744637484585246E-003  -3.8076081152707024E-016  -5.9421242591443859E-016   8.7493042368876270E-003  0.62417640475036029       -2.7941946300341445E-003   5.6147105448896934E-016   2.4347660972864302E-016
   1.1825639618237828E-002   1.7381012519759622E-002  -2.5166100559950830E-003  -1.7821332530108950E-015   8.9413023789903911E-003   1.3141689888178333E-002  -7.7556859541006440E-003   1.5065198880148750E-016   4.3528920116207744E-003   6.3977656172144121E-003   3.3325967383672772E-002  -2.2959072233971209E-003  -3.3744637484585246E-003  0.85936071587180185        7.3319968426351810E-016  -1.5265169504408289E-016  -1.9011055127204398E-003  -2.7941946300338908E-003  0.61192404936954425        6.5665235215303982E-018   1.0880086152196465E-017
   1.4449232889589983E-016  -5.0597260302345924E-016  -2.5268903633950217E-015  -1.0662017026653080E-002  -4.9615535325900785E-016   1.1138507826208754E-015   4.5604902826574247E-015   2.7315562175137018E-002   2.2606021231717165E-016   3.5940174425625308E-016  -2.0475059453307311E-015   2.5789262365938489E-016  -3.8076081152707024E-016   7.3319968426351810E-016  0.54639931818001797       0.62582804252247959        2.0060032206536393E-016  -2.2819188944445794E-016  -1.9795355104099056E-016 -0.30081560442067201      -0.11388676543281027     
   7.5250438672385230E-017  -7.1380768328797085E-016  -2.8654651080887629E-015  -1.2211776646536724E-002  -6.3677555898435182E-016   1.1768692325440479E-015   5.2612115956164039E-015   3.1285983153548649E-002   1.9057964998364151E-016   3.6492220330669465E-016  -2.3830000368751396E-015  -8.5937967188826788E-016  -5.9421242591443859E-016  -1.5265169504408289E-016  0.62582804252247959       0.71682658454312642       -5.8785465733312853E-016  -3.7834473947185983E-016  -9.3258709142755658E-016 -0.34008499618292715      -0.12760097702679313     
  -2.3461827263248029E-002  -3.5802132245676917E-002   7.7793192620357237E-003  -3.0745324706450047E-016  -2.1822281975607597E-002  -2.6946101608939857E-002   5.8550235456568695E-003   7.5829571939965981E-017   1.5656236124398246E-002  -1.3317018978688529E-002   2.8936081667686143E-003  0.61726973325141887        8.7493042368876270E-003  -1.9011055127204398E-003   2.0060032206536393E-016  -5.8785465733312853E-016  0.44009995525223261        7.1441740901081715E-003  -1.5523324345358570E-003   1.0887893906548204E-015   6.1493981884468453E-016
  -3.5802132245677944E-002  -5.1723910702986278E-002   1.1433837817966747E-002  -6.1614397527698845E-016  -2.6946101608939073E-002  -4.3093444453351837E-002   8.6055588395928320E-003   9.0968179923455889E-016  -1.3317018978688516E-002   5.1438258868842382E-003   4.2529487957933404E-003   8.7493042368878750E-003  0.62417640475036029       -2.7941946300338908E-003  -2.2819188944445794E-016  -3.7834473947185983E-016   7.1441740901081715E-003  0.44573954238232227       -2.2815771789540151E-003   2.7785063258201220E-016   1.0116172513892543E-016
   7.7793192620360533E-003   1.1433837817966884E-002  -1.5873014608800693E-003  -1.2541360794084451E-015   5.8550235456568652E-003   8.6055588395943256E-003  -5.3586481653818173E-003   7.0601062328440278E-017   2.8936081667684100E-003   4.2529487957934696E-003   2.3792720098620837E-002  -1.9011055127216854E-003  -2.7941946300341445E-003  0.61192404936954425       -1.9795355104099056E-016  -9.3258709142755658E-016  -1.5523324345358570E-003  -2.2815771789540151E-003  0.43573498002120925        3.7797079141262507E-016   1.4324325022218782E-016
   1.1255290616706838E-016  -1.7943155456525472E-016   1.6970694890349905E-015   5.8986948541847597E-003  -3.1252665178330769E-017   9.4219745005971566E-016  -8.6984488403646849E-016  -1.5109654841116626E-002   4.2018312942958058E-016  -9.8632037931799243E-016   8.4417037432827991E-017  -3.7824590207614556E-016   5.6147105448896934E-016   6.5665235215303982E-018 -0.30081560442067201      -0.34008499618292715        1.0887893906548204E-015   2.7785063258201220E-016   3.7797079141262507E-016   1.0133090650687149       0.60279086440781937     
   8.1883194866196214E-017  -2.0137828595584352E-016   7.2469318971022907E-016   2.2406545802381795E-003  -9.8177773375755617E-017   7.4668412024908104E-016   9.8183061071376663E-017  -5.7388469901274502E-003   2.9126863863908778E-016  -5.8342975402653898E-016  -2.4078011803723954E-016  -3.5440823576539032E-016   2.4347660972864302E-016   1.0880086152196465E-017 -0.11388676543281027      -0.12760097702679313        6.1493981884468453E-016   1.0116172513892543E-016   1.4324325022218782E-016  0.60279086440781937       0.36784471914045014     
