  0.34402223790232511        3.5529644005529010E-016  -4.0759903048234982E-016  -3.0618200191178361E-016  0.40055757291816724        1.9804900856226564E-016  -5.8907753349751183E-017  -2.8473187026229497E-016  0.27266828972817064        1.3511784871305975E-016  -1.0368953823813760E-016   1.0580053577358426E-016   5.8124760547698252E-017
   3.5529644005529010E-016  0.34402223790233122       -2.8698778566132982E-016  -8.4420021891876959E-017   1.7852828725984200E-016  0.40055757291816946        2.0807184354799295E-016   1.4638912321631899E-016   1.4506625067856094E-016  0.27266828972817342        1.2513741831423017E-016   2.6001239600196317E-016   3.0974105871105333E-016
  -4.0759903048234982E-016  -2.8698778566132982E-016  0.34402223790232922       -6.7737989728328915E-016   1.0667532937719947E-017  -5.7564539089904499E-016  0.40055757291816879       -7.9618913846781961E-016  -7.8531812671736040E-017  -2.7146519221884359E-016  0.27266828972817281       -3.2214304702352066E-016  -5.4810751338241517E-016
  -3.0618200191178361E-016  -8.4420021891876959E-017  -6.7737989728328915E-016  0.43155568611515233       -1.4563436744728506E-017   3.7900676625665404E-017   3.4010285056094994E-017  0.61589013776126000       -6.6231472604383467E-017  -3.5706304664006661E-017  -2.1258609577454033E-017 -0.20221823340211462      -0.11983925882261712     
  0.40055757291816724        1.7852828725984200E-016   1.0667532937719947E-017  -1.4563436744728506E-017  0.46638371461221312       -4.3203762507652436E-017   4.9640365873838163E-016   1.5786795663804449E-016  0.31747758229592488       -2.9060006354400240E-017   2.6387447999223699E-016   6.2555883179498716E-017   8.6718488317187318E-017
   1.9804900856226564E-016  0.40055757291816946       -5.7564539089904499E-016   3.7900676625665404E-017  -4.3203762507652436E-017  0.46638371461220995       -3.8916293486902526E-017   3.5387948420039697E-016  -2.0023858873086853E-018  0.31747758229592427       -4.5704839042667482E-017  -5.3773719892521769E-016  -5.6614894606418621E-016
  -5.8907753349751183E-017   2.0807184354799295E-016  0.40055757291816879        3.4010285056094994E-017   4.9640365873838163E-016  -3.8916293486902526E-017  0.46638371461221112        2.4947785252484779E-016   2.3802049334319343E-016   1.1368542698823225E-016  0.31747758229592482       -5.9080515160818813E-016  -6.7230667390920099E-016
  -2.8473187026229497E-016   1.4638912321631899E-016  -7.9618913846781961E-016  0.61589013776126000        1.5786795663804449E-016   3.5387948420039697E-016   2.4947785252484779E-016  0.87905076900820256        2.6904814855619388E-017   1.5573677486093411E-016   1.1145409654408734E-016 -0.28222474032410416      -0.16373747475118439     
  0.27266828972817064        1.4506625067856094E-016  -7.8531812671736040E-017  -6.6231472604383467E-017  0.31747758229592488       -2.0023858873086853E-018   2.3802049334319343E-016   2.6904814855619388E-017  0.21611392529919682       -1.1248597539533663E-018   1.1162538992095988E-016   5.5763651383434628E-017   5.9551150026108872E-017
   1.3511784871305975E-016  0.27266828972817342       -2.7146519221884359E-016  -3.5706304664006661E-017  -2.9060006354400240E-017  0.31747758229592427        1.1368542698823225E-016   1.5573677486093411E-016  -1.1248597539533663E-018  0.21611392529919743        6.4311029459835140E-017  -1.5105602765271631E-016  -1.5521546800602041E-016
  -1.0368953823813760E-016   1.2513741831423017E-016  0.27266828972817281       -2.1258609577454033E-017   2.6387447999223699E-016  -4.5704839042667482E-017  0.31747758229592482        1.1145409654408734E-016   1.1162538992095988E-016   6.4311029459835140E-017  0.21611392529919762       -2.5613111643729916E-017  -3.8126336636000170E-017
   1.0580053577358426E-016   2.6001239600196317E-016  -3.2214304702352066E-016 -0.20221823340211462        6.2555883179498716E-017  -5.3773719892521769E-016  -5.9080515160818813E-016 -0.28222474032410416        5.5763651383434628E-017  -1.5105602765271631E-016  -2.5613111643729916E-017  0.54712836258155773       0.57394344376868245     
   5.8124760547698252E-017   3.0974105871105333E-016  -5.4810751338241517E-016 -0.11983925882261712        8.6718488317187318E-017  -5.6614894606418621E-016  -6.7230667390920099E-016 -0.16373747475118439        5.9551150026108872E-017  -1.5521546800602041E-016  -3.8126336636000170E-017  0.57394344376868245       0.62594334010603980     
