  0.13395648207773417       -1.5627202400072539E-016  -2.4284262458049391E-017  -9.5579477782003458E-016  0.25777279327533442       -1.1769635209050880E-016   3.7612190987170507E-016  -7.0781386851631371E-016  0.11258417017628365       -1.8050145657644276E-016   1.6944753489094817E-017   3.9986173099833512E-016  -8.0027591356054834E-002   9.6241277542370857E-017  -6.6668827724877325E-016   3.0532220709642043E-016  -4.0051965475944133E-002   4.3876231670210240E-017  -3.5962605778863001E-016   1.3800613946437166E-016   1.2278365793762362E-016
  -1.5627202400072539E-016  0.13395648207773345       -4.5852457842977589E-016  -1.0812662169550040E-015  -1.6449662293732201E-016  0.25777279327533409       -2.9443350832597454E-016  -1.4669298365328812E-015  -9.2491938037675424E-017  0.11258417017628311       -6.0321264947423339E-017  -1.0397243634160248E-017   4.6186897846222617E-017  -8.0027591356053321E-002   1.0716754639902589E-015  -2.5287864868995834E-016   1.5624166810453823E-017  -4.0051965475943425E-002   5.6465088339074974E-016  -7.1094617164334197E-016  -4.9680136566915270E-016
  -2.4284262458049391E-017  -4.5852457842977589E-016  0.13395648207773345        2.7286971384316079E-017  -1.4783403974582257E-016  -4.3060412012715623E-016  0.25777279327533320       -5.8917800794958596E-017  -3.3728526602543265E-018  -2.4872083033399017E-016  0.11258417017628355        4.1290197778062287E-016  -2.5593640484881178E-016   2.7107260126061931E-017  -8.0027591356055014E-002   4.1510500080658569E-016  -1.2061374180403476E-016   1.5162522824199520E-017  -4.0051965475944272E-002   3.7444499723901835E-016   2.9639994875340892E-016
  -9.5579477782003458E-016  -1.0812662169550040E-015   2.7286971384316079E-017  0.44593453773592528       -1.0155203767550723E-016   3.5435348091483464E-016  -3.9574712804555317E-016  0.69301804732376626       -3.2957542596478542E-016   1.1969185788986200E-016  -5.5170305214603921E-016 -0.38155534173714079       -2.0988048817039175E-015   3.8463995531362787E-015   1.8284113733773437E-015 -0.21186777698137516       -1.1588874716388436E-015   1.9433163636578925E-015   8.3559502322789894E-016  0.10054463289066798        3.4840005166070540E-002
  0.25777279327533442       -1.6449662293732201E-016  -1.4783403974582257E-016  -1.0155203767550723E-016  0.49607688994125876        3.8264240107054384E-017   5.2374151669218783E-016   1.3843702825225464E-015  0.21622109781287482       -2.6305977988091111E-016  -2.0128374797660003E-017   4.4990442832072464E-016 -0.16071542118752946       -3.3101856996501773E-016  -6.4170051413397041E-016   7.7838598989938409E-016  -8.0602612274593421E-002  -1.8487926971341531E-016  -3.5873883489098238E-016  -8.1168666639191025E-016  -3.8578305787016210E-016
  -1.1769635209050880E-016  0.25777279327533409       -4.3060412012715623E-016   3.5435348091483464E-016   3.8264240107054384E-017  0.49607688994126009        2.9895319200134877E-016   1.2630704679657227E-015  -2.0918270520170329E-017  0.21622109781287457        1.4865023567580988E-016   8.1132599050072625E-016   1.4340938362460879E-017 -0.16071542118752857       -2.3084102443215941E-016   1.1207307682445715E-015  -6.6687433345040835E-018  -8.0602612274593102E-002  -1.0920704909184172E-016   8.9310501663522281E-016   7.3484376613022936E-016
   3.7612190987170507E-016  -2.9443350832597454E-016  0.25777279327533320       -3.9574712804555317E-016   5.2374151669218783E-016   2.9895319200134877E-016  0.49607688994125687       -9.5435766936816148E-016   3.5629950794184068E-016   1.8194052309211696E-016  0.21622109781287496       -8.9313236042759273E-016  -4.9090126212428421E-016   2.2959724302096442E-015 -0.16071542118752852       -9.0981542207570692E-016  -2.2253830160624591E-016   1.2194194858086928E-015  -8.0602612274593005E-002   6.4447872355043314E-017  -1.1090084596281206E-016
  -7.0781386851631371E-016  -1.4669298365328812E-015  -5.8917800794958596E-017  0.69301804732376626        1.3843702825225464E-015   1.2630704679657227E-015  -9.5435766936816148E-016   1.0811247388969041        4.9252599068419915E-016  -3.1548380272803751E-016  -1.0677340094883047E-015 -0.54021946722466507        2.7243671126717972E-015  -4.4126236068298170E-015  -9.6702790815485295E-018 -0.28111870684016887        1.3454475931690040E-015  -2.4403417814183544E-015  -1.5400867514761932E-016  0.12764394270133589        4.3788487146820668E-002
  0.11258417017628365       -9.2491938037675424E-017  -3.3728526602543265E-018  -3.2957542596478542E-016  0.21622109781287482       -2.0918270520170329E-017   3.5629950794184068E-016   4.9252599068419915E-016   9.8719418469532277E-002  -1.0295307838196675E-016   1.5415706707593181E-016  -1.0481193551523427E-015  -2.4710784482028098E-003  -1.0073621667169543E-016   7.2918242982833086E-016  -5.5928255891846501E-016   3.8582687797856369E-004  -5.7387046852664090E-017   3.9653226266566596E-016   5.7857786939324311E-016   2.5887868791936528E-016
  -1.8050145657644276E-016  0.11258417017628311       -2.4872083033399017E-016   1.1969185788986200E-016  -2.6305977988091111E-016  0.21622109781287457        1.8194052309211696E-016  -3.1548380272803751E-016  -1.0295307838196675E-016   9.8719418469531653E-002  -8.3914230597956585E-017  -8.9492572964474685E-016   4.8218988121862352E-016  -2.4710784482032400E-003   4.6401622458581517E-016  -1.0542733710843825E-015   2.4830079106437607E-016   3.8582687797829307E-004   2.2270825521970816E-016  -1.0822709321457152E-016  -2.2549063904232944E-016
   1.6944753489094817E-017  -6.0321264947423339E-017  0.11258417017628355       -5.5170305214603921E-016  -2.0128374797660003E-017   1.4865023567580988E-016  0.21622109781287496       -1.0677340094883047E-015   1.5415706707593181E-016  -8.3914230597956585E-017   9.8719418469532388E-002   1.6130874892501043E-015   4.2582717947580644E-016  -2.1586273260421679E-015  -2.4710784482051829E-003   1.2776762138344826E-015   2.1292742460856370E-016  -1.1507517159326696E-015   3.8582687797732163E-004  -1.2543606899504457E-015  -5.9783654101017347E-016
   3.9986173099833512E-016  -1.0397243634160248E-017   4.1290197778062287E-016 -0.38155534173714079        4.4990442832072464E-016   8.1132599050072625E-016  -8.9313236042759273E-016 -0.54021946722466507       -1.0481193551523427E-015  -8.9492572964474685E-016   1.6130874892501043E-015   1.0021043513901655       -1.9475726531145184E-015   3.6204334328133617E-015  -1.7606282525524331E-015  0.79766564369355586       -1.1203532924699347E-015   1.9267917758386881E-015  -2.0070008985082753E-016 -0.46396428925409100      -0.16965642044406296     
  -8.0027591356054834E-002   4.6186897846222617E-017  -2.5593640484881178E-016  -2.0988048817039175E-015 -0.16071542118752946        1.4340938362460879E-017  -4.9090126212428421E-016   2.7243671126717972E-015  -2.4710784482028098E-003   4.8218988121862352E-016   4.2582717947580644E-016  -1.9475726531145184E-015   1.0721783268132181       -1.2548792754654611E-017   1.9832655254989014E-016   2.2444857131506141E-015  0.56225459257591748        6.2542091268597163E-018   4.3565276144548573E-016  -3.4111537201158565E-016  -6.5640077855767335E-017
   9.6241277542370857E-017  -8.0027591356053321E-002   2.7107260126061931E-017   3.8463995531362787E-015  -3.3101856996501773E-016 -0.16071542118752857        2.2959724302096442E-015  -4.4126236068298170E-015  -1.0073621667169543E-016  -2.4710784482032400E-003  -2.1586273260421679E-015   3.6204334328133617E-015  -1.2548792754654611E-017   1.0721783268132181       -5.1242048764085946E-016  -1.0848773989667546E-015   4.4513134460668948E-017  0.56225459257591814       -6.5984939528912223E-016   7.5400158292983161E-016   4.4161645078165566E-016
  -6.6668827724877325E-016   1.0716754639902589E-015  -8.0027591356055014E-002   1.8284113733773437E-015  -6.4170051413397041E-016  -2.3084102443215941E-016 -0.16071542118752852       -9.6702790815485295E-018   7.2918242982833086E-016   4.6401622458581517E-016  -2.4710784482051829E-003  -1.7606282525524331E-015   1.9832655254989014E-016  -5.1242048764085946E-016   1.0721783268132190       -1.5055553649520347E-015  -2.7922892882105881E-016  -6.0546366849999303E-016  0.56225459257591859        1.8966559365888296E-015   8.9008463094883757E-016
   3.0532220709642043E-016  -2.5287864868995834E-016   4.1510500080658569E-016 -0.21186777698137516        7.7838598989938409E-016   1.1207307682445715E-015  -9.0981542207570692E-016 -0.28111870684016887       -5.5928255891846501E-016  -1.0542733710843825E-015   1.2776762138344826E-015  0.79766564369355586        2.2444857131506141E-015  -1.0848773989667546E-015  -1.5055553649520347E-015  0.66335160658200509        1.0740204215166764E-015  -5.9188545233596236E-016  -1.7614313958513013E-016 -0.37502732718026643      -0.13312521057973392     
  -4.0051965475944133E-002   1.5624166810453823E-017  -1.2061374180403476E-016  -1.1588874716388436E-015  -8.0602612274593421E-002  -6.6687433345040835E-018  -2.2253830160624591E-016   1.3454475931690040E-015   3.8582687797856369E-004   2.4830079106437607E-016   2.1292742460856370E-016  -1.1203532924699347E-015  0.56225459257591748        4.4513134460668948E-017  -2.7922892882105881E-016   1.0740204215166764E-015  0.29487720039456738        2.9949814564683122E-017   2.7496665746675246E-017  -2.8142103794296330E-016  -1.1543090571915907E-016
   4.3876231670210240E-017  -4.0051965475943425E-002   1.5162522824199520E-017   1.9433163636578925E-015  -1.8487926971341531E-016  -8.0602612274593102E-002   1.2194194858086928E-015  -2.4403417814183544E-015  -5.7387046852664090E-017   3.8582687797829307E-004  -1.1507517159326696E-015   1.9267917758386881E-015   6.2542091268597163E-018  0.56225459257591814       -6.0546366849999303E-016  -5.9188545233596236E-016   2.9949814564683122E-017  0.29487720039456805       -5.2329879020630011E-016  -6.5100083110589126E-016  -4.2643756777113113E-016
  -3.5962605778863001E-016   5.6465088339074974E-016  -4.0051965475944272E-002   8.3559502322789894E-016  -3.5873883489098238E-016  -1.0920704909184172E-016  -8.0602612274593005E-002  -1.5400867514761932E-016   3.9653226266566596E-016   2.2270825521970816E-016   3.8582687797732163E-004  -2.0070008985082753E-016   4.3565276144548573E-016  -6.5984939528912223E-016  0.56225459257591859       -1.7614313958513013E-016   2.7496665746675246E-017  -5.2329879020630011E-016  0.29487720039456827        2.3535494695168859E-016   8.6692883508552315E-017
   1.3800613946437166E-016  -7.1094617164334197E-016   3.7444499723901835E-016  0.10054463289066798       -8.1168666639191025E-016   8.9310501663522281E-016   6.4447872355043314E-017  0.12764394270133589        5.7857786939324311E-016  -1.0822709321457152E-016  -1.2543606899504457E-015 -0.46396428925409100       -3.4111537201158565E-016   7.5400158292983161E-016   1.8966559365888296E-015 -0.37502732718026643       -2.8142103794296330E-016  -6.5100083110589126E-016   2.3535494695168859E-016   1.0900780891545925       0.62356177955962933     
   1.2278365793762362E-016  -4.9680136566915270E-016   2.9639994875340892E-016   3.4840005166070540E-002  -3.8578305787016210E-016   7.3484376613022936E-016  -1.1090084596281206E-016   4.3788487146820668E-002   2.5887868791936528E-016  -2.2549063904232944E-016  -5.9783654101017347E-016 -0.16965642044406296       -6.5640077855767335E-017   4.4161645078165566E-016   8.9008463094883757E-016 -0.13312521057973392       -1.1543090571915907E-016  -4.2643756777113113E-016   8.6692883508552315E-017  0.62356177955962933       0.36914976034933905     
