 3.1768176950824284E-001  5.7302390901777948E-010 -3.6941960956724714E-009 -5.1341147245725476E-008  3.4287488078996059E-001  1.4235181863883408E-010 -9.1771965782302032E-010  2.3259939978901255E-008 -3.1301240179883853E-009 -8.9741545266265803E-012  5.7854704320421019E-011  1.5650365086753765E-009 -9.6973004645019210E-015  1.5650886201863947E-009  2.3044383814153724E-001  1.0590258272529189E-010 -6.8273778148092564E-010 -4.9879519406312921E-010 -5.2110199121630350E-011
 5.7302390901777948E-010  3.1768160059676309E-001 -1.2532139996623963E-011 -1.7417057418599444E-010  1.4235180519468764E-010  3.4287483882863529E-001 -3.1123558740581914E-012  7.8905862198549627E-011  5.6930490581784560E-012 -2.7761472618085948E-009 -9.6947674351153741E-015 -1.1003285751165432E-011  6.0715278439839499E-011  5.3090260013270600E-012  1.0590257318426807E-010  2.3044380692440153E-001 -2.3157476231541125E-012 -1.6918284192577307E-012 -1.7658493845194884E-013
-3.6941960956724714E-009 -1.2532139996623963E-011  3.1768160067561424E-001  1.1228485495269783E-009 -9.1771966562925053E-010 -3.1128068513407456E-012  3.4287483884821957E-001 -5.0870240482067135E-010 -3.6705006293290956E-011 -9.7198243937358325E-015 -2.7760862192410541E-009 -3.4227789302393170E-011 -9.4176135665934971E-012  7.0933076299084702E-011 -6.8273770255098184E-010 -2.3157917671240818E-012  2.3044380693897312E-001  1.0907398994085719E-011  1.1380757936943662E-012
-5.1341147245725476E-008 -1.7417057418599444E-010  1.1228485495269783E-009  4.3296262128507118E-001 -3.5511841154013552E-008 -1.2046967450226601E-010  7.7665621779964001E-010  6.1498489477421148E-001 -1.1495031148457667E-009 -6.7558944887925391E-012  4.3554264528478856E-011  5.7515222454067303E-010  1.4771079045268489E-013  5.7434433175452686E-010 -2.1340891485585110E-008 -7.2396859609045285E-011  4.6673261593788785E-010 -2.0152749071348652E-001 -1.1970948693191827E-001
 3.4287488078996059E-001  1.4235180519468764E-010 -9.1771966562925053E-010 -3.5511841154013552E-008  3.7006588089304771E-001 -3.6023138043940098E-010  2.3223564832152881E-009  5.3386769514480192E-008 -3.3783522371150212E-009 -9.6858278863413447E-012  6.2442730042028251E-011  1.6891485955103290E-009 -1.0466500381476426E-014  1.6892048405733666E-009  2.4871872142323440E-001 -2.3106892399782969E-010  1.4896653586923787E-009 -8.5471845615142884E-009 -4.1078409198479143E-009
 1.4235181863883408E-010  3.4287483882863529E-001 -3.1128068513407456E-012 -1.2046967450226601E-010 -3.6023138043940098E-010  3.7006598707926702E-001  7.8797812689462723E-012  1.8111035755874789E-010  6.1445318413542870E-012 -2.9963052413648197E-009 -1.0463766472107720E-014 -1.1875886226809323E-011  6.5530207825393930E-011  5.7300476818001057E-012 -2.3106892508202509E-010  2.4871878953592255E-001  5.0542411562298885E-012 -2.8994671163186530E-011 -1.3934235764906866E-011
-9.1771965782302032E-010 -3.1123558740581914E-012  3.4287483884821957E-001  7.7665621779964001E-010  2.3223564832152881E-009  7.8797812689462723E-012  3.7006598702968851E-001 -1.1675864071491502E-009 -3.9615867980235114E-011 -1.0490810538277469E-014 -2.9962393568381042E-009 -3.6942155602759702E-011 -1.0164462551683071E-011  7.6558326547152712E-011  1.4896654497653624E-009  5.0545348733748319E-012  2.4871878950412196E-001  1.8693091694637448E-010  8.9841177551146937E-011
 2.3259939978901255E-008  7.8905862198549627E-011 -5.0870240482067135E-010  6.1498489477421148E-001  5.3386769514480192E-008  1.8111035755874789E-010 -1.1675864071491502E-009  8.7359475443369694E-001 -1.6365532898966650E-009 -9.6184086275995407E-012  6.2008422075859708E-011  8.1884711398379134E-010  2.1029685515894423E-013  8.1769692531060418E-010  3.9440136990808602E-008  1.3379674992779917E-010 -8.6256903766230437E-010 -2.8091906519031073E-001 -1.6386824995541710E-001
-3.1301240179883853E-009  5.6930490581784560E-012 -3.6705006293290956E-011 -1.1495031148457667E-009 -3.3783522371150212E-009  6.1445318413542870E-012 -3.9615867980235114E-011 -1.6365532898966650E-009  3.4123389236167568E-017  5.7938652084787986E-020 -3.7349128530237746E-019 -1.7056659144160022E-017  1.8504954973348283E-021 -1.7066727573207380E-017 -2.2705671993820364E-009  4.1296972207336238E-012 -2.6625550020604723E-011  2.1669366522919078E-010 -5.0415256696949181E-011
-8.9741545266265803E-012 -2.7761472618085948E-009 -9.7198243937358325E-015 -6.7558944887925391E-012 -9.6858278863413447E-012 -2.9963052413648197E-009 -1.0490810538277469E-014 -9.6184086275995407E-012  5.7938652084787986E-020  2.4260486320786801E-017 -2.1946266893207156E-021  4.2306356298668474E-020 -5.3057892426879308E-019 -1.0023438037156306E-019 -6.5097781126798709E-012 -2.0137960221481097E-009 -7.0507967221287931E-015  1.2728762922963131E-012 -2.9709125398126710E-013
 5.7854704320421019E-011 -9.6947674351153741E-015 -2.7760862192410541E-009  4.3554264528478856E-011  6.2442730042028251E-011 -1.0463766472107720E-014 -2.9962393568381042E-009  6.2008422075859708E-011 -3.7349128530237746E-019 -2.1946266893207156E-021  2.4274294731317025E-017  6.4626173641233503E-019  8.2308914650173851E-020 -2.7277321392263140E-019  4.1967328151381297E-011 -7.0326205948744356E-015 -2.0137517416415878E-009 -8.2104884344364215E-012  1.9101670423622497E-012
 1.5650365086753765E-009 -1.1003285751165432E-011 -3.4227789302393170E-011  5.7515222454067303E-010  1.6891485955103290E-009 -1.1875886226809323E-011 -3.6942155602759702E-011  8.1884711398379134E-010 -1.7056659144160022E-017  4.2306356298668474E-020  6.4626173641233503E-019  8.5347243675525044E-018 -9.2528606792655219E-022  8.5219334970703469E-018  1.1352651016535544E-009 -7.9817009083611811E-012 -2.4828567567793897E-011 -1.0841922827234277E-010  2.5228826459222588E-011
-9.6973004645019210E-015  6.0715278439839499E-011 -9.4176135665934971E-012  1.4771079045268489E-013 -1.0466500381476426E-014  6.5530207825393930E-011 -1.0164462551683071E-011  2.1029685515894423E-013  1.8504954973348283E-021 -5.3057892426879308E-019  8.2308914650173851E-020 -9.2528606792655219E-022  1.1883136335253560E-020 -9.2545090883018240E-022 -7.0344580362944323E-015  4.4042399294808591E-011 -6.8314649560918222E-012 -2.7822392422411185E-014  6.5045735877944254E-015
 1.5650886201863947E-009  5.3090260013270600E-012  7.0933076299084702E-011  5.7434433175452686E-010  1.6892048405733666E-009  5.7300476818001057E-012  7.6558326547152712E-011  8.1769692531060418E-010 -1.7066727573207380E-017 -1.0023438037156306E-019 -2.7277321392263140E-019  8.5219334970703469E-018 -9.2545090883018240E-022  8.5447928370492535E-018  1.1353029035469752E-009  3.8511254611415883E-012  5.1454321208514287E-011 -1.0826589786883749E-010  2.5194589614564465E-011
 2.3044383814153724E-001  1.0590257318426807E-010 -6.8273770255098184E-010 -2.1340891485585110E-008  2.4871872142323440E-001 -2.3106892508202509E-010  1.4896654497653624E-009  3.9440136990808602E-008 -2.2705671993820364E-009 -6.5097781126798709E-012  4.1967328151381297E-011  1.1352651016535544E-009 -7.0344580362944323E-015  1.1353029035469752E-009  1.6716213404252436E-001 -1.4787985512966179E-010  9.5335804099267677E-010 -9.3785352062448595E-009 -6.3026376185891312E-009
 1.0590258272529189E-010  2.3044380692440153E-001 -2.3157917671240818E-012 -7.2396859609045285E-011 -2.3106892399782969E-010  2.4871878953592255E-001  5.0545348733748319E-012  1.3379674992779917E-010  4.1296972207336238E-012 -2.0137960221481097E-009 -7.0326205948744356E-015 -7.9817009083611811E-012  4.4042399294808591E-011  3.8511254611415883E-012 -1.4787985512966179E-010  1.6716217763337457E-001  3.2346574431992231E-012 -3.1815463814530163E-011 -2.1380683718513548E-011
-6.8273778148092564E-010 -2.3157476231541125E-012  2.3044380693897312E-001  4.6673261593788785E-010  1.4896653586923787E-009  5.0542411562298885E-012  2.4871878950412196E-001 -8.6256903766230437E-010 -2.6625550020604723E-011 -7.0507967221287931E-015 -2.0137517416415878E-009 -2.4828567567793897E-011 -6.8314649560918222E-012  5.1454321208514287E-011  9.5335804099267677E-010  3.2346574431992231E-012  1.6716217761302374E-001  2.0511110049996693E-010  1.3784008795385719E-010
-4.9879519406312921E-010 -1.6918284192577307E-012  1.0907398994085719E-011 -2.0152749071348652E-001 -8.5471845615142884E-009 -2.8994671163186530E-011  1.8693091694637448E-010 -2.8091906519031073E-001  2.1669366522919078E-010  1.2728762922963131E-012 -8.2104884344364215E-012 -1.0841922827234277E-010 -2.7822392422411185E-014 -1.0826589786883749E-010 -9.3785352062448595E-009 -3.1815463814530163E-011  2.0511110049996693E-010  5.4229753022005034E-001  5.7449061180620642E-001
-5.2110199121630350E-011 -1.7658493845194884E-013  1.1380757936943662E-012 -1.1970948693191827E-001 -4.1078409198479143E-009 -1.3934235764906866E-011  8.9841177551146937E-011 -1.6386824995541710E-001 -5.0415256696949181E-011 -2.9709125398126710E-013  1.9101670423622497E-012  2.5228826459222588E-011  6.5045735877944254E-015  2.5194589614564465E-011 -6.3026376185891312E-009 -2.1380683718513548E-011  1.3784008795385719E-010  5.7449061180620642E-001  6.3315688375306700E-001
