 1.5424424271712817E-001  8.0983184408823711E-002 -2.1406453670091743E-001  3.0856965483487802E-016  6.3342409942781119E-002  3.3256800869403746E-002 -8.7908393850316666E-002  1.3081984245334074E-015 -1.0502107404816901E-016  1.0155286027837548E-017 -7.8809127841510377E-019 -1.1264348866421994E-016  1.4926027308605631E-017 -1.1044977050639936E-016  3.1934185058332794E-002  1.6766473431797543E-002 -4.4319168151838347E-002 -2.3735638244184343E-016 -3.0267656171476674E-017
 8.0983184408823711E-002  4.2518774389660112E-002 -1.1239076120871486E-001  1.6162721106703085E-016  3.3256800869404017E-002  1.7460889237815157E-002 -4.6154731903475785E-002  6.8756766711432736E-016 -5.5137856285910371E-017  5.3175821249975978E-018 -3.7605464002805193E-019 -5.9122820125226502E-017  7.8564474996355817E-018 -5.8009893213727056E-017  1.6766473431797584E-002  8.8029373796661356E-003 -2.3268987574908275E-002 -2.7523131842940249E-016 -2.3264803673726913E-016
-2.1406453670091743E-001 -1.1239076120871486E-001  2.9708483808381331E-001 -4.2872843562748422E-016 -8.7908393850315930E-002 -4.6154731903475021E-002  1.2200176337343545E-001 -1.8146351347144575E-015  1.4575324422919894E-016 -1.4111985753387929E-017  1.1418218030330008E-018  1.5635358253794494E-016 -2.0689517335829239E-017  1.5325955507065727E-016 -4.4319168151838340E-002 -2.3268987574908213E-002  6.1507399111110042E-002  1.3739955417803233E-016 -2.3433034995219679E-016
 3.0856965483487802E-016  1.6162721106703085E-016 -4.2872843562748422E-016  2.3687155451627991E-006  1.2653448926258980E-016  6.5896437914582961E-017 -1.7394752081795508E-016 -4.4762453989911244E-006 -9.8196976563120829E-009  8.8534392351780959E-008 -2.3402480180643058E-007 -1.1559882414794968E-007 -1.2287054185717060E-007  1.2541852180727857E-007  6.3902333491181688E-017  3.3436358168610940E-017 -8.8553968425692963E-017  9.3446839892966658E-004  1.3448642402967474E-003
 6.3342409942781119E-002  3.3256800869404017E-002 -8.7908393850315930E-002  1.2653448926258980E-016  2.6012386761932557E-002  1.3657339016007800E-002 -3.6100728445923887E-002  5.3757582085648494E-016 -4.3127512361489000E-017  4.1635359326955851E-018 -3.0549430188639085E-019 -4.6249554504170845E-017  6.1390948358641898E-018 -4.5367363375164210E-017  1.3114189583485371E-002  6.8853709850250008E-003 -1.8200244417194426E-002 -1.6992968543014006E-016 -1.1670699985037591E-016
 3.3256800869403746E-002  1.7460889237815157E-002 -4.6154731903475021E-002  6.5896437914582961E-017  1.3657339016007800E-002  7.1705418924161591E-003 -1.8954042611435830E-002  2.8326170461539716E-016 -2.2641098690970444E-017  2.1658727913792342E-018 -1.0721764285804384E-019 -2.4256235307842989E-017  3.2511415500382586E-018 -2.3847822190039367E-017  6.8853709850249618E-003  3.6150410438724285E-003 -9.5557132244238792E-003 -3.0155471622163116E-016 -3.6686398848431607E-016
-8.7908393850316666E-002 -4.6154731903475785E-002  1.2200176337343545E-001 -1.7394752081795508E-016 -3.6100728445923887E-002 -1.8954042611435830E-002  5.0101615290203912E-002 -7.4920113610481530E-016  5.9846701103519121E-017 -5.7162045615557206E-018  2.5990605362870155E-019  6.4105401277152171E-017 -8.6061507754342379E-018  6.3050041261275178E-017 -1.8200244417194575E-002 -9.5557132244240110E-003  2.5258815631486638E-002  8.9096035706297788E-016  1.1048123341464875E-015
 1.3081984245334074E-015  6.8756766711432736E-016 -1.8146351347144575E-015 -4.4762453989911244E-006  5.3757582085648494E-016  2.8326170461539716E-016 -7.4920113610481530E-016  8.4589189752677153E-006  1.8556629369580929E-008 -1.6730656715046685E-007  4.4224493079174172E-007  2.1845117949166000E-007  2.3219280119255752E-007 -2.3700780886694192E-007  2.7081237210231064E-016  1.4240142308107457E-016 -3.7608960052984403E-016 -1.7658979271502338E-003 -2.5414374386107498E-003
-1.0502107404816901E-016 -5.5137856285910371E-017  1.4575324422919894E-016 -9.8196976563120829E-009 -4.3127512361489000E-017 -2.2641098690970444E-017  5.9846701103519121E-017  1.8556629369580929E-008  4.0708333365859576E-011 -3.6702632650643847E-010  9.7016832709626350E-010  4.7922406929618775E-010  5.0936955024784495E-010 -5.1993240267455370E-010 -2.1743264618447653E-017 -1.1415438353454241E-017  3.0175374442500978E-017 -3.8739126635978919E-006 -5.5752410860259113E-006
 1.0155286027837548E-017  5.3175821249975978E-018 -1.4111985753387929E-017  8.8534392351780959E-008  4.1635359326955851E-018  2.1658727913792342E-018 -5.7162045615557206E-018 -1.6730656715046685E-007 -3.6702632650643847E-010  3.3091092955867649E-009 -8.7470374674111808E-009 -4.3206841249550312E-009 -4.5924757759425332E-009  4.6877104515742280E-009  2.1031559913396254E-018  1.0999478404398956E-018 -2.9139044263762165E-018  3.4927195897426156E-005  5.0266372656463803E-005
-7.8809127841510377E-019 -3.7605464002805193E-019  1.1418218030330008E-018 -2.3402480180643058E-007 -3.0549430188639085E-019 -1.0721764285804384E-019  2.5990605362870155E-019  4.4224493079174172E-007  9.7016832709626350E-010 -8.7470374674111808E-009  2.3121226173561083E-008  1.1420954265920953E-008  1.2139386793274412E-008 -1.2391122593315273E-008 -1.6485885776125258E-019 -7.5251654715533004E-020  2.1580352161012633E-019 -9.2323783790956431E-005 -1.3287014894410677E-004
-1.1264348866421994E-016 -5.9122820125226502E-017  1.5635358253794494E-016 -1.1559882414794968E-007 -4.6249554504170845E-017 -2.4256235307842989E-017  6.4105401277152171E-017  2.1845117949166000E-007  4.7922406929618775E-010 -4.3206841249550312E-009  1.1420954265920953E-008  5.6414913017637858E-009  5.9963680274383273E-009 -6.1207153712072012E-009 -2.3322148744912729E-017 -1.2239293611101361E-017  3.2360722128352445E-017 -4.5604229828390937E-005 -6.5632500759496963E-005
 1.4926027308605631E-017  7.8564474996355817E-018 -2.0689517335829239E-017 -1.2287054185717060E-007  6.1390948358641898E-018  3.2511415500382586E-018 -8.6061507754342379E-018  2.3219280119255752E-007  5.0936955024784495E-010 -4.5924757759425332E-009  1.2139386793274412E-008  5.9963680274383273E-009  6.3735681927299975E-009 -6.5057375778426607E-009  3.0893421113584066E-018  1.6279391401011597E-018 -4.2942980058093417E-018 -4.8472953520892031E-005 -6.9761098274143514E-005
-1.1044977050639936E-016 -5.8009893213727056E-017  1.5325955507065727E-016  1.2541852180727857E-007 -4.5367363375164210E-017 -2.3847822190039367E-017  6.3050041261275178E-017 -2.3700780886694192E-007 -5.1993240267455370E-010  4.6877104515742280E-009 -1.2391122593315273E-008 -6.1207153712072012E-009 -6.5057375778426607E-009  6.6406477740414891E-009 -2.2866223193838056E-017 -1.2011560362437694E-017  3.1741356193592724E-017  4.9478142493178975E-005  7.1207741847235698E-005
 3.1934185058332794E-002  1.6766473431797584E-002 -4.4319168151838340E-002  6.3902333491181688E-017  1.3114189583485371E-002  6.8853709850249618E-003 -1.8200244417194575E-002  2.7081237210231064E-016 -2.1743264618447653E-017  2.1031559913396254E-018 -1.6485885776125258E-019 -2.3322148744912729E-017  3.0893421113584066E-018 -2.2866223193838056E-017  6.6115412632292807E-003  3.4712716398016086E-003 -9.1756845666370671E-003 -4.2372388521772482E-017  3.4753310854868508E-018
 1.6766473431797543E-002  8.8029373796661356E-003 -2.3268987574908213E-002  3.3436358168610940E-017  6.8853709850250008E-003  3.6150410438724285E-003 -9.5557132244240110E-003  1.4240142308107457E-016 -1.1415438353454241E-017  1.0999478404398956E-018 -7.5251654715533004E-020 -1.2239293611101361E-017  1.6279391401011597E-018 -1.2011560362437694E-017  3.4712716398016086E-003  1.8225291679425273E-003 -4.8175292785475870E-003 -6.7386264542885948E-017 -6.3138866771937365E-017
-4.4319168151838347E-002 -2.3268987574908275E-002  6.1507399111110042E-002 -8.8553968425692963E-017 -1.8200244417194426E-002 -9.5557132244238792E-003  2.5258815631486638E-002 -3.7608960052984403E-016  3.0175374442500978E-017 -2.9139044263762165E-018  2.1580352161012633E-019  3.2360722128352445E-017 -4.2942980058093417E-018  3.1741356193592724E-017 -9.1756845666370671E-003 -4.8175292785475870E-003  1.2734275400301911E-002  1.1068418219432347E-016  6.9839228851505501E-017
-2.3735638244184343E-016 -2.7523131842940249E-016  1.3739955417803233E-016  9.3446839892966658E-004 -1.6992968543014006E-016 -3.0155471622163116E-016  8.9096035706297788E-016 -1.7658979271502338E-003 -3.8739126635978919E-006  3.4927195897426156E-005 -9.2323783790956431E-005 -4.5604229828390937E-005 -4.8472953520892031E-005  4.9478142493178975E-005 -4.2372388521772482E-017 -6.7386264542885948E-017  1.1068418219432347E-016  3.6865177432613944E-001  5.3055468647312409E-001
-3.0267656171476674E-017 -2.3264803673726913E-016 -2.3433034995219679E-016  1.3448642402967474E-003 -1.1670699985037591E-016 -3.6686398848431607E-016  1.1048123341464875E-015 -2.5414374386107498E-003 -5.5752410860259113E-006  5.0266372656463803E-005 -1.3287014894410677E-004 -6.5632500759496963E-005 -6.9761098274143514E-005  7.1207741847235698E-005  3.4753310854868508E-018 -6.3138866771937365E-017  6.9839228851505501E-017  5.3055468647312409E-001  7.6356142826961548E-001
