 2.9056951065421915E-001  1.1192805995439651E-008 -1.8153212709646075E-008  8.7223314273912588E-008  2.8149367137603443E-001  1.9001421823435605E-009 -3.0817727523151866E-009 -4.7666193135295590E-008 -7.8533407053825473E-009 -3.6832178463088403E-009  5.9736795062290958E-009  4.4819982052764622E-009  1.2757246582419328E-009  3.3713438412259588E-009  1.8781127736319819E-001  1.7424907309646775E-009 -2.8260832872241690E-009  2.8468723139574912E-009  1.2290253558436882E-009
 1.1192805995439651E-008  2.9056944121255956E-001 -2.8536805456026481E-009  1.3711484385804754E-008  1.9001428692940367E-009  2.8149365958729539E-001 -4.8445387839690767E-010 -7.4931136578742552E-009 -3.5216713621082978E-009  7.6133954613140039E-009  1.2757246847941566E-009  2.9916971374016491E-009 -1.9410862877141585E-009  5.2997438274416822E-010  1.7424909772953970E-009  1.8781126655255226E-001 -4.4425958153580475E-010  4.4752722666814422E-010  1.9320209602768593E-010
-1.8153212709646075E-008 -2.8536805456026481E-009  2.9056944408133994E-001 -2.2238165988527796E-008 -3.0817734600826166E-009 -4.8445377257882051E-010  2.8149366007431315E-001  1.2152816891589624E-008  5.7116735514770777E-009  1.2757247151814905E-009  6.3309223470006106E-009 -1.1427149470522836E-009  9.9521953166392693E-010 -4.5689579166771300E-009 -2.8260835925357055E-009 -4.4425957112749957E-010  1.8781126699916340E-001 -7.2583056439679394E-010 -3.1334957776320839E-010
 8.7223314273912588E-008  1.3711484385804754E-008 -2.2238165988527796E-008  4.3883926560831399E-001  4.3212449119630610E-008  6.7929856643005321E-009 -1.1017301860707980E-008  6.1462974873751575E-001 -7.5472071512384850E-009 -2.1514474609630234E-009  3.4893559937869029E-009  4.0123858011237906E-009  5.4852576882862400E-010  3.5348349790160419E-009  2.2550059700649788E-008  3.5448635803782411E-009 -5.7492871947041528E-009 -2.0179379724778634E-001 -1.1981793646094349E-001
 2.8149367137603443E-001  1.9001428692940367E-009 -3.0817734600826166E-009  4.3212449119630610E-008  2.7270131283338656E-001 -6.8229353600227764E-009  1.1065875925678867E-008 -1.0401686734962520E-007 -7.6080431908596823E-009 -3.5681737648660652E-009  5.7870936184797873E-009  4.3420039976447320E-009  1.2358778926928757E-009  3.2660404924441437E-009  1.8194505635418706E-001 -4.0923339930507971E-009  6.6372110448232800E-009  2.0024034235808552E-008  1.0453522065186592E-008
 1.9001421823435605E-009  2.8149365958729539E-001 -4.8445377257882051E-010  6.7929856643005321E-009 -6.8229353600227764E-009  2.7270135516378335E-001  1.7395532314796712E-009 -1.6351427913432488E-008 -3.4116734359525148E-009  7.3755952671542645E-009  1.2358779184157166E-009  2.8982528655918682E-009 -1.8804575316690030E-009  5.1342072346170958E-010 -4.0923342012175703E-009  1.8194508174357144E-001  1.0433681069370322E-009  3.1477738862191873E-009  1.6432915103164269E-009
-3.0817727523151866E-009 -4.8445387839690767E-010  2.8149366007431315E-001 -1.1017301860707980E-008  1.1065875925678867E-008  1.7395532314796712E-009  2.7270135341502627E-001  2.6519797756707233E-008  5.5332718265741917E-009  1.2358779478539097E-009  6.1331797038012775E-009 -1.1070225022463206E-009  9.6413443379534882E-010 -4.4262486580612457E-009  6.6372112252345595E-009  1.0433680505585364E-009  1.8194508069468357E-001 -5.1052611521447136E-009 -2.6651947656279107E-009
-4.7666193135295590E-008 -7.4931136578742552E-009  1.2152816891589624E-008  6.1462974873751575E-001 -1.0401686734962520E-007 -1.6351427913432488E-008  2.6519797756707233E-008  8.6087009423908367E-001 -1.0570939196844911E-008 -3.0134087810037686E-009  4.8873403570531204E-009  5.6199181437061800E-009  7.6828851116081546E-010  4.9510401609780230E-009 -7.8167682402276884E-008 -1.2287941449078014E-008  1.9929375483191159E-008 -2.7887606913986884E-001 -1.6342740146208443E-001
-7.8533407053825473E-009 -3.5216713621082978E-009  5.7116735514770777E-009 -7.5472071512384850E-009 -7.6080431908596823E-009 -3.4116734359525148E-009  5.5332718265741917E-009 -1.0570939196844911E-008  4.9701579227109427E-016  6.9353800154777235E-017 -1.1248243881458159E-016 -2.4886716562249799E-016 -8.2502571789013868E-019 -2.4814888597476964E-016 -5.0760511897817792E-009 -2.2762527210380715E-009  3.6917733446449558E-009  3.4142904470253245E-009  1.9949557587955854E-009
-3.6832178463088403E-009  7.6133954613140039E-009  1.2757247151814905E-009 -2.1514474609630234E-009 -3.5681737648660652E-009  7.3755952671542645E-009  1.2358779478539097E-009 -3.0134087810037686E-009  6.9353800154777235E-017  2.6232059256491471E-016 -3.1607763649770501E-017 -3.1149433906524661E-018 -6.5350446645635127E-017 -6.6238933503540193E-017 -2.3806690153080897E-009  4.9209630165305383E-009  8.2457204483736904E-010  9.7329589466827406E-010  5.6869269755529878E-010
 5.9736795062290958E-009  1.2757246847941566E-009  6.3309223470006106E-009  3.4893559937869029E-009  5.7870936184797873E-009  1.2358779184157166E-009  6.1331797038012775E-009  4.8873403570531204E-009 -1.1248243881458159E-016 -3.1607763649770501E-017  2.9409556128277317E-016  1.1228616106973436E-016  4.3750385264404279E-017  1.9642949737693293E-019  3.8611220680613768E-009  8.2457202519634621E-010  4.0920291049006081E-009 -1.5785533695724252E-009 -9.2234176143558966E-010
 4.4819982052764622E-009  2.9916971374016491E-009 -1.1427149470522836E-009  4.0123858011237906E-009  4.3420039976447320E-009  2.8982528655918682E-009 -1.1070225022463206E-009  5.6199181437061800E-009 -2.4886716562249799E-016 -3.1149433906524661E-018  1.1228616106973436E-016  1.4111856686047966E-016  7.9417341549932508E-019  1.0774874313745916E-016  2.8969649628527996E-009  1.9337008937914312E-009 -7.3860028775579671E-010 -1.8151671809937803E-009 -1.0605940584427385E-009
 1.2757246582419328E-009 -1.9410862877141585E-009  9.9521953166392693E-010  5.4852576882862400E-010  1.2358778926928757E-009 -1.8804575316690030E-009  9.6413443379534882E-010  7.6828851116081546E-010 -8.2502571789013868E-019 -6.5350446645635127E-017  4.3750385264404279E-017  7.9417341549932508E-019  2.2662343520548113E-017  3.0876546904734461E-020  8.2457200803418308E-010 -1.2546325594503270E-009  6.4326603078044531E-010 -2.4814832749874502E-010 -1.4499208119162175E-010
 3.3713438412259588E-009  5.2997438274416822E-010 -4.5689579166771300E-009  3.5348349790160419E-009  3.2660404924441437E-009  5.1342072346170958E-010 -4.4262486580612457E-009  4.9510401609780230E-009 -2.4814888597476964E-016 -6.6238933503540193E-017  1.9642949737693293E-019  1.0774874313745916E-016  3.0876546904734461E-020  1.4040025778848621E-016  2.1790870937685168E-009  3.4255192939493479E-010 -2.9531726123591107E-009 -1.5991272223695352E-009 -9.3436271984089945E-010
 1.8781127736319819E-001  1.7424909772953970E-009 -2.8260835925357055E-009  2.2550059700649788E-008  1.8194505635418706E-001 -4.0923342012175703E-009  6.6372112252345595E-009 -7.8167682402276884E-008 -5.0760511897817792E-009 -2.3806690153080897E-009  3.8611220680613768E-009  2.8969649628527996E-009  8.2457200803418308E-010  2.1790870937685168E-009  1.2139290122139615E-001 -2.4235453373784238E-009  3.9306621071289374E-009  1.9697768539659525E-008  1.2722682016873324E-008
 1.7424907309646775E-009  1.8781126655255226E-001 -4.4425957112749957E-010  3.5448635803782411E-009 -4.0923339930507971E-009  1.8194508174357144E-001  1.0433680505585364E-009 -1.2287941449078014E-008 -2.2762527210380715E-009  4.9209630165305383E-009  8.2457202519634621E-010  1.9337008937914312E-009 -1.2546325594503270E-009  3.4255192939493479E-010 -2.4235453373784238E-009  1.2139291625739358E-001  6.1789916275771344E-010  3.0964845424613483E-009  2.0000025271433475E-009
-2.8260832872241690E-009 -4.4425958153580475E-010  1.8781126699916340E-001 -5.7492871947041528E-009  6.6372110448232800E-009  1.0433681069370322E-009  1.8194508069468357E-001  1.9929375483191159E-008  3.6917733446449558E-009  8.2457204483736904E-010  4.0920291049006081E-009 -7.3860028775579671E-010  6.4326603078044531E-010 -2.9531726123591107E-009  3.9306621071289374E-009  6.1789916275771344E-010  1.2139291563622594E-001 -5.0220785221024724E-009 -3.2437333439822079E-009
 2.8468723139574912E-009  4.4752722666814422E-010 -7.2583056439679394E-010 -2.0179379724778634E-001  2.0024034235808552E-008  3.1477738862191873E-009 -5.1052611521447136E-009 -2.7887606913986884E-001  3.4142904470253245E-009  9.7329589466827406E-010 -1.5785533695724252E-009 -1.8151671809937803E-009 -2.4814832749874502E-010 -1.5991272223695352E-009  1.9697768539659525E-008  3.0964845424613483E-009 -5.0220785221024724E-009  5.3823080580297966E-001  5.7589932036089631E-001
 1.2290253558436882E-009  1.9320209602768593E-010 -3.1334957776320839E-010 -1.1981793646094349E-001  1.0453522065186592E-008  1.6432915103164269E-009 -2.6651947656279107E-009 -1.6342740146208443E-001  1.9949557587955854E-009  5.6869269755529878E-010 -9.2234176143558966E-010 -1.0605940584427385E-009 -1.4499208119162175E-010 -9.3436271984089945E-010  1.2722682016873324E-008  2.0000025271433475E-009 -3.2437333439822079E-009  5.7589932036089631E-001  6.4163189189036351E-001
