   1.9951954847671521E-002   6.4556550515464051E-002   5.2474331465369013E-002  -5.5863361108545965E-018  -5.4575978676238372E-018   4.7308971248036153E-019   2.6846237040408651E-002   4.3970887614657751E-019   3.7349766166243819E-019   3.4054484301031453E-020
   6.4556550515464051E-002  0.20887919235352684       0.16978596111872429       -1.8075150635118510E-017  -1.7658605140411332E-017   1.5307292019884004E-018   8.6863691847795230E-002   1.4227221588949834E-018   1.2084891353557185E-018   1.1018669863891466E-019
   5.2474331465369013E-002  0.16978596111872429       0.13800930704585912       -1.4692257224717763E-017  -1.4353671191462555E-017   1.2442423098430282E-018   7.0606532132397884E-002   1.1564495555117580E-018   9.8231177091413299E-019   8.9564471789243193E-020
  -5.5863361108545965E-018  -1.8075150635118510E-017  -1.4692257224717763E-017   1.5641149642577539E-033   1.5280696192026601E-033  -1.3246011053454708E-034  -7.5166621298213026E-018  -1.2311382978934443E-034  -1.0457539076218050E-034  -9.5348950436094616E-036
  -5.4575978676238372E-018  -1.7658605140411332E-017  -1.4353671191462555E-017   1.5280696192026601E-033   1.4928549463998180E-033  -1.2940754055129180E-034  -7.3434391338629857E-018  -1.2027664673233245E-034  -1.0216542977438135E-034  -9.3151614627891399E-036
   4.7308971248036153E-019   1.5307292019884004E-018   1.2442423098430282E-018  -1.3246011053454708E-034  -1.2940754055129180E-034   1.1217641467390912E-035   6.3656311672681966E-019   1.0426133548288592E-035   8.8561698699208740E-036   8.0748108692327765E-037
   2.6846237040408651E-002   8.6863691847795230E-002   7.0606532132397884E-002  -7.5166621298213026E-018  -7.3434391338629857E-018   6.3656311672681966E-019   3.6122798429143434E-002   5.9164772614651080E-019   5.0255761079964359E-019   4.5821813692659829E-020
   4.3970887614657751E-019   1.4227221588949834E-018   1.1564495555117580E-018  -1.2311382978934443E-034  -1.2027664673233245E-034   1.0426133548288592E-035   5.9164772614651080E-019   9.6904738026033718E-036   8.2312855209840115E-036   7.5050585940481638E-037
   3.7349766166243819E-019   1.2084891353557185E-018   9.8231177091413299E-019  -1.0457539076218050E-034  -1.0216542977438135E-034   8.8561698699208740E-036   5.0255761079964359E-019   8.2312855209840115E-036   6.9918213193826210E-036   6.3749493985246526E-037
   3.4054484301031453E-020   1.1018669863891466E-019   8.9564471789243193E-020  -9.5348950436094616E-036  -9.3151614627891399E-036   8.0748108692327765E-037   4.5821813692659829E-020   7.5050585940481638E-037   6.3749493985246526E-037   5.8125026337684435E-038
