  0.14305359707563903        1.3510034336548220E-017  -2.2668860423050997E-017   9.0886730396760606E-017  -4.1843683585480311E-019  -5.9994511682788935E-019  -7.7625197141134481E-019   9.8507862601887568E-020   3.3687357248481741E-019   3.1992897325460492E-019  0.10469265452550182        1.0270486243695207E-017  -1.9974730962150951E-017   8.8182307124527602E-017   3.2562207508736430E-016
   1.3510034336548220E-017  0.14305359707563875       -4.7777175734194546E-017  -8.2883078846522299E-018   8.9188730479130324E-020   4.0164988024057821E-019  -2.6660516736837727E-019  -2.3859634604245336E-019  -2.4953055456940684E-019   1.4940761556436522E-019   1.0359636461393717E-017  0.10469265452550156       -5.0735014786006569E-017  -7.5657090606324762E-018   4.3842073220981961E-017
  -2.2668860423050997E-017  -4.7777175734194546E-017  0.14305359707563864       -1.8720052436735527E-017  -3.8272785382818329E-018   9.6304101569081204E-019   1.7045169447592098E-019  -4.0197996584300874E-018  -2.3110766377114892E-019  -3.3330541485561623E-018  -2.0765295046254923E-017  -3.8392050678616904E-017  0.10469265452550154       -1.4213230648868322E-017   5.6811224975076301E-016
   9.0886730396760606E-017  -8.2883078846522299E-018  -1.8720052436735527E-017  0.60861508403741149       -4.5808708376079176E-016  -4.9216860623554628E-017  -2.1603604461385143E-016  -2.6109618323670665E-015  -1.1594779929996973E-016  -2.6375570598880318E-015   3.1258005242802427E-016  -9.7939727009669494E-018  -4.0478453356619794E-016  0.57792956646803484        7.2433699252053589E-003
  -4.1843683585480311E-019   8.9188730479130324E-020  -3.8272785382818329E-018  -4.5808708376079176E-016   6.8700263835737942E-031  -7.5455883607603625E-032  -1.6158177975994285E-031   2.0098940553926269E-030   3.8400315830075305E-031   2.1724062753174785E-030  -3.0622972083509529E-019   6.5272073813579613E-020  -2.8009638203597186E-018  -4.3334896425585510E-016   8.2206966193468790E-016
  -5.9994511682788935E-019   4.0164988024057821E-019   9.6304101569081204E-019  -4.9216860623554628E-017  -7.5455883607603625E-032   4.0969203127036812E-032   1.2405633074184840E-031   1.9645215801801683E-031  -8.8183078432536988E-032   1.5175313333661269E-031  -4.3906513456709939E-019   2.9394431885555935E-019   7.0479402413283256E-019  -4.7275263579830325E-017  -2.7265180088354613E-016
  -7.7625197141134481E-019  -2.6660516736837727E-019   1.7045169447592098E-019  -2.1603604461385143E-016  -1.6158177975994285E-031   1.2405633074184840E-031   3.8388605055998987E-031   8.8453641798994745E-031  -2.4002346226865470E-031   7.5892980387728086E-031  -5.6809392513729666E-019  -1.9511290350323663E-019   1.2474373750737474E-019  -2.0669978167885906E-016  -7.8673061247312327E-016
   9.8507862601887568E-020  -2.3859634604245336E-019  -4.0197996584300874E-018  -2.6109618323670665E-015   2.0098940553926269E-030   1.9645215801801683E-031   8.8453641798994745E-031   1.1206965118515598E-029   5.3609960366754306E-031   1.1339614366385613E-029   7.2092207662695243E-020  -1.7461486700023181E-019  -2.9418588941807188E-018  -2.4791067828362799E-015   7.6786011736806695E-017
   3.3687357248481741E-019  -2.4953055456940684E-019  -2.3110766377114892E-019  -1.1594779929996973E-016   3.8400315830075305E-031  -8.8183078432536988E-032  -2.4002346226865470E-031   5.3609960366754306E-031   2.7945620620179969E-031   6.6477348810212769E-031   2.4653828539704490E-019  -1.8261698186645033E-019  -1.6913433353653477E-019  -1.0867768225813180E-016   7.1636711367280332E-016
   3.1992897325460492E-019   1.4940761556436522E-019  -3.3330541485561623E-018  -2.6375570598880318E-015   2.1724062753174785E-030   1.5175313333661269E-031   7.5892980387728086E-031   1.1339614366385613E-029   6.6477348810212769E-031   1.1532797651884191E-029   2.3413751317119286E-019   1.0934279318743946E-019  -2.4392695718433661E-018  -2.5036770995521528E-015   4.2119202859320722E-016
  0.10469265452550182        1.0359636461393717E-017  -2.0765295046254923E-017   3.1258005242802427E-016  -3.0622972083509529E-019  -4.3906513456709939E-019  -5.6809392513729666E-019   7.2092207662695243E-020   2.4653828539704490E-019   2.3413751317119286E-019   7.6618499189508166E-002   7.8620186442565344E-018  -1.7674471821724188E-017   2.9780342354894855E-016   4.4105126247947531E-017
   1.0270486243695207E-017  0.10469265452550156       -3.8392050678616904E-017  -9.7939727009669494E-018   6.5272073813579613E-020   2.9394431885555935E-019  -1.9511290350323663E-019  -1.7461486700023181E-019  -1.8261698186645033E-019   1.0934279318743946E-019   7.8620186442565344E-018   7.6618499189507944E-002  -3.9637753799712233E-017  -9.1075894683780489E-018   1.6711583629783616E-017
  -1.9974730962150951E-017  -5.0735014786006569E-017  0.10469265452550154       -4.0478453356619794E-016  -2.8009638203597186E-018   7.0479402413283256E-019   1.2474373750737474E-019  -2.9418588941807188E-018  -1.6913433353653477E-019  -2.4392695718433661E-018  -1.7674471821724188E-017  -3.9637753799712233E-017   7.6618499189507971E-002  -3.8231427328114754E-016   1.3597350764940765E-016
   8.8182307124527602E-017  -7.5657090606324762E-018  -1.4213230648868322E-017  0.57792956646803484       -4.3334896425585510E-016  -4.7275263579830325E-017  -2.0669978167885906E-016  -2.4791067828362799E-015  -1.0867768225813180E-016  -2.5036770995521528E-015   2.9780342354894855E-016  -9.1075894683780489E-018  -3.8231427328114754E-016  0.54879905069195689        1.0849993029800047E-002
   3.2562207508736430E-016   4.3842073220981961E-017   5.6811224975076301E-016   7.2433699252053589E-003   8.2206966193468790E-016  -2.7265180088354613E-016  -7.8673061247312327E-016   7.6786011736806695E-017   7.1636711367280332E-016   4.2119202859320722E-016   4.4105126247947531E-017   1.6711583629783616E-017   1.3597350764940765E-016   1.0849993029800047E-002   2.0017580003666122     
