  0.37341872797253667       -6.7727342740875180E-017  -7.1071711160950782E-017   1.3360760580229252E-016  0.53554015907499042        6.4260154543447434E-017  -2.8166668939363009E-016  -3.8216568444092199E-016  -5.2952513032171323E-018  -3.0227605173956001E-017   2.3897870806194684E-017   4.1878580574783452E-019   1.7678827502573897E-018   4.8764654974394739E-018   1.5671939328540340E-016
  -6.7727342740875180E-017  0.37341872797253556        2.8497717649581486E-017   3.6530972231454439E-016  -2.0398247435778031E-016  0.53554015907498986       -5.1459369128066820E-017   2.2791919053236989E-016  -2.4985925127645274E-016  -1.6667138155702293E-017   1.8995089113004287E-017  -1.5761689699972276E-016  -7.1118929626207753E-018  -1.3336249062888470E-016  -3.5255184810141034E-016
  -7.1071711160950782E-017   2.8497717649581486E-017  0.37341872797253728       -1.1605731162350877E-016  -2.6454533008646333E-016   3.7470620004161464E-018  0.53554015907499186       -4.5607067944978925E-016   2.3705972995433299E-016   9.0977964454167777E-018   6.0341793159147231E-018   2.0376563137335229E-016   1.1337432925111351E-017   2.3670415753134620E-016   1.8305640398684158E-016
   1.3360760580229252E-016   3.6530972231454439E-016  -1.1605731162350877E-016  0.63138055256666858        5.0466833161421805E-016   4.6270871947012865E-016  -3.0555012469437121E-016  0.58515749649671700       -3.4405821748694849E-015  -4.4235005475570810E-017  -2.9644239639082257E-017  -3.5128811736131606E-015  -1.6299069218515181E-017  -3.1831340086299496E-015  -1.0281673673043497E-003
  0.53554015907499042       -2.0398247435778031E-016  -2.6454533008646333E-016   5.0466833161421805E-016  0.76804734336505798       -6.1082369269664861E-017  -6.3717206424257449E-016  -2.6098459661997371E-016  -7.5942086265087857E-018  -4.3351056791417727E-017   3.4273239595107504E-017   6.0060355902404986E-019   2.5354170489499499E-018   6.9936050674256720E-018  -1.5331315713765126E-015
   6.4260154543447434E-017  0.53554015907498986        3.7470620004161464E-018   4.6270871947012865E-016  -6.1082369269664861E-017  0.76804734336505864       -1.2704153073314682E-016   2.7051021413805615E-016  -3.5833677625507475E-016  -2.3903251633073245E-017   2.7241893036414918E-017  -2.2604698631597771E-016  -1.0199553485722215E-017  -1.9126241962690849E-016  -2.9700399818317900E-016
  -2.8166668939363009E-016  -5.1459369128066820E-017  0.53554015907499186       -3.0555012469437121E-016  -6.3717206424257449E-016  -1.2704153073314682E-016  0.76804734336506086       -7.8477741391602147E-016   3.3998028481140993E-016   1.3047645955156096E-017   8.6539455808162636E-018   2.9223140261922327E-016   1.6259630750664229E-017   3.3947033901141476E-016  -7.6735536373644871E-016
  -3.8216568444092199E-016   2.2791919053236989E-016  -4.5607067944978925E-016  0.58515749649671700       -2.6098459661997371E-016   2.7051021413805615E-016  -7.8477741391602147E-016  0.54232437982956805       -3.1814645160298376E-015  -4.1019973802821711E-017  -2.7258941542273459E-017  -3.2486576631348996E-015  -1.5122285698045507E-017  -2.9424893023779683E-015   2.5045116498743419E-003
  -5.2952513032171323E-018  -2.4985925127645274E-016   2.3705972995433299E-016  -3.4405821748694849E-015  -7.5942086265087857E-018  -3.5833677625507475E-016   3.3998028481140993E-016  -3.1814645160298376E-015   2.7829362886027288E-029   2.3007307293848598E-031   4.1281849798939582E-031   2.7913746183796587E-029   8.0807898372798584E-032   2.6801998268445133E-029   4.1935013436062482E-015
  -3.0227605173956001E-017  -1.6667138155702293E-017   9.0977964454167777E-018  -4.4235005475570810E-017  -4.3351056791417727E-017  -2.3903251633073245E-017   1.3047645955156096E-017  -4.1019973802821711E-017   2.3007307293848598E-031   6.6031957816105978E-033  -1.4006756871625788E-033   2.3048041632621218E-031   1.6569475572301711E-033   2.0453680109751088E-031  -1.3468838664910392E-017
   2.3897870806194684E-017   1.8995089113004287E-017   6.0341793159147231E-018  -2.9644239639082257E-017   3.4273239595107504E-017   2.7241893036414918E-017   8.6539455808162636E-018  -2.7258941542273459E-017   4.1281849798939582E-031  -1.4006756871625788E-033   1.1728857252052062E-032   4.1399497166539947E-031   1.0703006771673980E-034   4.2079438331992512E-031   1.2454340734817489E-016
   4.1878580574783452E-019  -1.5761689699972276E-016   2.0376563137335229E-016  -3.5128811736131606E-015   6.0060355902404986E-019  -2.2604698631597771E-016   2.9223140261922327E-016  -3.2486576631348996E-015   2.7913746183796587E-029   2.3048041632621218E-031   4.1399497166539947E-031   2.8038112840517816E-029   8.0449515802636811E-032   2.6874126231355184E-029   4.0852958276660969E-015
   1.7678827502573897E-018  -7.1118929626207753E-018   1.1337432925111351E-017  -1.6299069218515181E-017   2.5354170489499499E-018  -1.0199553485722215E-017   1.6259630750664229E-017  -1.5122285698045507E-017   8.0807898372798584E-032   1.6569475572301711E-033   1.0703006771673980E-034   8.0449515802636811E-032   9.5417725411272407E-034   7.0947653614822486E-032  -9.5038680716152884E-018
   4.8764654974394739E-018  -1.3336249062888470E-016   2.3670415753134620E-016  -3.1831340086299496E-015   6.9936050674256720E-018  -1.9126241962690849E-016   3.3947033901141476E-016  -2.9424893023779683E-015   2.6801998268445133E-029   2.0453680109751088E-031   4.2079438331992512E-031   2.6874126231355184E-029   7.0947653614822486E-032   2.5939738401301232E-029   4.4099922254025006E-015
   1.5671939328540340E-016  -3.5255184810141034E-016   1.8305640398684158E-016  -1.0281673673043497E-003  -1.5331315713765126E-015  -2.9700399818317900E-016  -7.6735536373644871E-016   2.5045116498743419E-003   4.1935013436062482E-015  -1.3468838664910392E-017   1.2454340734817489E-016   4.0852958276660969E-015  -9.5038680716152884E-018   4.4099922254025006E-015   2.0014629843778184     
