   3.3798750353361800E-031   1.3385697022897426E-031  -5.7249441211849235E-031  -1.5169486288969716E-016  -1.0213811852351128E-032  -1.0934607810698541E-031   4.4217966141787367E-031  -5.9220741249065292E-017   7.8761916789065765E-016   1.3414540926079947E-030   2.1908713931899402E-032  -1.0028188068350103E-032   1.2938798068039717E-030   7.9974428744980604E-033   1.1478291590806998E-030
   1.3385697022897426E-031   1.1074553602299169E-031  -3.5096341188006785E-031   1.0850488755562605E-016  -1.5995311216823660E-032  -2.9565604963988779E-032   1.3430963039415576E-031   4.3177451878646457E-017   4.1159039600526589E-016   2.1037270566339147E-031   1.9861369701532539E-032  -3.3166217536123260E-033   1.5597075613132733E-031   4.2896687772190200E-034   1.3291123704797017E-031
  -5.7249441211849235E-031  -3.5096341188006785E-031   1.2370387397318890E-030  -1.0581809600332587E-016   4.3015579088254059E-032   1.5564769897052906E-031  -6.6115781256934937E-031  -4.3070541165470957E-017  -1.5485504537129813E-015  -1.5816740841716317E-030  -6.1177325080580302E-032   1.5576714319495389E-032  -1.4245701556638591E-030  -7.6538143331545885E-033  -1.2520315827003957E-030
  -1.5169486288969716E-016   1.0850488755562605E-016  -1.0581809600332587E-016  0.56035223209736584       -3.0311108471366739E-017   8.9197819152812899E-017  -3.1763047882552294E-016  0.22114611453153593       -6.2483135514912899E-002  -1.5391081472513254E-015   2.2826622867427507E-017   6.4133289008226992E-018  -1.6215946274219857E-015  -1.1585516226887103E-017  -1.4544776602047527E-015
  -1.0213811852351128E-032  -1.5995311216823660E-032   4.3015579088254059E-032  -3.0311108471366739E-017   2.7822608884555312E-033   4.6031947176075243E-034  -4.9147303899030073E-033  -1.2002550976480678E-017  -4.4430473430026630E-017   2.5885447289214468E-032  -2.9772006664527740E-033   1.6747636327121992E-034   3.4683885700697407E-032   3.2513884900056811E-034   3.1897739553243254E-032
  -1.0934607810698541E-031  -2.9565604963988779E-032   1.5564769897052906E-031   8.9197819152812899E-017   4.6031947176075243E-034   3.8645764807589051E-032  -1.5276732370355557E-031   3.5016912867640824E-017  -2.3109287141177333E-016  -5.1036008602410285E-031  -4.4260748307867971E-033   3.4002042281917673E-033  -5.0343195451557454E-031  -3.2390481808641625E-033  -4.4790350400173950E-031
   4.4217966141787367E-031   1.3430963039415576E-031  -6.6115781256934937E-031  -3.1763047882552294E-016  -4.9147303899030073E-033  -1.5276732370355557E-031   6.0734153284695082E-031  -1.2457910284319717E-016   9.5996920602137612E-016   1.9818329816463269E-030   2.0756058309441576E-032  -1.3582592364055724E-032   1.9447309456444165E-030   1.2398595818817514E-032   1.7290688500857028E-030
  -5.9220741249065292E-017   4.3177451878646457E-017  -4.3070541165470957E-017  0.22114611453153593       -1.2002550976480678E-017   3.5016912867640824E-017  -1.2457910284319717E-016   8.7277947505534414E-002  -2.2981288359386183E-002  -6.0540403367186954E-016   9.0698086825254859E-018   2.5130018863646523E-018  -6.3810998091498481E-016  -4.5617043205035336E-018  -5.7237583322245598E-016
   7.8761916789065765E-016   4.1159039600526589E-016  -1.5485504537129813E-015  -6.2483135514912899E-002  -4.4430473430026630E-017  -2.3109287141177333E-016   9.5996920602137612E-016  -2.2981288359386183E-002   2.0074439894087379        2.5720683549331810E-015   7.0361720764945314E-017  -2.2238279939342920E-017   2.3998187355019094E-015   1.3909539082248391E-017   2.1195171703125000E-015
   1.3414540926079947E-030   2.1037270566339147E-031  -1.5816740841716317E-030  -1.5391081472513254E-015   2.5885447289214468E-032  -5.1036008602410285E-031   1.9818329816463269E-030  -6.0540403367186954E-016   2.5720683549331810E-015   7.1078240628312324E-030   2.4786482612439327E-032  -4.3441797192508914E-032   7.1166624167759690E-030   4.6962124824325434E-032   6.3436617045142164E-030
   2.1908713931899402E-032   1.9861369701532539E-032  -6.1177325080580302E-032   2.2826622867427507E-017  -2.9772006664527740E-033  -4.4260748307867971E-033   2.0756058309441576E-032   9.0698086825254859E-018   7.0361720764945314E-017   2.4786482612439327E-032   3.5869553813316652E-033  -5.2315299941770987E-034   1.4813474529524366E-032  -1.2100876304135494E-035   1.2084778964428838E-032
  -1.0028188068350103E-032  -3.3166217536123260E-033   1.5576714319495389E-032   6.4133289008226992E-018   1.6747636327121992E-034   3.4002042281917673E-033  -1.3582592364055724E-032   2.5130018863646523E-018  -2.2238279939342920E-017  -4.3441797192508914E-032  -5.2315299941770987E-034   3.0496945713969193E-034  -4.2433674528979318E-032  -2.6835193939261129E-034  -3.7705715127848515E-032
   1.2938798068039717E-030   1.5597075613132733E-031  -1.4245701556638591E-030  -1.6215946274219857E-015   3.4683885700697407E-032  -5.0343195451557454E-031   1.9447309456444165E-030  -6.3810998091498481E-016   2.3998187355019094E-015   7.1166624167759690E-030   1.4813474529524366E-032  -4.2433674528979318E-032   7.1541008303948561E-030   4.7523117716723930E-032   6.3802334496581292E-030
   7.9974428744980604E-033   4.2896687772190200E-034  -7.6538143331545885E-033  -1.1585516226887103E-017   3.2513884900056811E-034  -3.2390481808641625E-033   1.2398595818817514E-032  -4.5617043205035336E-018   1.3909539082248391E-017   4.6962124824325434E-032  -1.2100876304135494E-035  -2.6835193939261129E-034   4.7523117716723930E-032   3.1911926498112610E-034   4.2417484386900990E-032
   1.1478291590806998E-030   1.3291123704797017E-031  -1.2520315827003957E-030  -1.4544776602047527E-015   3.1897739553243254E-032  -4.4790350400173950E-031   1.7290688500857028E-030  -5.7237583322245598E-016   2.1195171703125000E-015   6.3436617045142164E-030   1.2084778964428838E-032  -3.7705715127848515E-032   6.3802334496581292E-030   4.2417484386900990E-032   5.6904329109939073E-030
