   3.2207635355012054E-008  -1.1196680163329323E-019  -2.3797406371391124E-019   5.1869186231427987E-016   5.6278753274450484E-016  -4.9124229946906043E-009   3.1427582897727049E-020   1.4502464641870406E-019  -1.8878641013313826E-016  -2.5380433944822772E-004   6.6076788442209043E-016   9.1760779930483579E-016  -2.3740833257049627E-020  -2.4066260979796479E-021   3.4492235466876787E-020  -3.9290816888588398E-020   6.6368416738623017E-020   3.6622581486208240E-020   2.6876227178115673E-015
  -1.1196680163329323E-019   3.2207635354777916E-008  -1.2576580170224853E-019  -6.8133769486497905E-017  -7.3009111526635180E-017   1.0391776740714975E-019  -4.9124229943599017E-009   1.2242006019333494E-019   4.9226448531073990E-017   2.2156489000738248E-016  -2.5380433944730457E-004   1.9202352719540749E-016   1.3659929331491300E-019   1.1929214332677936E-019  -1.5110239981047020E-020   1.3669920500718600E-019  -3.1907676000378787E-021   1.0668179280673106E-019   2.2637450309998196E-016
  -2.3797406371391124E-019  -1.2576580170224853E-019   3.2207635354914798E-008   9.0324599904900110E-017   1.2220848345867995E-016   2.6612815092468136E-019   1.7622701268085466E-021  -4.9124229943413530E-009   2.6731961513547546E-015   9.5775281511407355E-016   7.9901929657513547E-016  -2.5380433944784407E-004  -1.4750314731029755E-019   5.5700080391491480E-020  -5.4809477834407536E-021  -6.8338144631930742E-020  -2.6584284733140169E-020  -7.1356241273732518E-020  -7.9017574404430254E-016
   5.1869186231427987E-016  -6.8133769486497905E-017   9.0324599904900110E-017  0.51830591396542014       0.56391146803124981       -3.3300153220372998E-016   2.7476057946538271E-017  -2.0035149270908452E-016  -1.6409975680312848E-002  -2.4159922585195520E-016   4.0790649157102962E-015  -1.6424991943067596E-015  -1.6278750275926462E-015   6.9763945650596173E-017  -1.2908021227782323E-017  -1.8379389848253898E-015  -2.2718596273085906E-017  -1.6542161336218411E-015  -3.5850369416094292E-006
   5.6278753274450484E-016  -7.3009111526635180E-017   1.2220848345867995E-016  0.56391146803124981       0.61369244990258998       -3.6147790797101533E-016   2.8873722460764459E-017  -2.4194784781559274E-016   2.1004780672642458E-004  -2.1291394655106982E-017  -1.0472132908132575E-015  -6.7148207018269470E-016  -1.7611269442674861E-015   7.4707983194855153E-017  -1.4395056477144433E-017  -1.9896521433418064E-015  -2.5527962204242768E-017  -1.7883733569196978E-015   2.4672226730452484E-005
  -4.9124229946906043E-009   1.0391776740714975E-019   2.6612815092468136E-019  -3.3300153220372998E-016  -3.6147790797101533E-016   7.4926021152340433E-010  -1.8038621437484307E-020  -5.7174391672953064E-020   1.0540401751854946E-016   3.8711139750398078E-005  -7.8510542236686354E-016  -1.9510873516929669E-015   3.6210362525801137E-021   3.6706716563160109E-022  -5.2608783220985201E-021   5.9927750126145084E-021  -1.0122746763168162E-020  -5.5858062668984037E-021  -2.4010051791041278E-015
   3.1427582897727049E-020  -4.9124229943599017E-009   1.7622701268085466E-021   2.7476057946538271E-017   2.8873722460764459E-017  -1.8038621437484307E-020   7.4926021142797116E-010  -1.6014985829978472E-020  -1.0211728870936346E-016  -1.4687557222315887E-016   3.8711139747932663E-005   1.0798572677653169E-016  -2.0834609622883141E-020  -1.8194861605616141E-020   2.3046674962761580E-021  -2.0849848509384320E-020   4.8666721275470282E-022  -1.6271486133438151E-020  -1.9986407001361058E-016
   1.4502464641870406E-019   1.2242006019333494E-019  -4.9124229943413530E-009  -2.0035149270908452E-016  -2.4194784781559274E-016  -5.7174391672953064E-020  -1.6014985829978472E-020   7.4926021141912870E-010  -2.6598326074315781E-015  -1.0028840660915051E-015  -9.3540942765245906E-016   3.8711139747704263E-005   2.2497704180486718E-020  -8.4955741915306493E-021   8.3597363259312036E-022   1.0423176659160102E-020   4.0547295754969481E-021   1.0883507483617787E-020   8.1393149706363993E-016
  -1.8878641013313826E-016   4.9226448531073990E-017   2.6731961513547546E-015  -1.6409975680312848E-002   2.1004780672642458E-004   1.0540401751854946E-016  -1.0211728870936346E-016  -2.6598326074315781E-015   2.0071855969886441        4.4911604649790470E-017  -3.0122506854873218E-015  -5.2001079098158978E-016   1.1616698540738988E-015  -1.3409646887037726E-016  -3.8466435937040119E-017   1.1688277940908298E-015  -9.0543569180913592E-017   1.3178708471872950E-015   9.7064614187546811E-007
  -2.5380433944822772E-004   2.2156489000738248E-016   9.5775281511407355E-016  -2.4159922585195520E-016  -2.1291394655106982E-017   3.8711139750398078E-005  -1.4687557222315887E-016  -1.0028840660915051E-015   4.4911604649790470E-017   2.0000425989897108       -4.7008634506719240E-017  -5.0910534129893438E-016   1.8708379040338477E-016   1.8964824336903862E-017  -2.7180756805916208E-016   3.0962160731624915E-016  -5.2299996521352564E-016  -2.8859523528757669E-016  -5.1682321217660775E-016
   6.6076788442209043E-016  -2.5380433944730457E-004   7.9901929657513547E-016   4.0790649157102962E-015  -1.0472132908132575E-015  -7.8510542236686354E-016   3.8711139747932663E-005  -9.3540942765245906E-016  -3.0122506854873218E-015  -4.7008634506719240E-017   2.0000425989897010        1.8602198774420032E-016  -1.0764370940861783E-015  -9.4005236040536281E-016   1.1907252535079214E-016  -1.0772244235734375E-015   2.5144058362249310E-017  -8.4067959836339146E-016   2.9560074053444865E-016
   9.1760779930483579E-016   1.9202352719540749E-016  -2.5380433944784407E-004  -1.6424991943067596E-015  -6.7148207018269470E-016  -1.9510873516929669E-015   1.0798572677653169E-016   3.8711139747704263E-005  -5.2001079098158978E-016  -5.0910534129893438E-016   1.8602198774420032E-016   2.0000425989897037        1.1623622304869650E-015  -4.3893076766596423E-016   4.3191259351070133E-017   5.3852192085610585E-016   2.0949090958914663E-016   5.6230528825205958E-016   5.7015664459465210E-016
  -2.3740833257049627E-020   1.3659929331491300E-019  -1.4750314731029755E-019  -1.6278750275926462E-015  -1.7611269442674861E-015   3.6210362525801137E-021  -2.0834609622883141E-020   2.2497704180486718E-020   1.1616698540738988E-015   1.8708379040338477E-016  -1.0764370940861783E-015   1.1623622304869650E-015   7.2030298187412546E-030   1.2188186584645379E-031  -1.6083721063913240E-032   7.1180610776654011E-030  -1.6968188230529257E-031   6.5425366685667309E-030  -6.3833240122615631E-016
  -2.4066260979796479E-021   1.1929214332677936E-019   5.5700080391491480E-020   6.9763945650596173E-017   7.4707983194855153E-017   3.6706716563160109E-022  -1.8194861605616141E-020  -8.4955741915306493E-021  -1.3409646887037726E-016   1.8964824336903862E-017  -9.4005236040536281E-016  -4.3893076766596423E-016   1.2188186584645379E-031   6.8415772322914148E-031  -4.4010456164379532E-032  -8.0243590599542556E-032  -2.5764998815935338E-031  -1.2023661177304129E-031  -5.0547377446015351E-016
   3.4492235466876787E-020  -1.5110239981047020E-020  -5.4809477834407536E-021  -1.2908021227782323E-017  -1.4395056477144433E-017  -5.2608783220985201E-021   2.3046674962761580E-021   8.3597363259312036E-022  -3.8466435937040119E-017  -2.7180756805916208E-016   1.1907252535079214E-016   4.3191259351070133E-017  -1.6083721063913240E-032  -4.4010456164379532E-032   5.0246200296920947E-032  -9.7726133524714984E-032   4.3512283638292383E-032   2.8528673671608808E-033  -9.1771560122737895E-017
  -3.9290816888588398E-020   1.3669920500718600E-019  -6.8338144631930742E-020  -1.8379389848253898E-015  -1.9896521433418064E-015   5.9927750126145084E-021  -2.0849848509384320E-020   1.0423176659160102E-020   1.1688277940908298E-015   3.0962160731624915E-016  -1.0772244235734375E-015   5.3852192085610585E-016   7.1180610776654011E-030  -8.0243590599542556E-032  -9.7726133524714984E-032   8.0835610159654630E-030   2.2567423739913029E-031   7.2243963758125958E-030   5.9717719087259897E-016
   6.6368416738623017E-020  -3.1907676000378787E-021  -2.6584284733140169E-020  -2.2718596273085906E-017  -2.5527962204242768E-017  -1.0122746763168162E-020   4.8666721275470282E-022   4.0547295754969481E-021  -9.0543569180913592E-017  -5.2299996521352564E-016   2.5144058362249310E-017   2.0949090958914663E-016  -1.6968188230529257E-031  -2.5764998815935338E-031   4.3512283638292383E-032   2.2567423739913029E-031   4.7054177756574812E-031   2.6789884575143745E-031   7.8278375613944300E-016
   3.6622581486208240E-020   1.0668179280673106E-019  -7.1356241273732518E-020  -1.6542161336218411E-015  -1.7883733569196978E-015  -5.5858062668984037E-021  -1.6271486133438151E-020   1.0883507483617787E-020   1.3178708471872950E-015  -2.8859523528757669E-016  -8.4067959836339146E-016   5.6230528825205958E-016   6.5425366685667309E-030  -1.2023661177304129E-031   2.8528673671608808E-033   7.2243963758125958E-030   2.6789884575143745E-031   6.6851877685093623E-030   3.2998917047528733E-016
   2.6876227178115673E-015   2.2637450309998196E-016  -7.9017574404430254E-016  -3.5850369416094292E-006   2.4672226730452484E-005  -2.4010051791041278E-015  -1.9986407001361058E-016   8.1393149706363993E-016   9.7064614187546811E-007  -5.1682321217660775E-016   2.9560074053444865E-016   5.7015664459465210E-016  -6.3833240122615631E-016  -5.0547377446015351E-016  -9.1771560122737895E-017   5.9717719087259897E-016   7.8278375613944300E-016   3.2998917047528733E-016   2.0000012589839753     
