  0.29232378383371665        1.0318820061247896E-017  -9.8762850509768634E-018   2.9410592627956700E-016  -6.9203472164814553E-017  -2.3750577215657355E-018   8.9265079530930504E-018   4.1581609661218238E-017  -1.4648779725627258E-017   2.7621862503599585E-017   2.8455086268802934E-016  0.32712069436949187        9.6454288681807257E-018   1.4207554939537189E-018  -6.1086616785844736E-016
   1.0318820061247896E-017  0.29232378383371582       -1.0814069637595654E-017   4.8813003909134676E-018   9.2443426413909692E-018   6.2766566269469662E-018   2.9190847095886589E-017  -8.6816654923738934E-018  -9.8431475176315069E-019  -5.6267714901605472E-019  -6.0124793792933516E-019  -5.1179848255472893E-018  0.32712069436949143        3.7906418455524449E-017   2.5668264145446439E-017
  -9.8762850509768634E-018  -1.0814069637595654E-017  0.29232378383371688        2.8778707461633831E-017   1.0512617855318466E-018   3.3122220510210197E-017   8.1100730183336349E-019   4.6321671363770066E-018   8.8018664298513124E-018  -5.6834289218997627E-018   6.0868923329013001E-017  -1.0102912686481837E-017  -3.9005867221060561E-018  0.32712069436949243       -1.5424896798378552E-016
   2.9410592627956700E-016   4.8813003909134676E-018   2.8778707461633831E-017  0.60839249709737919        4.8798579544136680E-015   1.6381479571941765E-016  -2.3555249828806923E-018   3.2005935121622306E-015   8.5496388657457698E-017   3.5153736184079054E-015  0.58396550933315272       -3.3091817228151456E-016   8.9421429721392911E-018  -1.0850563928706157E-016   8.3169643615872771E-003
  -6.9203472164814553E-017   9.2443426413909692E-018   1.0512617855318466E-018   4.8798579544136680E-015   3.9906195637355293E-029   1.7219059876111518E-030  -7.0107602076000902E-031   2.5908330936680766E-029   9.2701240726926023E-031   2.8773087377486639E-029   4.6853085162512137E-015  -7.7441142730324062E-017   1.0344747677327175E-017   1.1763992677468487E-018   1.2906436897948949E-015
  -2.3750577215657355E-018   6.2766566269469662E-018   3.3122220510210197E-017   1.6381479571941765E-016   1.7219059876111518E-030   2.6937175887475772E-031  -3.7028713216068141E-031   9.9597602242390744E-031   1.5341447697614965E-031   1.2627794218945855E-030   1.5798643302473066E-016  -2.6577739274477729E-018   7.0238016462379603E-018   3.7064940903072985E-017   6.6776757414884782E-016
   8.9265079530930504E-018   2.9190847095886589E-017   8.1100730183336349E-019  -2.3555249828806923E-018  -7.0107602076000902E-031  -3.7028713216068141E-031   6.2265911526556800E-031  -2.3645568862228695E-031  -2.1715139778340241E-031  -5.4333120982975740E-031  -3.5136070648065211E-018   9.9890793749830296E-018   3.2665594451499849E-017   9.0754596918243929E-019  -1.1133708631737087E-015
   4.1581609661218238E-017  -8.6816654923738934E-018   4.6321671363770066E-018   3.2005935121622306E-015   2.5908330936680766E-029   9.9597602242390744E-031  -2.3645568862228695E-031   1.6925076584758497E-029   5.2624143608757849E-031   1.8689554592427339E-029   3.0725434668426601E-015   4.6531297751384205E-017  -9.7150919672155733E-018   5.1835595113564767E-018   4.4720424802425741E-016
  -1.4648779725627258E-017  -9.8431475176315069E-019   8.8018664298513124E-018   8.5496388657457698E-017   9.2701240726926023E-031   1.5341447697614965E-031  -2.1715139778340241E-031   5.2624143608757849E-031   8.8543052719209716E-032   6.7769011092223418E-031   8.2501099225366875E-017  -1.6392504683227134E-017  -1.1014831597077771E-018   9.8496010845231379E-018   3.8991729229776099E-016
   2.7621862503599585E-017  -5.6267714901605472E-019  -5.6834289218997627E-018   3.5153736184079054E-015   2.8773087377486639E-029   1.2627794218945855E-030  -5.4333120982975740E-031   1.8689554592427339E-029   6.7769011092223418E-031   2.0769324738939611E-029   3.3753039476736136E-015   3.0909844978932634E-017  -6.2965571011037525E-019  -6.3599587790957422E-018   1.0014954141116066E-015
   2.8455086268802934E-016  -6.0124793792933516E-019   6.0868923329013001E-017  0.58396550933315272        4.6853085162512137E-015   1.5798643302473066E-016  -3.5136070648065211E-018   3.0725434668426601E-015   8.2501099225366875E-017   3.3753039476736136E-015  0.56052179938202074       -3.1363093614692848E-016   2.6806625405216806E-018  -6.6865223153033318E-017   1.0234402632934795E-002
  0.32712069436949187       -5.1179848255472893E-018  -1.0102912686481837E-017  -3.3091817228151456E-016  -7.7441142730324062E-017  -2.6577739274477729E-018   9.9890793749830296E-018   4.6531297751384205E-017  -1.6392504683227134E-017   3.0909844978932634E-017  -3.1363093614692848E-016  0.36605967287850971       -7.8552776737179653E-018   2.6464452558552206E-018   6.2219747856479882E-016
   9.6454288681807257E-018  0.32712069436949143       -3.9005867221060561E-018   8.9421429721392911E-018   1.0344747677327175E-017   7.0238016462379603E-018   3.2665594451499849E-017  -9.7150919672155733E-018  -1.1014831597077771E-018  -6.2965571011037525E-019   2.6806625405216806E-018  -7.8552776737179653E-018  0.36605967287850977        5.1596164949048445E-017   4.0680723120987233E-017
   1.4207554939537189E-018   3.7906418455524449E-017  0.32712069436949243       -1.0850563928706157E-016   1.1763992677468487E-018   3.7064940903072985E-017   9.0754596918243929E-019   5.1835595113564767E-018   9.8496010845231379E-018  -6.3599587790957422E-018  -6.6865223153033318E-017   2.6464452558552206E-018   5.1596164949048445E-017  0.36605967287851071       -1.0271074177005362E-016
  -6.1086616785844736E-016   2.5668264145446439E-017  -1.5424896798378552E-016   8.3169643615872771E-003   1.2906436897948949E-015   6.6776757414884782E-016  -1.1133708631737087E-015   4.4720424802425741E-016   3.8991729229776099E-016   1.0014954141116066E-015   1.0234402632934795E-002   6.2219747856479882E-016   4.0680723120987233E-017  -1.0271074177005362E-016   2.0010863614714554     
