   5.3606220151359614E-006  -5.0866507263436273E-019   9.0013876976091588E-019   1.5748340370871642E-016   7.7543490165863724E-017   2.7014298977621552E-006   2.7793913875555916E-018  -1.9782556071243738E-018   3.1237441655334811E-016  -3.2744081210266339E-003  -8.4831225817222995E-016   1.0926928042790019E-015  -5.9894314602753092E-016   7.7869782569528556E-019  -2.5867946738301015E-019   3.3822683603913218E-019  -9.4245344039730227E-019   1.6683545385614179E-018   1.5238291327395772E-021
  -5.0866507263436273E-019   5.3606220151248856E-006   3.5951760980031185E-018  -2.1224605433596097E-016  -9.8163082962740372E-017  -2.0567730626677195E-018   2.7014298977613441E-006  -1.8397452346033054E-018   1.0034446461664223E-016   1.1590649970125295E-015  -3.2744081210232504E-003  -6.8349830452243985E-016  -2.6047398559621303E-016   1.3869529593931881E-018  -1.6486784565744690E-019  -1.8511971094449221E-019  -2.1180291914147173E-018   2.1231466025056370E-019   2.3997472241981106E-019
   9.0013876976091588E-019   3.5951760980031185E-018   5.3606220151271904E-006   3.1232646837560167E-016   1.4045813537662989E-016   2.3938798988282963E-018  -3.7908233444629795E-021   2.7014298977616686E-006  -2.3943156413433736E-016  -1.6402481738971410E-015  -1.5132993822426437E-015  -3.2744081210239516E-003   4.4092614672382807E-016   3.7083206539267872E-019  -1.1523920359358441E-019   1.1419428670276760E-019   8.6451673449704300E-019  -3.4540998698822456E-020  -1.1690359525208665E-019
   1.5748340370871642E-016  -2.1224605433596097E-016   3.1232646837560167E-016  0.50027405308018325       0.23744806739555960       -2.1542138089581804E-017   4.2378432702585246E-017  -1.7879900440240204E-016  -6.9510469092138094E-002   8.5000001073415134E-016   9.2326582594695285E-016  -2.7549279477650659E-015  -5.5743685023389713E-003  -9.5165392221585711E-016  -8.7746769081935685E-018  -2.3279337633332560E-018  -1.4944807935250467E-015   3.3444743672116624E-018  -1.0837283096464417E-015
   7.7543490165863724E-017  -9.8163082962740372E-017   1.4045813537662989E-016  0.23744806739555960       0.11271318184246783       -9.8298331247225568E-018   2.0667351810317986E-017  -8.7630570410488877E-017  -2.8141415532805879E-002  -7.6895295883845848E-016  -1.0153662778373308E-015   3.1262148665389034E-015  -2.8728834750035388E-003  -4.5401560624867267E-016  -4.3701994283903689E-018  -1.3976283228216642E-018  -7.1458205926542711E-016   1.8804175329052434E-018  -5.1670990936809449E-016
   2.7014298977621552E-006  -2.0567730626677195E-018   2.3938798988282963E-018  -2.1542138089581804E-017  -9.8298331247225568E-018   1.3613575946816975E-006   4.9333413139504239E-019  -1.9145327922079189E-020  -1.5605986082543061E-016  -1.6501040309577207E-003   6.7225556900510875E-016  -6.3451297635823742E-016   1.6416971239026443E-015   3.9241669748661142E-019  -1.3035883618559914E-019   1.7044590805373398E-019  -4.7493964206660816E-019   8.4074997599329262E-019   7.6791789540113578E-022
   2.7793913875555916E-018   2.7014298977613441E-006  -3.7908233444629795E-021   4.2378432702585246E-017   2.0667351810317986E-017   4.9333413139504239E-019   1.3613575946836934E-006  -1.8420443911939223E-018  -2.6057834129842210E-016  -1.2702031955438749E-015  -1.6501040309589300E-003   7.6453898742491166E-016   2.3223135937492484E-016   6.9894056710629463E-019  -8.3083441843531976E-020  -9.3289159429337937E-020  -1.0673588560953119E-018   1.0699377223769242E-019   1.2093277384999656E-019
  -1.9782556071243738E-018  -1.8397452346033054E-018   2.7014298977616686E-006  -1.7879900440240204E-016  -8.7630570410488877E-017  -1.9145327922079189E-020  -1.8420443911939223E-018   1.3613575946834350E-006   4.3684686151431136E-016   6.5886448537752891E-016   1.4678183071362099E-015  -1.6501040309587721E-003   9.4949016293751068E-016   1.8687697540843829E-019  -5.8073602112169974E-020   5.7547027076663140E-020   4.3566424700529222E-019  -1.7406578252597643E-020  -5.8912355036108169E-020
   3.1237441655334811E-016   1.0034446461664223E-016  -2.3943156413433736E-016  -6.9510469092138094E-002  -2.8141415532805879E-002  -1.5605986082543061E-016  -2.6057834129842210E-016   4.3684686151431136E-016   2.0106613800213027       -4.3537127374993253E-016  -1.2513795808128789E-015   6.6349808399546648E-016   6.9827376333416900E-004  -8.4596221825262797E-016  -7.0186081576885091E-017  -1.1668136145501344E-016  -1.9025851260702355E-015   1.0442552644811227E-016  -8.4568251262448374E-016
  -3.2744081210266339E-003   1.1590649970125295E-015  -1.6402481738971410E-015   8.5000001073415134E-016  -7.6895295883845848E-016  -1.6501040309577207E-003  -1.2702031955438749E-015   6.5886448537752891E-016  -4.3537127374993253E-016   2.0000941145956239       -2.8577197574465585E-017  -1.3883750919763127E-015  -3.3825977353865720E-016  -4.7564899690434901E-016   1.5800818381706931E-016  -2.0659779696256292E-016   5.7567520899746960E-016  -1.0190745839553438E-015  -9.3079468648353528E-019
  -8.4831225817222995E-016  -3.2744081210232504E-003  -1.5132993822426437E-015   9.2326582594695285E-016  -1.0153662778373308E-015   6.7225556900510875E-016  -1.6501040309589300E-003   1.4678183071362099E-015  -1.2513795808128789E-015  -2.8577197574465585E-017   2.0000941145956235        4.7039635912588668E-016   1.5464718688957984E-015  -8.4718714001844484E-016   1.0070559184984414E-016   1.1307596080594807E-016   1.2937476220796549E-015  -1.2968734706103811E-016  -1.4658283641582518E-016
   1.0926928042790019E-015  -6.8349830452243985E-016  -3.2744081210239516E-003  -2.7549279477650659E-015   3.1262148665389034E-015  -6.3451297635823742E-016   7.6453898742491166E-016  -1.6501040309587721E-003   6.6349808399546648E-016  -1.3883750919763127E-015   4.7039635912588668E-016   2.0000941145956204        1.4716347512853635E-016  -2.2651392376292686E-016   7.0391119359261625E-017  -6.9752856795078717E-017  -5.2806943078923633E-016   2.1098545342560315E-017   7.1407773312146925E-017
  -5.9894314602753092E-016  -2.6047398559621303E-016   4.4092614672382807E-016  -5.5743685023389713E-003  -2.8728834750035388E-003   1.6416971239026443E-015   2.3223135937492484E-016   9.4949016293751068E-016   6.9827376333416900E-004  -3.3825977353865720E-016   1.5464718688957984E-015   1.4716347512853635E-016   2.0000559472771946       -3.8493298149929891E-016   2.8501572146247256E-016   7.9964514666508680E-017   1.1815164016796823E-015  -3.4149793362145921E-016  -7.0748876043609386E-016
   7.7869782569528556E-019   1.3869529593931881E-018   3.7083206539267872E-019  -9.5165392221585711E-016  -4.5401560624867267E-016   3.9241669748661142E-019   6.9894056710629463E-019   1.8687697540843829E-019  -8.4596221825262797E-016  -4.7564899690434901E-016  -8.4718714001844484E-016  -2.2651392376292686E-016  -3.8493298149929891E-016   2.8643402594841819E-030  -9.2959119457677047E-032   5.4951449046301655E-032   3.0190107229682271E-030   3.0479050777719532E-031   2.7451117782958876E-030
  -2.5867946738301015E-019  -1.6486784565744690E-019  -1.1523920359358441E-019  -8.7746769081935685E-018  -4.3701994283903689E-018  -1.3035883618559914E-019  -8.3083441843531976E-020  -5.8073602112169974E-020  -7.0186081576885091E-017   1.5800818381706931E-016   1.0070559184984414E-016   7.0391119359261625E-017   2.8501572146247256E-016  -9.2959119457677047E-032   6.3321066176590336E-032   2.5206203922390535E-033   3.5948327536096200E-031  -1.3873944050737708E-031  -5.2894444854182722E-032
   3.3822683603913218E-019  -1.8511971094449221E-019   1.1419428670276760E-019  -2.3279337633332560E-018  -1.3976283228216642E-018   1.7044590805373398E-019  -9.3289159429337937E-020   5.7547027076663140E-020  -1.1668136145501344E-016  -2.0659779696256292E-016   1.1307596080594807E-016  -6.9752856795078717E-017   7.9964514666508680E-017   5.4951449046301655E-032   2.5206203922390535E-033   4.0212927734680810E-032   2.0899429278343675E-031   7.7400727966052281E-032   2.3855601914051406E-032
  -9.4245344039730227E-019  -2.1180291914147173E-018   8.6451673449704300E-019  -1.4944807935250467E-015  -7.1458205926542711E-016  -4.7493964206660816E-019  -1.0673588560953119E-018   4.3566424700529222E-019  -1.9025851260702355E-015   5.7567520899746960E-016   1.2937476220796549E-015  -5.2806943078923633E-016   1.1815164016796823E-015   3.0190107229682271E-030   3.5948327536096200E-031   2.0899429278343675E-031   8.5102589005209886E-030  -7.0224131322818689E-031   3.7550642789939241E-030
   1.6683545385614179E-018   2.1231466025056370E-019  -3.4540998698822456E-020   3.3444743672116624E-018   1.8804175329052434E-018   8.4074997599329262E-019   1.0699377223769242E-019  -1.7406578252597643E-020   1.0442552644811227E-016  -1.0190745839553438E-015  -1.2968734706103811E-016   2.1098545342560315E-017  -3.4149793362145921E-016   3.0479050777719532E-031  -1.3873944050737708E-031   7.7400727966052281E-032  -7.0224131322818689E-031   5.9168073109685077E-031   7.4121072361401432E-032
   1.5238291327395772E-021   2.3997472241981106E-019  -1.1690359525208665E-019  -1.0837283096464417E-015  -5.1670990936809449E-016   7.6791789540113578E-022   1.2093277384999656E-019  -5.8912355036108169E-020  -8.4568251262448374E-016  -9.3079468648353528E-019  -1.4658283641582518E-016   7.1407773312146925E-017  -7.0748876043609386E-016   2.7451117782958876E-030  -5.2894444854182722E-032   2.3855601914051406E-032   3.7550642789939241E-030   7.4121072361401432E-032   3.1158735633681062E-030
