  0.17469678214172207       -1.7980045592123754E-018   1.0230266516503585E-019  -2.0432853006066832E-017   8.9842641995772382E-002  -1.7937430504968868E-017   3.5444347346577614E-018  -6.0532156876389986E-017  -4.6835090506724464E-002  -7.9049157896605467E-016   1.5619159168938237E-016  -1.3894190207109677E-017   6.5438495550819927E-016
  -1.7980045592123754E-018  0.17469678214172391        2.0979468581525510E-017   6.8956456352884364E-018  -5.8388961661712727E-018   8.9842641995773409E-002  -2.0986509060377434E-017   1.7089862716760821E-017   2.4182870935775068E-016  -4.6835090506728072E-002  -7.1655945077711580E-016  -1.1393383643554030E-015   2.4269395083993135E-016
   1.0230266516503585E-019   2.0979468581525510E-017  0.17469678214172529       -5.0621646875134867E-016  -2.9255540822133112E-017  -9.7199184124283348E-018   8.9842641995773534E-002  -9.1138920747854471E-016  -1.1692933509495877E-015  -1.1536737942927921E-015  -4.6835090506725456E-002  -6.4916786403896561E-016  -9.7014813343950162E-017
  -2.0432853006066832E-017   6.8956456352884364E-018  -5.0621646875134867E-016  0.31106588103338634       -1.0184701718434557E-016  -5.0023627829050203E-016  -1.8964989819741556E-016  0.53911184147726665        2.2800409061814136E-016  -1.2820105902668071E-015   9.8940019365706827E-016 -0.22855021164997566        4.9115529783136450E-002
   8.9842641995772382E-002  -5.8388961661712727E-018  -2.9255540822133112E-017  -1.0184701718434557E-016   4.7209803933917008E-002   4.7685411350034618E-018   1.7941236466364903E-017  -1.8748835240778195E-016   2.0491172949657528E-002   9.3667575872794310E-016   5.4639370142983447E-016   9.9105653630541118E-016  -1.1322187909352509E-015
  -1.7937430504968868E-017   8.9842641995773409E-002  -9.7199184124283348E-018  -5.0023627829050203E-016   4.7685411350034618E-018   4.7209803933917931E-002   9.1527468604547221E-018  -8.0914209162155200E-016  -4.9993733902216971E-016   2.0491172949664009E-002  -4.4696981008499580E-016  -3.1514467778827371E-016  -7.8300426729360275E-016
   3.5444347346577614E-018  -2.0986509060377434E-017   8.9842641995773534E-002  -1.8964989819741556E-016   1.7941236466364903E-017   9.1527468604547221E-018   4.7209803933917473E-002  -4.0517137236987131E-016   3.3015026634187005E-016   8.4119224921302828E-016   2.0491172949660158E-002   1.1911856896259265E-016  -2.0263759358628554E-016
  -6.0532156876389986E-017   1.7089862716760821E-017  -9.1138920747854471E-016  0.53911184147726665       -1.8748835240778195E-016  -8.0914209162155200E-016  -4.0517137236987131E-016  0.93455107296817619       -1.3665751151591763E-016   6.9469607099052121E-017  -1.0973120040111760E-015 -0.37766131158699484        7.0648191840318689E-002
  -4.6835090506724464E-002   2.4182870935775068E-016  -1.1692933509495877E-015   2.2800409061814136E-016   2.0491172949657528E-002  -4.9993733902216971E-016   3.3015026634187005E-016  -1.3665751151591763E-016   1.9883497243205355       -7.0423060388551368E-016   6.3386006726004478E-016   6.0946319266247001E-016  -6.7897958558931123E-017
  -7.9049157896605467E-016  -4.6835090506728072E-002  -1.1536737942927921E-015  -1.2820105902668071E-015   9.3667575872794310E-016   2.0491172949664009E-002   8.4119224921302828E-016   6.9469607099052121E-017  -7.0423060388551368E-016   1.9883497243205341        7.8197102308672238E-017   1.0636304856944788E-015   8.9214304162103773E-017
   1.5619159168938237E-016  -7.1655945077711580E-016  -4.6835090506725456E-002   9.8940019365706827E-016   5.4639370142983447E-016  -4.4696981008499580E-016   2.0491172949660158E-002  -1.0973120040111760E-015   6.3386006726004478E-016   7.8197102308672238E-017   1.9883497243205315       -7.4592180561944876E-016   4.6420447244287840E-016
  -1.3894190207109677E-017  -1.1393383643554030E-015  -6.4916786403896561E-016 -0.22855021164997566        9.9105653630541118E-016  -3.1514467778827371E-016   1.1911856896259265E-016 -0.37766131158699484        6.0946319266247001E-016   1.0636304856944788E-015  -7.4592180561944876E-016   2.2863066604567583      -0.55442131864574551     
   6.5438495550819927E-016   2.4269395083993135E-016  -9.7014813343950162E-017   4.9115529783136450E-002  -1.1322187909352509E-015  -7.8300426729360275E-016  -2.0263759358628554E-016   7.0648191840318689E-002  -6.7897958558931123E-017   8.9214304162103773E-017   4.6420447244287840E-016 -0.55442131864574551        2.1346369643730125     
