  0.27769079616657433        2.9374576916820358E-016   1.3298379807503917E-016   5.7966029883986741E-016  0.49616999799960415        5.6641845021140153E-016   8.7969670105345469E-016   2.2590269748546459E-016 -0.20030021040045559       -1.0188031909677335E-015  -1.1783076035115363E-015  -1.4440122319019834E-015   7.1559665330557070E-016
   2.9374576916820358E-016  0.27769079616657294       -1.2744366767586519E-016   8.2445759614026593E-016  -7.8499313028088042E-016  0.49616999799960065       -1.0393143250858766E-016  -3.6785415844114197E-016   2.4856931373103178E-016 -0.20030021040044715       -4.1971138766403215E-016   7.6517996016716746E-017  -2.3123846684786542E-016
   1.3298379807503917E-016  -1.2744366767586519E-016  0.27769079616657738        6.8395681670927034E-016  -1.0281769527675097E-015  -3.8528922658806786E-016  0.49616999799960193       -1.3290547667295638E-015   6.5601649149943387E-016  -1.7616393651119286E-015 -0.20030021040045348        1.7717846135195492E-015   3.5779647650787443E-015
   5.7966029883986741E-016   8.2445759614026593E-016   6.8395681670927034E-016  0.21450906582201112        4.3097262880111143E-016   1.0867208955385398E-015   1.6068185298752190E-015  0.50611938171194992       -3.7881356332080844E-015  -2.2490108724330818E-015   2.4462532964995872E-015 -0.25965609509304977        6.1377527422241368E-002
  0.49616999799960415       -7.8499313028088042E-016  -1.0281769527675097E-015   4.3097262880111143E-016  0.88818098750613206       -1.2591747907950624E-015  -6.9287475521066056E-016  -5.4895571714431862E-016 -0.30119915553883048        1.1840761625801341E-015   8.8469499670454192E-016   7.2695277243721200E-016  -7.5852125868373876E-016
   5.6641845021140153E-016  0.49616999799960065       -3.8528922658806786E-016   1.0867208955385398E-015  -1.2591747907950624E-015  0.88818098750612307       -2.9899848403454987E-016  -1.4041003759546710E-015   7.2308446320717090E-016 -0.30119915553883519        2.8114280833901319E-016  -4.6771015551501690E-017  -1.4535688055830647E-016
   8.7969670105345469E-016  -1.0393143250858766E-016  0.49616999799960193        1.6068185298752190E-015  -6.9287475521066056E-016  -2.9899848403454987E-016  0.88818098750611374       -1.8043068159067571E-015  -1.4637221313524506E-015   1.6132692899952899E-015 -0.30119915553882859       -1.6751434102516969E-015  -2.4446874267940933E-015
   2.2590269748546459E-016  -3.6785415844114197E-016  -1.3290547667295638E-015  0.50611938171194992       -5.4895571714431862E-016  -1.4041003759546710E-015  -1.8043068159067571E-015   1.1965977879709873        4.8081880301052294E-015   2.7910840365364569E-015  -1.5475741346304381E-015 -0.54303430688076249       0.10977334454014953     
 -0.20030021040045559        2.4856931373103178E-016   6.5601649149943387E-016  -3.7881356332080844E-015 -0.30119915553883048        7.2308446320717090E-016  -1.4637221313524506E-015   4.8081880301052294E-015   2.1058904477924152       -4.3611213589713740E-016   5.9478314743018058E-016  -6.8863798495126166E-016   3.5313973444629913E-016
  -1.0188031909677335E-015 -0.20030021040044715       -1.7616393651119286E-015  -2.2490108724330818E-015   1.1840761625801341E-015 -0.30119915553883519        1.6132692899952899E-015   2.7910840365364569E-015  -4.3611213589713740E-016   2.1058904477924205       -2.1459660892678474E-016  -4.1661812495655905E-016   5.1672112048587899E-016
  -1.1783076035115363E-015  -4.1971138766403215E-016 -0.20030021040045348        2.4462532964995872E-015   8.8469499670454192E-016   2.8114280833901319E-016 -0.30119915553882859       -1.5475741346304381E-015   5.9478314743018058E-016  -2.1459660892678474E-016   2.1058904477924183       -1.8885132991976371E-016   7.7521223089752257E-016
  -1.4440122319019834E-015   7.6517996016716746E-017   1.7717846135195492E-015 -0.25965609509304977        7.2695277243721200E-016  -4.6771015551501690E-017  -1.6751434102516969E-015 -0.54303430688076249       -6.8863798495126166E-016  -4.1661812495655905E-016  -1.8885132991976371E-016   2.4156717626366713      -0.63015812055356835     
   7.1559665330557070E-016  -2.3123846684786542E-016   3.5779647650787443E-015   6.1377527422241368E-002  -7.5852125868373876E-016  -1.4535688055830647E-016  -2.4446874267940933E-015  0.10977334454014953        3.5313973444629913E-016   5.1672112048587899E-016   7.7521223089752257E-016 -0.63015812055356835        2.1648347359874505     
