  0.13264180398235298       0.44543721385011681        4.6927089983102064E-016  -9.2811740016022227E-017  -3.8422905773646297E-017 -0.24917780468367046        5.0776289424222597E-002  -1.6549773445481371E-016  -5.3230973081117987E-017   1.4833525383469365E-017  -1.8283216820167841E-002
  0.44543721385011681        1.4970249488451370       -9.0834325009984385E-016  -4.4220432723473914E-016   3.9485156203558172E-016 -0.78953199162196308       0.13412822898277241        2.7914546100129039E-016   1.4681177067466063E-016  -1.5268360122418822E-016  -4.4071820253746653E-002
   4.6927089983102064E-016  -9.0834325009984385E-016   2.2321800858968541       -9.1723503792273724E-017  -5.6893509001176845E-016   1.2861328246777179E-016   7.0316042294025567E-016 -0.71990816364365862        1.1635793240385994E-015   8.8884926979435064E-016   5.5882828452349904E-017
  -9.2811740016022227E-017  -4.4220432723473914E-016  -9.1723503792273724E-017   2.2321800858968568        2.1434270374223741E-015  -1.3946081973014807E-016   1.2028376537052316E-015   1.3124267297937031E-016 -0.71990816364365795       -5.1365263767626929E-016   1.9131990256621239E-016
  -3.8422905773646297E-017   3.9485156203558172E-016  -5.6893509001176845E-016   2.1434270374223741E-015   2.2321800858968563       -8.0481299018733860E-016   1.5130619172664858E-015   1.3516612959105223E-015  -9.6062345361289103E-016 -0.71990816364365928       -4.7264890090242838E-016
 -0.24917780468367046      -0.78953199162196308        1.2861328246777179E-016  -1.3946081973014807E-016  -8.0481299018733860E-016   2.7433833558433065      -0.97497257272822546        1.2719735535705993E-016   1.8685646770640382E-016   1.6610309919922992E-016  0.24739960388043281     
   5.0776289424222597E-002  0.13412822898277241        7.0316042294025567E-016   1.2028376537052316E-015   1.5130619172664858E-015 -0.97497257272822546        2.5553144526487013        8.6553072547152149E-017   1.9446292706523457E-016  -4.4065504084513144E-016 -0.74039302130549456     
  -1.6549773445481371E-016   2.7914546100129039E-016 -0.71990816364365862        1.3124267297937031E-016   1.3516612959105223E-015   1.2719735535705993E-016   8.6553072547152149E-017   2.2321800858968541       -5.9133064113717215E-017  -1.4034488903056502E-015  -1.6521041365978150E-016
  -5.3230973081117987E-017   1.4681177067466063E-016   1.1635793240385994E-015 -0.71990816364365795       -9.6062345361289103E-016   1.8685646770640382E-016   1.9446292706523457E-016  -5.9133064113717215E-017   2.2321800858968568       -1.1361147042403524E-015   1.0033736756950032E-016
   1.4833525383469365E-017  -1.5268360122418822E-016   8.8884926979435064E-016  -5.1365263767626929E-016 -0.71990816364365928        1.6610309919922992E-016  -4.4065504084513144E-016  -1.4034488903056502E-015  -1.1361147042403524E-015   2.2321800858968555       -4.4817507855763923E-017
  -1.8283216820167841E-002  -4.4071820253746653E-002   5.5882828452349904E-017   1.9131990256621239E-016  -4.7264890090242838E-016  0.24739960388043281      -0.74039302130549456       -1.6521041365978150E-016   1.0033736756950032E-016  -4.4817507855763923E-017   2.2152765159260830     
