  0.27962274835778439       -6.7185416572737788E-017   6.1881752371623697E-017  -9.1538317155872754E-017  0.57448514520907601       -3.7374424727662285E-016   8.4240675262780775E-017  -6.3085625213159909E-017  0.38613287727677809        9.7537409804404627E-017   1.0094311293216260E-016  -2.1882636216357422E-017   6.9598591276694516E-002
  -6.7185416572737788E-017  0.52191895873193050       -3.1017117834370592E-016  -2.1908845787116219E-016  -1.3601631191163792E-016  0.28636280272985204       -1.6497396015875991E-016   3.4965241302791093E-016   1.6484835394041206E-015 -0.17790180832854907        6.4707790280247712E-016   2.1445328918745738E-015  -1.3698456362012902E-015
   6.1881752371623697E-017  -3.1017117834370592E-016  0.52191895873193084       -2.3740662193110375E-016  -1.7741806272164959E-016   7.5410694784450142E-017  0.28636280272985121       -1.7919675507390288E-016  -5.7678562807144004E-016  -1.8337458626755708E-016 -0.17790180832854752       -4.0704909434134250E-016   1.7297940605340776E-016
  -9.1538317155872754E-017  -2.1908845787116219E-016  -2.3740662193110375E-016  0.52191895873193062       -2.3486222831699457E-016   3.2992088805510300E-017  -3.9010003124123290E-017  0.28636280272985143       -2.3887112813265828E-016   9.8791967267331229E-016   1.3628528246052382E-015 -0.17790180832854802        1.2711393370431597E-016
  0.57448514520907601       -1.3601631191163792E-016  -1.7741806272164959E-016  -2.3486222831699457E-016   1.1840686986609377       -7.2059489948565790E-016  -6.3896900790897970E-017  -1.2543290218991807E-016  0.71069909143851473        1.4598727275373657E-016  -6.4067091671932791E-016   1.8964547035826805E-016   8.8867097267985834E-002
  -3.7374424727662285E-016  0.28636280272985204        7.5410694784450142E-017   3.2992088805510300E-017  -7.2059489948565790E-016  0.16082262579335940        1.0746730518288954E-017   2.2926545492125591E-016  -1.6877763974062934E-015  -1.2885438897541290E-002  -2.5031094140785456E-016   4.4128362497051986E-016   9.1721310812037599E-016
   8.4240675262780775E-017  -1.6497396015875991E-016  0.28636280272985121       -3.9010003124123290E-017  -6.3896900790897970E-017   1.0746730518288954E-017  0.16082262579335832       -6.7746356865888984E-017   7.2388840462639430E-016  -3.9346120355972578E-016  -1.2885438897541068E-002   1.1085111710387556E-015  -3.6832676673823997E-016
  -6.3085625213159909E-017   3.4965241302791093E-016  -1.7919675507390288E-016  0.28636280272985143       -1.2543290218991807E-016   2.2926545492125591E-016  -6.7746356865888984E-017  0.16082262579335835       -4.8050832929354745E-016  -9.4153429559709326E-017  -1.0282996920326151E-015  -1.2885438897544177E-002  -4.1336326630078019E-016
  0.38613287727677809        1.6484835394041206E-015  -5.7678562807144004E-016  -2.3887112813265828E-016  0.71069909143851473       -1.6877763974062934E-015   7.2388840462639430E-016  -4.8050832929354745E-016   2.6118362020340387        5.3062376932337787E-016  -5.5697450144486505E-016   5.8706875224105258E-016  0.65731222876988360     
   9.7537409804404627E-017 -0.17790180832854907       -1.8337458626755708E-016   9.8791967267331229E-016   1.4598727275373657E-016  -1.2885438897541290E-002  -3.9346120355972578E-016  -9.4153429559709326E-017   5.3062376932337787E-016   1.9990747588928817       -1.1871933320586284E-015  -3.1494872441501167E-015  -3.9622778470853659E-016
   1.0094311293216260E-016   6.4707790280247712E-016 -0.17790180832854752        1.3628528246052382E-015  -6.4067091671932791E-016  -2.5031094140785456E-016  -1.2885438897541068E-002  -1.0282996920326151E-015  -5.5697450144486505E-016  -1.1871933320586284E-015   1.9990747588928748        7.2626298963478195E-017   1.9494671965841204E-017
  -2.1882636216357422E-017   2.1445328918745738E-015  -4.0704909434134250E-016 -0.17790180832854802        1.8964547035826805E-016   4.4128362497051986E-016   1.1085111710387556E-015  -1.2885438897544177E-002   5.8706875224105258E-016  -3.1494872441501167E-015   7.2626298963478195E-017   1.9990747588928826       -3.1503232056750913E-017
   6.9598591276694516E-002  -1.3698456362012902E-015   1.7297940605340776E-016   1.2711393370431597E-016   8.8867097267985834E-002   9.1721310812037599E-016  -3.6832676673823997E-016  -4.1336326630078019E-016  0.65731222876988360       -3.9622778470853659E-016   1.9494671965841204E-017  -3.1503232056750913E-017   2.1725176297314479     
