  0.31141048118338638        1.3572655164169019E-016  -9.0909204225209109E-017  -8.8885538585851102E-017  0.60028225184642892        4.7827197866470621E-016  -1.6121361425511252E-016   4.5115078193191952E-018 -0.42922500633329397        1.2159106304120549E-016   9.4466154099061878E-018   8.1988586554766449E-018  -7.7011334813850071E-002
   1.3572655164169019E-016  0.63436789232423818        1.2191231879194062E-016   6.4137350206800517E-017  -7.3073180738824051E-016  0.40902370745068944        1.7274614919430823E-016  -3.3220967585479359E-016   1.0215706642946349E-015  0.24476831769102744       -5.4607664420395031E-016  -7.3853070898202447E-016   8.3494434213466217E-016
  -9.0909204225209109E-017   1.2191231879194062E-016  0.63436789232423796       -3.3525031568592202E-016  -2.7247347638423024E-016   1.9889996841161298E-016  0.40902370745069055        2.5631914683189126E-016  -6.1946709312279022E-016  -8.9834682082715192E-017  0.24476831769102744        4.4436033097926247E-016   5.6220472889318494E-016
  -8.8885538585851102E-017   6.4137350206800517E-017  -3.3525031568592202E-016  0.63436789232423374       -4.3341881637435777E-016  -1.6861377102386021E-016  -2.4655382750863451E-016  0.40902370745068983       -6.5913566033320655E-016   3.4298506321822446E-016  -8.6734656198143224E-016  0.24476831769102764       -2.0734915319748768E-015
  0.60028225184642892       -7.3073180738824051E-016  -2.7247347638423024E-016  -4.3341881637435777E-016   1.1610423007671935        2.5629038640500643E-016  -3.1304026002004693E-016  -5.3512513342731455E-017 -0.74349117266427389       -1.3130732696781670E-016  -1.8731312736065705E-016  -2.0584725069414820E-017  -9.2518489540956608E-002
   4.7827197866470621E-016  0.40902370745068944        1.9889996841161298E-016  -1.6861377102386021E-016   2.5629038640500643E-016  0.26766467972194136        1.5032632086937961E-016  -3.9122539833262907E-016   8.4745702768171853E-018   7.0575537051014298E-002   6.2436732600677418E-016  -1.0022065597481237E-016  -7.8323792907763066E-016
  -1.6121361425511252E-016   1.7274614919430823E-016  0.40902370745069055       -2.4655382750863451E-016  -3.1304026002004693E-016   1.5032632086937961E-016  0.26766467972194313        1.4177736291652994E-016   1.4677766644277857E-015  -1.3789032872157961E-016   7.0575537051012133E-002  -5.2971746455389474E-016  -2.1095257677037617E-016
   4.5115078193191952E-018  -3.3220967585479359E-016   2.5631914683189126E-016  0.40902370745068983       -5.3512513342731455E-017  -3.9122539833262907E-016   1.4177736291652994E-016  0.26766467972194380        8.5565674786491717E-016   5.1181147039325432E-016   4.5440155363856794E-016   7.0575537051014714E-002   2.2034431733178448E-015
 -0.42922500633329397        1.0215706642946349E-015  -6.1946709312279022E-016  -6.5913566033320655E-016 -0.74349117266427389        8.4745702768171853E-018   1.4677766644277857E-015   8.5565674786491717E-016   2.6711378865343294       -4.7396155321297475E-017   3.2911115840733867E-016   4.5305118663337488E-016  0.67745521773235828     
   1.2159106304120549E-016  0.24476831769102744       -8.9834682082715192E-017   3.4298506321822446E-016  -1.3130732696781670E-016   7.0575537051014298E-002  -1.3789032872157961E-016   5.1181147039325432E-016  -4.7396155321297475E-017   2.0278156723771623        6.6739871730965949E-016   5.2591174552187910E-016  -1.7553237292840465E-016
   9.4466154099061878E-018  -5.4607664420395031E-016  0.24476831769102744       -8.6734656198143224E-016  -1.8731312736065705E-016   6.2436732600677418E-016   7.0575537051012133E-002   4.5440155363856794E-016   3.2911115840733867E-016   6.6739871730965949E-016   2.0278156723771597        1.2079774030018818E-015  -7.0282577537864051E-017
   8.1988586554766449E-018  -7.3853070898202447E-016   4.4436033097926247E-016  0.24476831769102764       -2.0584725069414820E-017  -1.0022065597481237E-016  -5.2971746455389474E-016   7.0575537051014714E-002   4.5305118663337488E-016   5.2591174552187910E-016   1.2079774030018818E-015   2.0278156723771610        7.7454029136763199E-016
  -7.7011334813850071E-002   8.3494434213466217E-016   5.6220472889318494E-016  -2.0734915319748768E-015  -9.2518489540956608E-002  -7.8323792907763066E-016  -2.1095257677037617E-016   2.2034431733178448E-015  0.67745521773235828       -1.7553237292840465E-016  -7.0282577537864051E-017   7.7454029136763199E-016   2.1801885290544316     
