  0.25056880967494943        8.6598204497356931E-017  -1.0100256834319122E-016  -2.0354824318582862E-016  0.54748371694231257        2.5726255676733434E-016  -2.9239931787339632E-016   9.3301964174262767E-017  0.34171767618709809        2.3645266789380537E-016   8.2964162475390250E-017   1.4012528419881922E-017   6.1952210525233038E-002
   8.6598204497356931E-017  0.38833908408860729       -2.8896578205933723E-016  -1.8048613250416036E-016  -1.6332902526166298E-016  0.17536951354902575       -1.6825921301345198E-016  -1.6815367993226817E-016   8.4628839606352402E-016 -0.11382776724384536        3.9271818802304646E-016   9.5997914388434610E-017   8.7670736725228149E-016
  -1.0100256834319122E-016  -2.8896578205933723E-016  0.38833908408860712        1.6870269762706631E-016  -2.8859640181907598E-016  -2.6798665923930804E-016  0.17536951354902525        1.4660682273278875E-017  -2.7191683159328526E-016  -3.3661039031304682E-016 -0.11382776724384852        1.0596353229858932E-015   1.9587362794056891E-016
  -2.0354824318582862E-016  -1.8048613250416036E-016   1.6870269762706631E-016  0.38833908408860618       -3.9969554814815719E-016  -1.9821466747208664E-016  -8.7535550113736549E-017  0.17536951354902378       -1.3745145190939200E-015  -3.1672001853848661E-016  -5.8918849481356563E-016 -0.11382776724384733       -1.0563443096139525E-015
  0.54748371694231257       -1.6332902526166298E-016  -2.8859640181907598E-016  -3.9969554814815719E-016   1.1999338312875718        4.4648991047469587E-016  -7.0956159614988640E-016   1.3383801371861269E-016  0.66452407878070929       -2.1363317625036833E-016  -1.6991748261775600E-016   6.6953898703175198E-017   8.3425389891572152E-002
   2.5726255676733434E-016  0.17536951354902575       -2.6798665923930804E-016  -1.9821466747208664E-016   4.4648991047469587E-016   8.2519601443312454E-002  -3.1570717668599235E-016  -1.0328294477693336E-016  -7.7176799405494827E-016   2.9013505926163023E-002  -2.1851936673628530E-015   1.2025270283306160E-016  -1.2696432344307651E-015
  -2.9239931787339632E-016  -1.6825921301345198E-016  0.17536951354902525       -8.7535550113736549E-017  -7.0956159614988640E-016  -3.1570717668599235E-016   8.2519601443312510E-002  -6.3611124370873759E-017   7.0666527516596900E-017  -1.8980663683165112E-015   2.9013505926167513E-002  -7.2556390510898171E-016   3.7264937071935636E-016
   9.3301964174262767E-017  -1.6815367993226817E-016   1.4660682273278875E-017  0.17536951354902378        1.3383801371861269E-016  -1.0328294477693336E-016  -6.3611124370873759E-017   8.2519601443311358E-002   1.5537926096638134E-015   3.0474297266431046E-016   1.1267881656302932E-015   2.9013505926168123E-002   1.0640085672633926E-015
  0.34171767618709809        8.4628839606352402E-016  -2.7191683159328526E-016  -1.3745145190939200E-015  0.66452407878070929       -7.7176799405494827E-016   7.0666527516596900E-017   1.5537926096638134E-015   2.5430219791539885        1.9900673081630064E-016  -1.9572293186462667E-016  -4.7759954702487380E-016  0.63433668023448508     
   2.3645266789380537E-016 -0.11382776724384536       -3.3661039031304682E-016  -3.1672001853848661E-016  -2.1363317625036833E-016   2.9013505926163023E-002  -1.8980663683165112E-015   3.0474297266431046E-016   1.9900673081630064E-016   1.9784484965030242        3.3084796341005630E-015  -3.5066153223677643E-015   4.5224269936418140E-016
   8.2964162475390250E-017   3.9271818802304646E-016 -0.11382776724384852       -5.8918849481356563E-016  -1.6991748261775600E-016  -2.1851936673628530E-015   2.9013505926167513E-002   1.1267881656302932E-015  -1.9572293186462667E-016   3.3084796341005630E-015   1.9784484965030156        6.5245762080872579E-016  -2.2757634465102688E-016
   1.4012528419881922E-017   9.5997914388434610E-017   1.0596353229858932E-015 -0.11382776724384733        6.6953898703175198E-017   1.2025270283306160E-016  -7.2556390510898171E-016   2.9013505926168123E-002  -4.7759954702487380E-016  -3.5066153223677643E-015   6.5245762080872579E-016   1.9784484965030145       -2.7330511221611311E-016
   6.1952210525233038E-002   8.7670736725228149E-016   1.9587362794056891E-016  -1.0563443096139525E-015   8.3425389891572152E-002  -1.2696432344307651E-015   3.7264937071935636E-016   1.0640085672633926E-015  0.63433668023448508        4.5224269936418140E-016  -2.2757634465102688E-016  -2.7330511221611311E-016   2.1639723806472624     
