 1.6271973675992781E-002 -3.3828607546366421E-004  5.9912877765416700E-003 -1.1847099085870631E-017  7.4874421088827428E-002 -1.5566012191945684E-003  2.7568518286568214E-002  2.0198698447851603E-017  7.0638636254014509E-002 -1.4685414019398957E-003  2.6008916088935068E-002  4.2073734742623749E-017  1.9068326538303994E-017 -1.3736157479236504E-017  6.6495233057988464E-018  2.5550059473095981E-019  1.2250426959466676E-017 -4.6916473812141593E-017  4.3562269111247137E-002 -9.0563746902292221E-004  1.6039485783442310E-002 -5.1407646293844407E-017 -5.5331959435252761E-017
-3.3828607546366421E-004  7.0327958446396585E-006 -1.2455583257794619E-004  2.4503997244871570E-019 -1.5566012191946276E-003  3.2360949445252726E-005 -5.7313550545320838E-004 -3.2541368751302639E-019 -1.4685414019401640E-003  3.0530230530737695E-005 -5.4071216718907275E-004 -8.4052222221458856E-019 -2.3859557425313239E-019  2.7947005333288418E-019 -3.0245770697459461E-020 -1.0138743674736845E-019 -2.5692530967191211E-019  9.1362013349233907E-019 -9.0563746902305015E-004  1.8827743412626825E-005 -3.3345277015419517E-004  8.9957597473325112E-017  1.2014483899702150E-016
 5.9912877765416700E-003 -1.2455583257794619E-004  2.2059726703157652E-003 -4.3414383763326906E-018  2.7568518286565882E-002 -5.7313550545313812E-004  1.0150638755725758E-002  5.8841989269182798E-018  2.6008916088934693E-002 -5.4071216718896628E-004  9.5763982997733917E-003  1.4929956665231807E-017  4.4275828727789728E-018 -4.9574140267577771E-018  6.7381720843856804E-019  1.6727468846918182E-018  4.5474586368967230E-018 -1.6259852508871394E-017  1.6039485783442314E-002 -3.3345277015414812E-004  5.9056864907623902E-003 -1.4795094639811522E-015 -1.9756368607199394E-015
-1.1847099085870631E-017  2.4503997244871570E-019 -4.3414383763326906E-018  7.9045853567273541E-011 -5.4509059669460360E-017  1.1152547691326685E-018 -2.0093796782025434E-017 -5.9515239102749073E-009 -5.1436327004453941E-017  1.0975529103018956E-018 -1.8940259537100197E-017 -2.1517964927051621E-009 -9.9389544132436323E-009  3.8399851639324830E-010 -6.8008877229666943E-009  6.0503122455171078E-009  1.4138700463088922E-010  3.8886421676144904E-009 -3.1717508079851992E-017  6.4436136832937870E-019 -1.1669306330614048E-017 -5.5977244927830855E-006 -7.4936108443173516E-006
 7.4874421088827428E-002 -1.5566012191946276E-003  2.7568518286565882E-002 -5.4509059669460360E-017  3.4452974451760865E-001 -7.1625985559029244E-003  1.2685473121364357E-001  9.2597336221161528E-017  3.2503905803552757E-001 -6.7573970745448695E-003  1.1967832385201352E-001  1.9347456296003068E-016  8.7164422525848790E-017 -6.3183727142036780E-017  3.0202365024380667E-017  1.5270583788696324E-018  5.6377748729126595E-017 -2.1565723733627332E-016  2.0044892807518241E-001 -4.1672314962926610E-003  7.3804643278741588E-002 -5.6165272069975105E-016 -6.8981919370718821E-016
-1.5566012191945684E-003  3.2360949445252726E-005 -5.7313550545313812E-004  1.1152547691326685E-018 -7.1625985559029244E-003  1.4890678929580959E-004 -2.6372454891303550E-003 -5.7273720024011642E-019 -6.7573970745458470E-003  1.4048285611904262E-004 -2.4880516217707974E-003 -3.5333034708697797E-018  4.4624041992201562E-019  1.2263048900859338E-018  9.1741634236747879E-019 -1.4065080375112579E-018 -1.2041909600204849E-018  3.5998212646853614E-018 -4.1672314962930921E-003  8.6634628134214643E-005 -1.5343610813847366E-003  1.2836000574036828E-015  1.7170507906825319E-015
 2.7568518286568214E-002 -5.7313550545320838E-004  1.0150638755725758E-002 -2.0093796782025434E-017  1.2685473121364357E-001 -2.6372454891303550E-003  4.6707499388237289E-002  3.5881344912648817E-017  1.1967832385202193E-001 -2.4880516217706118E-003  4.4065169541756752E-002  7.1882912462996743E-017  3.5078432219299328E-017 -2.3379361706755310E-017  1.3162792610740581E-017 -1.2547162016148267E-018  2.0715643646480941E-017 -8.0572094529970148E-017  7.3804643278747847E-002 -1.5343610813847081E-003  2.7174629576765325E-002  1.4742584331039798E-015  1.9964231074394124E-015
 2.0198698447851603E-017 -3.2541368751302639E-019  5.8841989269182798E-018 -5.9515239102749073E-009  9.2597336221161528E-017 -5.7273720024011642E-019  3.5881344912648817E-017  4.4810240203717318E-007  8.8183073337147376E-017 -3.9578551908863778E-018  3.2587023440082123E-017  1.6201315690115562E-007  7.4832419619846818E-007 -2.8912033315947351E-008  5.1205273986805336E-007 -4.5554037775274728E-007 -1.0645316619254901E-008 -2.9278381843728561E-007  5.4166896167038024E-017  5.5017177851356451E-021  1.9268180487336454E-017  4.2146412061420312E-004  5.6420927982381395E-004
 7.0638636254014509E-002 -1.4685414019401640E-003  2.6008916088934693E-002 -5.1436327004453941E-017  3.2503905803552757E-001 -6.7573970745458470E-003  1.1967832385202193E-001  8.8183073337147376E-017  3.0665099582780248E-001 -6.3751185923218217E-003  1.1290789916149353E-001  1.8282731923778489E-016  8.3609670990814032E-017 -5.9662480919289813E-017  2.9435517415606899E-017  6.0284997080694865E-019  5.3168776313505036E-017 -2.0399558912909605E-016  1.8910916053710583E-001 -3.9314834835740015E-003  6.9629377758251051E-002  2.4526859352127688E-016  3.8688650549950179E-016
-1.4685414019398957E-003  3.0530230530737695E-005 -5.4071216718896628E-004  1.0975529103018956E-018 -6.7573970745448695E-003  1.4048285611904262E-004 -2.4880516217706118E-003 -3.9578551908863778E-018 -6.3751185923218217E-003  1.3253548046193088E-004 -2.3472979281261939E-003 -4.5690350830726970E-018 -5.2862086403072468E-018  1.3774324179165638E-018 -3.0397290431271318E-018  2.1473063406399618E-018 -1.0548795735646884E-018  5.6291315025633661E-018 -3.9314834835738385E-003  8.1733546580794715E-005 -1.4475594299641274E-003 -2.0033736074941476E-015 -2.6831109120992801E-015
 2.6008916088935068E-002 -5.4071216718907275E-004  9.5763982997733917E-003 -1.8940259537100197E-017  1.1967832385201352E-001 -2.4880516217707974E-003  4.4065169541756752E-002  3.2587023440082123E-017  1.1290789916149353E-001 -2.3472979281261939E-003  4.1572321194158601E-002  6.7359197020217961E-017  3.0982372574151216E-017 -2.1975164411427760E-017  1.0973247859715145E-017  1.0170102473773746E-019  1.9573760036018709E-017 -7.5187809656871460E-017  6.9629377758252078E-002 -1.4475594299642087E-003  2.5637310393802966E-002  2.0157706212016818E-016  2.9140620240051584E-016
 4.2073734742623749E-017 -8.4052222221458856E-019  1.4929956665231807E-017 -2.1517964927051621E-009  1.9347456296003068E-016 -3.5333034708697797E-018  7.1882912462996743E-017  1.6201315690115562E-007  1.8282731923778489E-016 -4.5690350830726970E-018  6.7359197020217961E-017  5.8576483611219272E-008  2.7055950796170032E-007 -1.0453257489031349E-008  1.8513464893015122E-007 -1.6470238579427440E-007 -3.8488554041599389E-009 -1.0585712216437610E-007  1.1267042007826552E-016 -1.9332250540804441E-018  4.1240509903474936E-017  1.5238198320483882E-004  2.0399204771413061E-004
 1.9068326538303994E-017 -2.3859557425313239E-019  4.4275828727789728E-018 -9.9389544132436323E-009  8.7164422525848790E-017  4.4624041992201562E-019  3.5078432219299328E-017  7.4832419619846818E-007  8.3609670990814032E-017 -5.2862086403072468E-018  3.0982372574151216E-017  2.7055950796170032E-007  1.2496900263650643E-006 -4.8282655913602572E-008  8.5512028775332652E-007 -7.6074550251906896E-007 -1.7777516849198394E-008 -4.8894452383190846E-007  5.1202547495976226E-017  8.2528649309404566E-019  1.7723877925880574E-017  7.0383867136457323E-004  9.4222091622898029E-004
-1.3736157479236504E-017  2.7947005333288418E-019 -4.9574140267577771E-018  3.8399851639324830E-010 -6.3183727142036780E-017  1.2263048900859338E-018 -2.3379361706755310E-017 -2.8912033315947351E-008 -5.9662480919289813E-017  1.3774324179165638E-018 -2.1975164411427760E-017 -1.0453257489031349E-008 -4.8282655913602572E-008  1.8654344780617925E-009 -3.3038175665389862E-008  2.9391939249756753E-008  6.8684690676836287E-010  1.8890716663301561E-008 -3.6779499383462321E-017  6.9161486046166176E-019 -1.3498482617884303E-017 -2.7193303676295473E-005 -3.6403369902220565E-005
 6.6495233057988464E-018 -3.0245770697459461E-020  6.7381720843856804E-019 -6.8008877229666943E-009  3.0202365024380667E-017  9.1741634236747879E-019  1.3162792610740581E-017  5.1205273986805336E-007  2.9435517415606899E-017 -3.0397290431271318E-018  1.0973247859715145E-017  1.8513464893015122E-007  8.5512028775332652E-007 -3.3038175665389862E-008  5.8512966503720979E-007 -5.2055221638707408E-007 -1.2164548810430612E-008 -3.3456807135661331E-007  1.7907092169523978E-017  9.2082000159371397E-019  5.8209792232912973E-018  4.8161281157042162E-004  6.4472965616640108E-004
 2.5550059473095981E-019 -1.0138743674736845E-019  1.6727468846918182E-018  6.0503122455171078E-009  1.5270583788696324E-018 -1.4065080375112579E-018 -1.2547162016148267E-018 -4.5554037775274728E-007  6.0284997080694865E-019  2.1473063406399618E-018  1.0170102473773746E-019 -1.6470238579427440E-007 -7.6074550251906896E-007  2.9391939249756753E-008 -5.2055221638707408E-007  4.6310181516478621E-007  1.0822016423002097E-008  2.9764368734570744E-007  5.9022323384700731E-019 -1.1626577462330268E-018  9.0443181491513555E-019 -4.2845993201771839E-004 -5.7357449389709833E-004
 1.2250426959466676E-017 -2.5692530967191211E-019  4.5474586368967230E-018  1.4138700463088922E-010  5.6377748729126595E-017 -1.2041909600204849E-018  2.0715643646480941E-017 -1.0645316619254901E-008  5.3168776313505036E-017 -1.0548795735646884E-018  1.9573760036018709E-017 -3.8488554041599389E-009 -1.7777516849198394E-008  6.8684690676836287E-010 -1.2164548810430612E-008  1.0822016423002097E-008  2.5289479683437113E-010  6.9555004259959051E-009  3.2793854272707724E-017 -7.0865046851701967E-019  1.2090647313266541E-017 -1.0012485956774300E-005 -1.3403602381823498E-005
-4.6916473812141593E-017  9.1362013349233907E-019 -1.6259852508871394E-017  3.8886421676144904E-009 -2.1565723733627332E-016  3.5998212646853614E-018 -8.0572094529970148E-017 -2.9278381843728561E-007 -2.0399558912909605E-016  5.6291315025633661E-018 -7.5187809656871460E-017 -1.0585712216437610E-007 -4.8894452383190846E-007  1.8890716663301561E-008 -3.3456807135661331E-007  2.9764368734570744E-007  6.9555004259959051E-009  1.9130083648068946E-007 -1.2566200897104347E-016  1.8730752310358907E-018 -4.5826722972635709E-017 -2.7537873933892098E-004 -3.6864642232126095E-004
 4.3562269111247137E-002 -9.0563746902305015E-004  1.6039485783442314E-002 -3.1717508079851992E-017  2.0044892807518241E-001 -4.1672314962930921E-003  7.3804643278747847E-002  5.4166896167038024E-017  1.8910916053710583E-001 -3.9314834835738385E-003  6.9629377758252078E-002  1.1267042007826552E-016  5.1202547495976226E-017 -3.6779499383462321E-017  1.7907092169523978E-017  5.9022323384700731E-019  3.2793854272707724E-017 -1.2566200897104347E-016  1.1662207227636365E-001 -2.4245137024165126E-003  4.2939867653252375E-002 -5.0854468463111712E-017 -3.1972111139266172E-017
-9.0563746902292221E-004  1.8827743412626825E-005 -3.3345277015414812E-004  6.4436136832937870E-019 -4.1672314962926610E-003  8.6634628134214643E-005 -1.5343610813847081E-003  5.5017177851356451E-021 -3.9314834835740015E-003  8.1733546580794715E-005 -1.4475594299642087E-003 -1.9332250540804441E-018  8.2528649309404566E-019  6.9161486046166176E-019  9.2082000159371397E-019 -1.1626577462330268E-018 -7.0865046851701967E-019  1.8730752310358907E-018 -2.4245137024165126E-003  5.0404409546723534E-005 -8.9269805855063757E-004  1.0653909341876513E-015  1.4254762361536439E-015
 1.6039485783442310E-002 -3.3345277015419517E-004  5.9056864907623902E-003 -1.1669306330614048E-017  7.3804643278741588E-002 -1.5343610813847366E-003  2.7174629576765325E-002  1.9268180487336454E-017  6.9629377758251051E-002 -1.4475594299641274E-003  2.5637310393802966E-002  4.1240509903474936E-017  1.7723877925880574E-017 -1.3498482617884303E-017  5.8209792232912973E-018  9.0443181491513555E-019  1.2090647313266541E-017 -4.5826722972635709E-017  4.2939867653252375E-002 -8.9269805855063757E-004  1.5810319591212822E-002 -6.5443912654709567E-016 -8.6279611777382925E-016
-5.1407646293844407E-017  8.9957597473325112E-017 -1.4795094639811522E-015 -5.5977244927830855E-006 -5.6165272069975105E-016  1.2836000574036828E-015  1.4742584331039798E-015  4.2146412061420312E-004  2.4526859352127688E-016 -2.0033736074941476E-015  2.0157706212016818E-016  1.5238198320483882E-004  7.0383867136457323E-004 -2.7193303676295473E-005  4.8161281157042162E-004 -4.2845993201771839E-004 -1.0012485956774300E-005 -2.7537873933892098E-004 -5.0854468463111712E-017  1.0653909341876513E-015 -6.5443912654709567E-016  3.9640940141706216E-001  5.3066880892013146E-001
-5.5331959435252761E-017  1.2014483899702150E-016 -1.9756368607199394E-015 -7.4936108443173516E-006 -6.8981919370718821E-016  1.7170507906825319E-015  1.9964231074394124E-015  5.6420927982381395E-004  3.8688650549950179E-016 -2.6831109120992801E-015  2.9140620240051584E-016  2.0399204771413061E-004  9.4222091622898029E-004 -3.6403369902220565E-005  6.4472965616640108E-004 -5.7357449389709833E-004 -1.3403602381823498E-005 -3.6864642232126095E-004 -3.1972111139266172E-017  1.4254762361536439E-015 -8.6279611777382925E-016  5.3066880892013146E-001  7.1040036829103836E-001
