 2.4292304991667936E-002  1.0279123986714441E-009 -7.6919879288084165E-010 -5.5369191391169328E-010  5.6808226405416253E-002  1.0741083697772298E-009 -8.0376780632388349E-010 -2.0721863942415400E-010  5.0268587244136582E-002  9.2767173299717750E-010 -6.9418750358624050E-010 -7.7173178066280623E-010 -9.2548950297362726E-011 -3.6884530494616765E-010  2.7601120107466626E-010  6.8155605611596487E-011 -8.5934872704362466E-011  2.4393344201650927E-011  3.0865489713602302E-002  5.3917010039590574E-010 -4.0346723571357252E-010  2.3882072212454083E-010  1.3857343414896471E-010
 1.0279123986714441E-009  2.4292315773441715E-002 -8.1408055898809018E-009 -5.8599916360315704E-009  1.0741082132184355E-009  5.6808237671739203E-002 -8.5066660135895475E-009 -2.1930933388770406E-009  9.2767153697343196E-010  5.0268596974484846E-002 -7.3469242358315842E-009 -8.1676097157617218E-009 -3.2183781541527195E-010  7.8962085224260916E-011 -8.5934880747073450E-011  6.3671086178057184E-011 -6.2535970569532226E-010  2.5816665736728838E-010  5.3916998395258477E-010  3.0865495368957305E-002 -4.2700902572240671E-009  2.5275531856975548E-009  1.4665874460310365E-009
-7.6919879288084165E-010 -8.1408055898809018E-009  2.4292310986406013E-002  4.3851001601696675E-009 -8.0376769877101371E-010 -8.5066648478552261E-009  5.6808232669566014E-002  1.6411126564400849E-009 -6.9418742162056091E-010 -7.3469237605173435E-009  5.0268592654275870E-002  6.1119117182003082E-009  2.4083501099179443E-010 -8.5934876413650772E-011  2.8429809927462719E-011 -5.3977507363561826E-010  3.0088643011649195E-010  2.9894008823717848E-010 -4.0346718345501457E-010 -4.2700898287472883E-009  3.0865492858017547E-002 -1.8913947348514993E-009 -1.0974623422242355E-009
-5.5369191391169328E-010 -5.8599916360315704E-009  4.3851001601696675E-009  1.3528421992029702E-005 -1.3076842885375894E-009 -1.3839860700955895E-008  1.0356529207794432E-008 -2.4965340080526752E-003 -1.1475662459733293E-009 -1.2145253426672557E-008  9.0884349276045140E-009 -3.3059173467329265E-003  1.2351549953928434E-012 -2.6216441249791780E-013  1.9618130472853031E-013 -1.1462780283785109E-012  2.0762781658529320E-012 -8.8943744962689718E-014 -7.0409211742801871E-010 -7.4517503275069310E-009  5.5762317410068204E-009  8.4992488076736112E-004  3.4412214122666007E-004
 5.6808226405416253E-002  1.0741082132184355E-009 -8.0376769877101371E-010 -1.3076842885375894E-009  1.3284760702765464E-001 -5.9769117089912617E-010  4.4725907662324805E-010  1.9131045351070173E-009  1.1755448016253724E-001 -5.8217583217437481E-010  4.3564893055226991E-010  1.3710625662581816E-009 -2.1642825106075536E-010 -8.6255494418798067E-010  6.4545982542183410E-010  1.5938374233945404E-010 -2.0096102960808980E-010  5.7044507589247714E-011  7.2179800490969226E-002 -4.2862634258174115E-010  3.2074605521417273E-010 -4.8899782674949775E-010 -2.8556222530142589E-010
 1.0741083697772298E-009  5.6808237671739203E-002 -8.5066648478552261E-009 -1.3839860700955895E-008 -5.9769117089912617E-010  1.3284760075847360E-001  4.7335621551872875E-009  2.0247312594713055E-008 -5.8217596401336892E-010  1.1755447405609462E-001  4.6106863475898587E-009  1.4510617775382778E-008 -7.5262634196613661E-010  1.8465495826484510E-010 -2.0096104841618665E-010  1.4889633170165738E-010 -1.4624204772166968E-009  6.0372984219534174E-010 -4.2862641630747735E-010  7.2179795995107654E-002  3.3946123733842533E-009 -5.1752971023247336E-009 -3.0222390985177075E-009
-8.0376780632388349E-010 -8.5066660135895475E-009  5.6808232669566014E-002  1.0356529207794432E-008  4.4725907662324805E-010  4.7335621551872875E-009  1.3284760354194405E-001 -1.5151284432482217E-008  4.3564890106195572E-010  4.6106850430775666E-009  1.1755447676731447E-001 -1.0858443002082071E-008  5.6319911663035351E-010 -2.0096103828234527E-010  6.6483862497708092E-011 -1.2622787294689224E-009  7.0363087542015011E-010  6.9907967268883403E-010  3.2074604610683964E-010  3.3946119015391907E-009  7.2179797991239511E-002  3.8727279981652078E-009  2.2615725108646203E-009
-2.0721863942415400E-010 -2.1930933388770406E-009  1.6411126564400849E-009 -2.4965340080526752E-003  1.9131045351070173E-009  2.0247312594713055E-008 -1.5151284432482217E-008  4.6560541153241752E-001 -9.1515510332124975E-011 -9.6854421832067305E-010  7.2476618686404493E-010  6.1670667741602569E-001 -2.3259506554562957E-010  4.9368724083019666E-011 -3.6943311819579529E-011  2.1585763052675022E-010 -3.9098835567366781E-010  1.6748744342283440E-011 -1.5850745412207014E-010 -1.6775644027989413E-009  1.2553413145884848E-009 -2.0502758930340259E-001 -1.2033377360157532E-001
 5.0268587244136582E-002  9.2767153697343196E-010 -6.9418742162056091E-010 -1.1475662459733293E-009  1.1755448016253724E-001 -5.8217596401336892E-010  4.3564890106195572E-010 -9.1515510332124975E-011  1.0402186471757578E-001 -5.6231204857935103E-010  4.2078464356294029E-010 -1.1501684787919764E-009 -1.9151350132933815E-010 -7.6325950001865991E-010  5.7115589789748499E-010  1.4103583217073895E-010 -1.7782683175298265E-010  5.0477668156821309E-011  6.3870619236560428E-002 -4.0823753806448053E-010  3.0548888559590851E-010  3.3104405326303073E-010  1.8192128047454715E-010
 9.2767173299717750E-010  5.0268596974484846E-002 -7.3469237605173435E-009 -1.2145253426672557E-008 -5.8217583217437481E-010  1.1755447405609462E-001  4.6106850430775666E-009 -9.6854421832067305E-010 -5.6231204857935103E-010  1.0402185881948403E-001  4.4533695020306438E-009 -1.2172780565255316E-008 -6.6598562401157898E-010  1.6339787901473004E-010 -1.7782684839592973E-010  1.3175569719886940E-010 -1.2940697961772890E-009  5.3422977809086123E-010 -4.0823753199296811E-010  6.3870614954556773E-002  3.2331378116538288E-009  3.5035949555628229E-009  1.9253574503517665E-009
-6.9418750358624050E-010 -7.3469242358315842E-009  5.0268592654275870E-002  9.0884349276045140E-009  4.3564893055226991E-010  4.6106863475898587E-009  1.1755447676731447E-001  7.2476618686404493E-010  4.2078464356294029E-010  4.4533695020306438E-009  1.0402186143820082E-001  9.1090253384923325E-009  4.9836485147729310E-010 -1.7782683942868662E-010  5.8830383485722007E-011 -1.1169679443397715E-009  6.2263040500677802E-010  6.1860314582325839E-010  3.0548889513691301E-010  3.2331381030874852E-009  6.3870616855739248E-002 -2.6217784489511415E-009 -1.4407661311272934E-009
-7.7173178066280623E-010 -8.1676097157617218E-009  6.1119117182003082E-009 -3.3059173467329265E-003  1.3710625662581816E-009  1.4510617775382778E-008 -1.0858443002082071E-008  6.1670667741602569E-001 -1.1501684787919764E-009 -1.2172780565255316E-008  9.1090253384923325E-009  8.1684888849675819E-001 -3.0814706256339425E-010  6.5404769342342030E-011 -4.8943310536816390E-011  2.8597291622575625E-010 -5.1798995935473648E-010  2.2189090966440279E-011 -8.4186105712242114E-010 -8.9098288767135027E-009  6.6673296436645685E-009 -2.7298125601512951E-001 -1.6109563742509853E-001
-9.2548950297362726E-011 -3.2183781541527195E-010  2.4083501099179443E-010  1.2351549953928434E-012 -2.1642825106075536E-010 -7.5262634196613661E-010  5.6319911663035351E-010 -2.3259506554562957E-010 -1.9151350132933815E-010 -6.6598562401157898E-010  4.9836485147729310E-010 -3.0814706256339425E-010  7.1213492409057251E-018 -5.1774719106107945E-019  3.8743655353919750E-019 -6.5633502405984128E-018  1.1792554320562233E-017 -5.5800291901771762E-019 -1.1759148794673423E-010 -4.0892281218895655E-010  3.0600173519463307E-010  1.2367924416525340E-010  8.5774851356544927E-011
-3.6884530494616765E-010  7.8962085224260916E-011 -8.5934876413650772E-011 -2.6216441249791780E-013 -8.6255494418798067E-010  1.8465495826484510E-010 -2.0096103828234527E-010  4.9368724083019666E-011 -7.6325950001865991E-010  1.6339787901473004E-010 -1.7782683942868662E-010  6.5404769342342030E-011 -5.1774719106107945E-019  6.1663543110546487E-018 -4.5747056126843619E-018  1.1046766779898888E-018 -1.8341473120618038E-018 -5.8692871560526871E-019 -4.6865009636749100E-010  1.0032817217822154E-010 -1.0918771992729485E-010 -2.6250219153570504E-011 -1.8204751533351278E-011
 2.7601120107466626E-010 -8.5934880747073450E-011  2.8429809927462719E-011  1.9618130472853031E-013  6.4545982542183410E-010 -2.0096104841618665E-010  6.6483862497708092E-011 -3.6943311819579529E-011  5.7115589789748499E-010 -1.7782684839592973E-010  5.8830383485722007E-011 -4.8943310536816390E-011  3.8743655353919750E-019 -4.5747056126843619E-018  3.4762892290955874E-018 -9.9838103148930925E-020  1.6192638903104153E-018 -2.8759898595319627E-019  3.5069627902957415E-010 -1.0918772543328620E-010  3.6122530037800985E-011  1.9643441971668621E-011  1.3622912057045549E-011
 6.8155605611596487E-011  6.3671086178057184E-011 -5.3977507363561826E-010 -1.1462780283785109E-012  1.5938374233945404E-010  1.4889633170165738E-010 -1.2622787294689224E-009  2.1585763052675022E-010  1.4103583217073895E-010  1.3175569719886940E-010 -1.1169679443397715E-009  2.8597291622575625E-010 -6.5633502405984128E-018  1.1046766779898888E-018 -9.9838103148930925E-020  1.2452866356853075E-017 -8.7487604845201771E-018 -5.8895121169257804E-018  8.6597619584121233E-011  8.0899504001383522E-011 -6.8583113697300452E-010 -1.1477192883642263E-010 -7.9593582751280064E-011
-8.5934872704362466E-011 -6.2535970569532226E-010  3.0088643011649195E-010  2.0762781658529320E-012 -2.0096102960808980E-010 -1.4624204772166968E-009  7.0363087542015011E-010 -3.9098835567366781E-010 -1.7782683175298265E-010 -1.2940697961772890E-009  6.2263040500677802E-010 -5.1798995935473648E-010  1.1792554320562233E-017 -1.8341473120618038E-018  1.6192638903104153E-018 -8.7487604845201771E-018  2.0460744686180469E-017 -3.0438002848207227E-018 -1.0918771521432608E-010 -7.9457370012622075E-010  3.8230220805485515E-010  2.0789640526048350E-010  1.4417845827760620E-010
 2.4393344201650927E-011  2.5816665736728838E-010  2.9894008823717848E-010 -8.8943744962689718E-014  5.7044507589247714E-011  6.0372984219534174E-010  6.9907967268883403E-010  1.6748744342283440E-011  5.0477668156821309E-011  5.3422977809086123E-010  6.1860314582325839E-010  2.2189090966440279E-011 -5.5800291901771762E-019 -5.8692871560526871E-019 -2.8759898595319627E-019 -5.8895121169257804E-018 -3.0438002848207227E-018  6.4475149558648773E-018  3.0993867747508467E-011  3.2802321687063548E-010  3.7982943429690965E-010 -8.9015312688720609E-012 -6.1711969067304496E-012
 3.0865489713602302E-002  5.3916998395258477E-010 -4.0346718345501457E-010 -7.0409211742801871E-010  7.2179800490969226E-002 -4.2862641630747735E-010  3.2074604610683964E-010 -1.5850745412207014E-010  6.3870619236560428E-002 -4.0823753199296811E-010  3.0548889513691301E-010 -8.4186105712242114E-010 -1.1759148794673423E-010 -4.6865009636749100E-010  3.5069627902957415E-010  8.6597619584121233E-011 -1.0918771521432608E-010  3.0993867747508467E-011  3.9217293525141049E-002 -2.8932774502209488E-010  2.1650730891987973E-010  2.8669925839356925E-010  1.8447773893330428E-010
 5.3917010039590574E-010  3.0865495368957305E-002 -4.2700898287472883E-009 -7.4517503275069310E-009 -4.2862634258174115E-010  7.2179795995107654E-002  3.3946119015391907E-009 -1.6775644027989413E-009 -4.0823753806448053E-010  6.3870614954556773E-002  3.2331381030874852E-009 -8.9098288767135027E-009 -4.0892281218895655E-010  1.0032817217822154E-010 -1.0918772543328620E-010  8.0899504001383522E-011 -7.9457370012622075E-010  3.2802321687063548E-010 -2.8932774502209488E-010  3.9217290490382403E-002  2.2914023646890817E-009  3.0342754652632030E-009  1.9524141342577909E-009
-4.0346723571357252E-010 -4.2700902572240671E-009  3.0865492858017547E-002  5.5762317410068204E-009  3.2074605521417273E-010  3.3946123733842533E-009  7.2179797991239511E-002  1.2553413145884848E-009  3.0548888559590851E-010  3.2331378116538288E-009  6.3870616855739248E-002  6.6673296436645685E-009  3.0600173519463307E-010 -1.0918771992729485E-010  3.6122530037800985E-011 -6.8583113697300452E-010  3.8230220805485515E-010  3.7982943429690965E-010  2.1650730891987973E-010  2.2914023646890817E-009  3.9217291837795459E-002 -2.2705842894758422E-009 -1.4610148064793934E-009
 2.3882072212454083E-010  2.5275531856975548E-009 -1.8913947348514993E-009  8.4992488076736112E-004 -4.8899782674949775E-010 -5.1752971023247336E-009  3.8727279981652078E-009 -2.0502758930340259E-001  3.3104405326303073E-010  3.5035949555628229E-009 -2.6217784489511415E-009 -2.7298125601512951E-001  1.2367924416525340E-010 -2.6250219153570504E-011  1.9643441971668621E-011 -1.1477192883642263E-010  2.0789640526048350E-010 -8.9015312688720609E-012  2.8669925839356925E-010  3.0342754652632030E-009 -2.2705842894758422E-009  5.2764713437806054E-001  5.8098049149790454E-001
 1.3857343414896471E-010  1.4665874460310365E-009 -1.0974623422242355E-009  3.4412214122666007E-004 -2.8556222530142589E-010 -3.0222390985177075E-009  2.2615725108646203E-009 -1.2033377360157532E-001  1.8192128047454715E-010  1.9253574503517665E-009 -1.4407661311272934E-009 -1.6109563742509853E-001  8.5774851356544927E-011 -1.8204751533351278E-011  1.3622912057045549E-011 -7.9593582751280064E-011  1.4417845827760620E-010 -6.1711969067304496E-012  1.8447773893330428E-010  1.9524141342577909E-009 -1.4610148064793934E-009  5.8098049149790454E-001  6.6849907355836491E-001
