 4.0901004389617430E-003 -2.1758733325128610E-010  1.0473131311659765E-010  1.8863887795708741E-010  3.3242426062528606E-002 -9.0041450550412812E-010  4.3339717241877018E-010  6.1682568138552103E-011  3.9431593868903915E-002 -1.0052824580937541E-009  4.8387335363762263E-010  1.3763019671456370E-010  6.6005647287957733E-012 -3.9701976023381072E-010  1.9109771916116102E-010 -3.3506397681821224E-012  7.2876736506545203E-014 -3.2499166113583280E-012  2.6005563959041168E-002 -6.5916848000431929E-010  3.1727805171238548E-010 -5.3474700550475666E-011 -3.3535881890513161E-011
-2.1758733325128610E-010  4.0901156725897262E-003 -7.3339062287528994E-009 -1.3209590966566351E-008 -9.0041479514875143E-010  3.3242489101960107E-002 -3.0348995495609252E-008 -4.3194087944023415E-009 -1.0052828525807075E-009  3.9431664250308807E-002 -3.3883632078537089E-008 -9.6377140415228221E-009  2.2545226284010260E-010  5.5182516822924263E-012  7.2873948405860156E-014 -4.5303022933411984E-010  1.8599566749265067E-010  2.2757769147509330E-010 -6.5916871256567288E-010  2.6005610108461506E-002 -2.2217658043879742E-008  3.7447438003695438E-009  2.3485238234607555E-009
 1.0473131311659765E-010 -7.3339062287528994E-009  4.0901039658909344E-003  6.3581805854135958E-009  4.3339616153577421E-010 -3.0348992598620935E-008  3.3242440657582084E-002  2.0790593237530540E-009  4.8387211818924161E-010 -3.3883628770419275E-008  3.9431610163789724E-002  4.6389207122567824E-009 -1.0851705216641846E-010  7.2872785354627251E-014  5.6345805848532062E-012 -1.1293549629304971E-010 -3.9456564004333706E-010  2.2145267504682126E-010  3.1727726878288505E-010 -2.2217655901496203E-008  2.6005574643675013E-002 -1.8024602002615963E-009 -1.1304179590315848E-009
 1.8863887795708741E-010 -1.3209590966566351E-008  6.3581805854135958E-009  5.1468960907362154E-004  1.5698308925817827E-009 -1.0992869759975447E-007  5.2912046701098791E-008 -1.5315834229933418E-002  1.8659308422279208E-009 -1.3066333758262202E-007  6.2892263406043963E-008 -2.1163007437521749E-002 -3.3303312580310578E-011 -1.3379941742883559E-012  6.4401791805087539E-013  4.7821657631093070E-011 -4.5097857703562117E-011 -1.4520947611970882E-011  1.2317585795768069E-009 -8.6254905343200677E-008  4.1517125885858917E-008  7.1603495196626175E-003  4.3729837351574926E-003
 3.3242426062528606E-002 -9.0041479514875143E-010  4.3339616153577421E-010  1.5698308925817827E-009  2.7017891296654745E-001 -2.6319438143347574E-010  1.2668458284884131E-010 -5.8958022753283822E-010  3.2048157820971218E-001  1.9799779609182207E-010 -9.5301110302418813E-011 -3.8863200730481979E-010  5.3646363846414194E-011 -3.2267911797088490E-009  1.5531530075192458E-009 -2.7232516306759737E-011  5.9238464745222051E-013 -2.6413779681062763E-011  2.1136107780820965E-001  1.6167924939917343E-010 -7.7820361250105468E-011  8.8120720102240613E-011  5.3633561113564965E-011
-9.0041450550412812E-010  3.3242489101960107E-002 -3.0348992598620935E-008 -1.0992869759975447E-007 -2.6319438143347574E-010  2.7017893139319366E-001 -8.8711229684202311E-009  4.1285868068921854E-008  1.9799737325297268E-010  3.2048156434759872E-001  6.6736183663860061E-009  2.7214330874828953E-008  1.8323667347666670E-009  4.4849613277811299E-011  5.9236198714742895E-013 -3.6820124291101642E-009  1.5116805536710979E-009  1.8496434591360741E-009  1.6167919605641178E-010  2.1136106648879913E-001  5.4494878195148860E-009 -6.1708744159687821E-009 -3.7558954005463698E-009
 4.3339717241877018E-010 -3.0348995495609252E-008  3.3242440657582084E-002  5.2912046701098791E-008  1.2668458284884131E-010 -8.8711229684202311E-009  2.7017891723273657E-001 -1.9872149987546305E-008 -9.5301406940133644E-011  6.6736173116742352E-009  3.2048157500032043E-001 -1.3099087800013154E-008 -8.8197401099317475E-010  5.9235253428048497E-013  4.5795202491236583E-011 -9.1788970381009371E-010 -3.2068426584250170E-009  1.7998647436375156E-009 -7.7820292511681386E-011  5.4494867925586420E-009  2.1136107518751154E-001  2.9702346262903701E-009  1.8078324243586965E-009
 6.1682568138552103E-011 -4.3194087944023415E-009  2.0790593237530540E-009 -1.5315834229933418E-002 -5.8958022753283822E-010  4.1285868068921854E-008 -1.9872149987546305E-008  4.5583869455941589E-001 -8.1350560740080030E-010  5.6966370553046235E-008 -2.7419651473789803E-008  6.2994111632474958E-001  9.9256842806307042E-010  3.9877436885723960E-011 -1.9194241277718300E-011 -1.4252715625756705E-009  1.3440917588093219E-009  4.3278082082970502E-010 -5.7042885344811449E-010  3.9944746095272959E-008 -1.9226626580743848E-008 -2.0715901683263577E-001 -1.2326604885063186E-001
 3.9431593868903915E-002 -1.0052828525807075E-009  4.8387211818924161E-010  1.8659308422279208E-009  3.2048157820971218E-001  1.9799737325297268E-010 -9.5301406940133644E-011 -8.1350560740080030E-010  3.8014973427813314E-001  8.4004488267290961E-010 -4.0433831547848941E-010 -6.1905318418018519E-010  6.3634397831722250E-011 -3.8275641812739714E-009  1.8423233759288390E-009 -3.2302748068891832E-011  7.0268190200759984E-013 -3.1331569270161994E-011  2.5071287408898485E-001  5.9090608237029389E-010 -2.8442056071551500E-010  1.3209246851065308E-010  6.6360254137322705E-011
-1.0052824580937541E-009  3.9431664250308807E-002 -3.3883628770419275E-008 -1.3066333758262202E-007  1.9799779609182207E-010  3.2048156434759872E-001  6.6736173116742352E-009  5.6966370553046235E-008  8.4004488267290961E-010  3.8014967546530104E-001  2.8314191242131643E-008  4.3349691899462598E-008  2.1735216149542573E-009  5.3199828375704082E-011  7.0265502274792436E-013 -4.3675393926929183E-009  1.7931290848827781E-009  2.1940151263758594E-009  5.9090634734931478E-010  2.5071283271873157E-001  1.9916830379885242E-008 -9.2497586551021494E-009 -4.6467897501051183E-009
 4.8387335363762263E-010 -3.3883632078537089E-008  3.9431610163789724E-002  6.2892263406043963E-008 -9.5301110302418813E-011  6.6736183663860061E-009  3.2048157500032043E-001 -2.7419651473789803E-008 -4.0433831547848941E-010  2.8314191242131643E-008  3.8014972066162944E-001 -2.0865525122068089E-008 -1.0461822627256527E-009  7.0264380991869344E-013  5.4321478691712332E-011 -1.0887851685538334E-009 -3.8039014058435576E-009  2.1349686516641088E-009 -2.8442028467764783E-010  1.9916829963551690E-008  2.5071286451083452E-001  4.4521853312900210E-009  2.2366360747207474E-009
 1.3763019671456370E-010 -9.6377140415228221E-009  4.6389207122567824E-009 -2.1163007437521749E-002 -3.8863200730481979E-010  2.7214330874828953E-008 -1.3099087800013154E-008  6.2994111632474958E-001 -6.1905318418018519E-010  4.3349691899462598E-008 -2.0865525122068089E-008  8.7061208594747563E-001  1.3730086536462103E-009  5.5162005550919575E-011 -2.6551175346988969E-011 -1.9715619045885842E-009  1.8592668426375534E-009  5.9866082585037448E-010 -4.5464035911113389E-010  3.1836573960785795E-008 -1.5323914396996843E-008 -2.8059594939677035E-001 -1.6376902128024198E-001
 6.6005647287957733E-012  2.2545226284010260E-010 -1.0851705216641846E-010 -3.3303312580310578E-011  5.3646363846414194E-011  1.8323667347666670E-009 -8.8197401099317475E-010  9.9256842806307042E-010  6.3634397831722250E-011  2.1735216149542573E-009 -1.0461822627256527E-009  1.3730086536462103E-009  1.7503158530495089E-017 -2.5063666137183770E-019  1.2063894638941057E-019 -2.5119863102291698E-017  2.3681279937336071E-017  7.6168592628468958E-018  4.1967575949524187E-011  1.4334610724438172E-009 -6.8996854596727324E-010 -3.4540532263943137E-010 -1.4615192263135353E-010
-3.9701976023381072E-010  5.5182516822924263E-012  7.2872785354627251E-014 -1.3379941742883559E-012 -3.2267911797088490E-009  4.4849613277811299E-011  5.9235253428048497E-013  3.9877436885723960E-011 -3.8275641812739714E-009  5.3199828375704082E-011  7.0264380991869344E-013  5.5162005550919575E-011 -2.5063666137183770E-019  3.8549072662329504E-017 -1.8551061490908458E-017 -4.1410465855390031E-019  3.5577093662118526E-019  6.6474709898859954E-019 -2.5243201036783815E-009  3.5085863442245537E-011  4.6340147997586900E-013 -1.3877069730256485E-011 -5.8718734354109724E-012
 1.9109771916116102E-010  7.2873948405860156E-014  5.6345805848532062E-012  6.4401791805087539E-013  1.5531530075192458E-009  5.9236198714742895E-013  4.5795202491236583E-011 -1.9194241277718300E-011  1.8423233759288390E-009  7.0265502274792436E-013  5.4321478691712332E-011 -2.6551175346988969E-011  1.2063894638941057E-019 -1.8551061490908458E-017  8.9370509000988283E-018 -2.5949743918959354E-019 -5.9408727174460047E-019  1.3885570313762668E-019  1.2150322542170608E-009  4.6340887495817073E-013  3.5825604416407647E-011  6.6795109763338088E-012  2.8263705848884140E-012
-3.3506397681821224E-012 -4.5303022933411984E-010 -1.1293549629304971E-010  4.7821657631093070E-011 -2.7232516306759737E-011 -3.6820124291101642E-009 -9.1788970381009371E-010 -1.4252715625756705E-009 -3.2302748068891832E-011 -4.3675393926929183E-009 -1.0887851685538334E-009 -1.9715619045885842E-009 -2.5119863102291698E-017 -4.1410465855390031E-019 -2.5949743918959354E-019  5.7807542207970344E-017 -1.3957591561071464E-017 -3.2687900844722041E-017 -2.1304013091632244E-011 -2.8804395943160804E-009 -7.1806564058801705E-010  4.9598936067516178E-010  2.0987396646012526E-010
 7.2876736506545203E-014  1.8599566749265067E-010 -3.9456564004333706E-010 -4.5097857703562117E-011  5.9238464745222051E-013  1.5116805536710979E-009 -3.2068426584250170E-009  1.3440917588093219E-009  7.0268190200759984E-013  1.7931290848827781E-009 -3.8039014058435576E-009  1.8592668426375534E-009  2.3681279937336071E-017  3.5577093662118526E-019 -5.9408727174460047E-019 -1.3957591561071464E-017  5.0529972874396883E-017 -9.7234785606081029E-018  4.6342660211957937E-013  1.1825880670556180E-009 -2.5087142376622825E-009 -4.6773631018502415E-010 -1.9791687832524312E-010
-3.2499166113583280E-012  2.2757769147509330E-010  2.2145267504682126E-010 -1.4520947611970882E-011 -2.6413779681062763E-011  1.8496434591360741E-009  1.7998647436375156E-009  4.3278082082970502E-010 -3.1331569270161994E-011  2.1940151263758594E-009  2.1349686516641088E-009  5.9866082585037448E-010  7.6168592628468958E-018  6.6474709898859954E-019  1.3885570313762668E-019 -3.2687900844722041E-017 -9.7234785606081029E-018  2.5071108643784582E-017 -2.0663509772108284E-011  1.4469767732700524E-009  1.4080349914120346E-009 -1.5060221859047575E-010 -6.3723240088088477E-011
 2.6005563959041168E-002 -6.5916871256567288E-010  3.1727726878288505E-010  1.2317585795768069E-009  2.1136107780820965E-001  1.6167919605641178E-010 -7.7820292511681386E-011 -5.7042885344811449E-010  2.5071287408898485E-001  5.9090634734931478E-010 -2.8442028467764783E-010 -4.5464035911113389E-010  4.1967575949524187E-011 -2.5243201036783815E-009  1.2150322542170608E-009 -2.1304013091632244E-011  4.6342660211957937E-013 -2.0663509772108284E-011  1.6534786050375211E-001  4.1403677053200357E-010 -1.9928790832979249E-010  1.4177390208722163E-010  9.8339003659127490E-011
-6.5916848000431929E-010  2.6005610108461506E-002 -2.2217655901496203E-008 -8.6254905343200677E-008  1.6167924939917343E-010  2.1136106648879913E-001  5.4494867925586420E-009  3.9944746095272959E-008  5.9090608237029389E-010  2.5071283271873157E-001  1.9916829963551690E-008  3.1836573960785795E-008  1.4334610724438172E-009  3.5085863442245537E-011  4.6340887495817073E-013 -2.8804395943160804E-009  1.1825880670556180E-009  1.4469767732700524E-009  4.1403677053200357E-010  1.6534783151639990E-001  1.3955344536207368E-008 -9.9278784542694644E-009 -6.8863190391180085E-009
 3.1727805171238548E-010 -2.2217658043879742E-008  2.6005574643675013E-002  4.1517125885858917E-008 -7.7820361250105468E-011  5.4494878195148860E-009  2.1136107518751154E-001 -1.9226626580743848E-008 -2.8442056071551500E-010  1.9916830379885242E-008  2.5071286451083452E-001 -1.5323914396996843E-008 -6.8996854596727324E-010  4.6340147997586900E-013  3.5825604416407647E-011 -7.1806564058801705E-010 -2.5087142376622825E-009  1.4080349914120346E-009 -1.9928790832979249E-010  1.3955344536207368E-008  1.6534785379252440E-001  4.7785916369279778E-009  3.3145965689078242E-009
-5.3474700550475666E-011  3.7447438003695438E-009 -1.8024602002615963E-009  7.1603495196626175E-003  8.8120720102240613E-011 -6.1708744159687821E-009  2.9702346262903701E-009 -2.0715901683263577E-001  1.3209246851065308E-010 -9.2497586551021494E-009  4.4521853312900210E-009 -2.8059594939677035E-001 -3.4540532263943137E-010 -1.3877069730256485E-011  6.6795109763338088E-012  4.9598936067516178E-010 -4.6773631018502415E-010 -1.5060221859047575E-010  1.4177390208722163E-010 -9.9278784542694644E-009  4.7785916369279778E-009  5.4240719726955666E-001  5.7461375104000867E-001
-3.3535881890513161E-011  2.3485238234607555E-009 -1.1304179590315848E-009  4.3729837351574926E-003  5.3633561113564965E-011 -3.7558954005463698E-009  1.8078324243586965E-009 -1.2326604885063186E-001  6.6360254137322705E-011 -4.6467897501051183E-009  2.2366360747207474E-009 -1.6376902128024198E-001 -1.4615192263135353E-010 -5.8718734354109724E-012  2.8263705848884140E-012  2.0987396646012526E-010 -1.9791687832524312E-010 -6.3723240088088477E-011  9.8339003659127490E-011 -6.8863190391180085E-009  3.3145965689078242E-009  5.7461375104000867E-001  6.3329516678083064E-001
