 3.0267221802891327E-002 -3.0531041498146769E-002 -2.9996071275618000E-002 -2.1704966056451992E-016  4.6006988048253067E-002 -4.6408001053196944E-002 -4.5594831982235379E-002 -9.8710089355428030E-017  3.4555455912976610E-002 -3.4856653357119967E-002 -3.4245889010800869E-002 -3.6054938803862182E-016  4.4099154875064908E-017  9.5604688376775524E-019  2.5341678867281388E-018  3.9837244741850631E-017 -1.0956567507672421E-018  4.1047398133266729E-017  1.3189749723852187E-002 -1.3304716197329508E-002 -1.3071588644664811E-002 -1.2864276892952355E-015 -1.9510187418051959E-015
-3.0531041498146769E-002  3.0797160738172388E-002  3.0257527528006454E-002  2.1977773864986038E-016 -4.6408001053197950E-002  4.6812509427801019E-002  4.5992252490701976E-002  9.6125055540440334E-017 -3.4856653357120737E-002  3.5160476143571463E-002  3.4544388161513083E-002  3.6880592548953830E-016 -4.4483552861383460E-017 -8.1187637265747982E-019 -2.4064250276921943E-018 -4.0186786854481166E-017  9.5406934111837455E-019 -4.1402860545366594E-017 -1.3304716197329770E-002  1.3420684758814867E-002  1.3185525184833508E-002  4.1434691514349353E-016  6.9676081636063711E-016
-2.9996071275618000E-002  3.0257527528006454E-002  2.9727349864862848E-002  2.1667134074716846E-016 -4.5594831982236135E-002  4.5992252490701740E-002  4.5186368238406042E-002  9.1372781201841088E-017 -3.4245889010801306E-002  3.4544388161512757E-002  3.3939095380295430E-002  3.6689724631656690E-016 -4.3704117060218154E-017 -6.6185466428910243E-019 -2.2308427991414380E-018 -3.9484681009521162E-017  8.0277263737727417E-019 -4.0675325635667347E-017 -1.3071588644665061E-002  1.3185525184833501E-002  1.2954486117832887E-002 -3.7943590070639315E-016 -4.4743556935462672E-016
-2.1704966056451992E-016  2.1977773864986038E-016  2.1667134074716846E-016  3.3041179391088266E-007 -3.3395238869421535E-016  3.3590984214225730E-016  3.2861354846306090E-016 -1.3614122110034770E-006 -2.4798125994307359E-016  2.5037780616626275E-016  2.4693820061708615E-016  2.0206721423301077E-006 -5.6594688044431207E-012  6.0259746834977091E-008  5.9203865063616547E-008 -9.1147996630794769E-010 -5.9719906665996924E-008  9.1713943217746398E-010 -9.5621551022176717E-017  9.6434578198065195E-017  9.4381548751049527E-017 -3.4902129515365930E-004 -5.0232225658013423E-004
 4.6006988048253067E-002 -4.6408001053197950E-002 -4.5594831982236135E-002 -3.3395238869421535E-016  6.9931854435014734E-002 -7.0541404946316846E-002 -6.9305366172339775E-002 -1.3343248099447987E-016  5.2525218784314820E-002 -5.2983046968979722E-002 -5.2054668799209364E-002 -5.7269733107820050E-016  6.7031965944473979E-017  7.1803599494030499E-019  3.1297041672251783E-018  6.0564799548535573E-017 -9.3683289045860499E-019  6.2381955605525719E-017  2.0048772954997445E-002 -2.0223525074820867E-002 -1.9869164948906087E-002  2.3027245833213817E-015  3.1628305618063519E-015
-4.6408001053196944E-002  4.6812509427801019E-002  4.5992252490701740E-002  3.3590984214225730E-016 -7.0541404946316846E-002  7.1156268513147519E-002  6.9909455992746117E-002  1.3852383555853889E-016 -5.2983046968979743E-002  5.3444865744289007E-002  5.2508395505566137E-002  5.7185857806650236E-016 -6.7616223682855566E-017 -8.9817217500273859E-019 -3.3278145785910049E-018 -6.1090073486454535E-017  1.1173184896781187E-018 -6.2928344932852390E-017 -2.0223525074820826E-002  2.0399800395263623E-002  2.0042351542506380E-002 -1.3157064132969596E-015 -1.7409644700003705E-015
-4.5594831982235379E-002  4.5992252490701976E-002  4.5186368238406042E-002  3.2861354846306090E-016 -6.9305366172339775E-002  6.9909455992746117E-002  6.8684490338313267E-002  1.4190803296914848E-016 -5.2054668799209163E-002  5.2508395505565915E-002  5.1588334261342343E-002  5.5321276519557584E-016 -6.6431416285579789E-017 -1.1396639586468394E-018 -3.5222265214075123E-018 -6.0015751768787373E-017  1.3526659473008299E-018 -6.1829618498183944E-017 -1.9869164948906136E-002  2.0042351542506474E-002  1.9691165970755015E-002  1.9720863732884149E-016  4.3379512205594385E-016
-9.8710089355428030E-017  9.6125055540440334E-017  9.1372781201841088E-017 -1.3614122110034770E-006 -1.3343248099447987E-016  1.3852383555853889E-016  1.4190803296914848E-016  5.6094947045663843E-006 -1.1195280860621690E-016  1.1196012044157830E-016  1.0609406541928886E-016 -8.3258763146473666E-006  2.3318991876664792E-011 -2.4829124348764319E-007 -2.4394064110783242E-007  3.7556164128674181E-009  2.4606691308665878E-007 -3.7789353926511582E-009 -3.8745355355051384E-017  3.9167308705979492E-017  3.9977877688569938E-017  1.4380898680953235E-003  2.0697434733563612E-003
 3.4555455912976610E-002 -3.4856653357120737E-002 -3.4245889010801306E-002 -2.4798125994307359E-016  5.2525218784314820E-002 -5.2983046968979743E-002 -5.2054668799209163E-002 -1.1195280860621690E-016  3.9451243365838211E-002 -3.9795114206379073E-002 -3.9097817289605846E-002 -4.1273368424046330E-016  5.0347088524497776E-017  1.0586363274866836E-018  2.8609199868059036E-018  4.5481848593376457E-017 -1.2183204012133292E-018  4.6862458250969605E-017  1.5058462189028222E-002 -1.5189717014184869E-002 -1.4923560149155534E-002 -1.2783500102517665E-015 -1.9534975627244486E-015
-3.4856653357119967E-002  3.5160476143571463E-002  3.4544388161512757E-002  2.5037780616626275E-016 -5.2983046968979722E-002  5.3444865744289007E-002  5.2508395505565915E-002  1.1196012044157830E-016 -3.9795114206379073E-002  4.0141982345481039E-002  3.9438607544808088E-002  4.1776872066536189E-016 -5.0785935389868372E-017 -1.0249950161903213E-018 -2.8437391642766519E-018 -4.5878932725518582E-017  1.1864549942201198E-018 -4.7270275380949456E-017 -1.5189717014184831E-002  1.5322115902321526E-002  1.5053639120932530E-002  1.0411989688532909E-015  1.6131731108177996E-015
-3.4245889010800869E-002  3.4544388161513083E-002  3.3939095380295430E-002  2.4693820061708615E-016 -5.2054668799209364E-002  5.2508395505566137E-002  5.1588334261342343E-002  1.0609406541928886E-016 -3.9097817289605846E-002  3.9438607544808088E-002  3.8747557399802714E-002  4.1624340636412265E-016 -4.9896071621832404E-017 -8.3422142569866396E-019 -2.6241252896380008E-018 -4.5077648032398159E-017  9.9440043243518631E-019 -4.6439367208357482E-017 -1.4923560149155629E-002  1.5053639120932664E-002  1.4789866636430891E-002  2.2028458205397971E-017  1.4434247978848393E-016
-3.6054938803862182E-016  3.6880592548953830E-016  3.6689724631656690E-016  2.0206721423301077E-006 -5.7269733107820050E-016  5.7185857806650236E-016  5.5321276519557584E-016 -8.3258763146473666E-006 -4.1273368424046330E-016  4.1776872066536189E-016  4.1624340636412265E-016  1.2357657874313742E-005 -3.4611146346092446E-011  3.6852556106440052E-007  3.6206819204700431E-007 -5.5742628143207829E-009 -3.6522410509075810E-007  5.6088739427179861E-009 -1.6345705173963017E-016  1.6475677462661458E-016  1.5964815962817537E-016 -2.1344807334183506E-003 -3.0720107727681282E-003
 4.4099154875064908E-017 -4.4483552861383460E-017 -4.3704117060218154E-017 -5.6594688044431207E-012  6.7031965944473979E-017 -6.7616223682855566E-017 -6.6431416285579789E-017  2.3318991876664792E-011  5.0347088524497776E-017 -5.0785935389868372E-017 -4.9896071621832404E-017 -3.4611146346092446E-011  9.6938389424149200E-017 -1.0321609690124330E-012 -1.0140752648810395E-012  1.5612313271680688E-014  1.0229142996984660E-012 -1.5709251610833849E-014  1.9217401481744202E-017 -1.9384906726752169E-017 -1.9045234794923800E-017  5.9782222318045738E-009  8.6040425713723552E-009
 9.5604688376775524E-019 -8.1187637265747982E-019 -6.6185466428910243E-019  6.0259746834977091E-008  7.1803599494030499E-019 -8.9817217500273859E-019 -1.1396639586468394E-018 -2.4829124348764319E-007  1.0586363274866836E-018 -1.0249950161903213E-018 -8.3422142569866396E-019  3.6852556106440052E-007 -1.0321609690124330E-012  1.0990034724955777E-008  1.0797465423852029E-008 -1.6623363035789419E-010 -1.0891579910346859E-008  1.6726579079164139E-010  2.2761244189433734E-019 -2.3332487031414671E-019 -2.9549177791603573E-019 -6.3653705084292406E-005 -9.1612383604132335E-005
 2.5341678867281388E-018 -2.4064250276921943E-018 -2.2308427991414380E-018  5.9203865063616547E-008  3.1297041672251783E-018 -3.3278145785910049E-018 -3.5222265214075123E-018 -2.4394064110783242E-007  2.8609199868059036E-018 -2.8437391642766519E-018 -2.6241252896380008E-018  3.6206819204700431E-007 -1.0140752648810395E-012  1.0797465423852029E-008  1.0608270355556064E-008 -1.6332085575625734E-010 -1.0700735751639295E-008  1.6433493049525217E-010  9.1863266347058712E-019 -9.3030293486533186E-019 -9.7909633521134766E-019 -6.2538353785819098E-005 -9.0007135474839728E-005
 3.9837244741850631E-017 -4.0186786854481166E-017 -3.9484681009521162E-017 -9.1147996630794769E-010  6.0564799548535573E-017 -6.1090073486454535E-017 -6.0015751768787373E-017  3.7556164128674181E-009  4.5481848593376457E-017 -4.5878932725518582E-017 -4.5077648032398159E-017 -5.5742628143207829E-009  1.5612313271680688E-014 -1.6623363035789419E-010 -1.6332085575625734E-010  2.5144251636635477E-012  1.6474441747838533E-010 -2.5300374688388863E-012  1.7363001585370349E-017 -1.7514287185812557E-017 -1.7206396630378685E-017  9.6281647389747022E-007  1.3857152860193737E-006
-1.0956567507672421E-018  9.5406934111837455E-019  8.0277263737727417E-019 -5.9719906665996924E-008 -9.3683289045860499E-019  1.1173184896781187E-018  1.3526659473008299E-018  2.4606691308665878E-007 -1.2183204012133292E-018  1.1864549942201198E-018  9.9440043243518631E-019 -3.6522410509075810E-007  1.0229142996984660E-012 -1.0891579910346859E-008 -1.0700735751639295E-008  1.6474441747838533E-010  1.0794007108466951E-008 -1.6576733124761375E-010 -2.9014442831022254E-019  2.9636850562614306E-019  3.5683720032471218E-019  6.3083459958586496E-005  9.0791669159696206E-005
 4.1047398133266729E-017 -4.1402860545366594E-017 -4.0675325635667347E-017  9.1713943217746398E-010  6.2381955605525719E-017 -6.2928344932852390E-017 -6.1829618498183944E-017 -3.7789353926511582E-009  4.6862458250969605E-017 -4.7270275380949456E-017 -4.6439367208357482E-017  5.6088739427179861E-009 -1.5709251610833849E-014  1.6726579079164139E-010  1.6433493049525217E-010 -2.5300374688388863E-012 -1.6576733124761375E-010  2.5457467123031066E-012  1.7884622583315856E-017 -1.8040567957883261E-017 -1.7725466376335633E-017 -9.6879469302904652E-007 -1.3943193241288015E-006
 1.3189749723852187E-002 -1.3304716197329770E-002 -1.3071588644665061E-002 -9.5621551022176717E-017  2.0048772954997445E-002 -2.0223525074820826E-002 -1.9869164948906136E-002 -3.8745355355051384E-017  1.5058462189028222E-002 -1.5189717014184831E-002 -1.4923560149155629E-002 -1.6345705173963017E-016  1.9217401481744202E-017  2.2761244189433734E-019  9.1863266347058712E-019  1.7363001585370349E-017 -2.9014442831022254E-019  1.7884622583315856E-017  5.7477854727069830E-003 -5.7978851819460685E-003 -5.6962936287666558E-003  5.3414373403443529E-016  7.2537368718576536E-016
-1.3304716197329508E-002  1.3420684758814867E-002  1.3185525184833501E-002  9.6434578198065195E-017 -2.0223525074820867E-002  2.0399800395263623E-002  2.0042351542506474E-002  3.9167308705979492E-017 -1.5189717014184869E-002  1.5322115902321526E-002  1.5053639120932664E-002  1.6475677462661458E-016 -1.9384906726752169E-017 -2.3332487031414671E-019 -9.3030293486533186E-019 -1.7514287185812557E-017  2.9636850562614306E-019 -1.8040567957883261E-017 -5.7978851819460685E-003  5.8484215777799753E-003  5.7459445170777775E-003 -5.1720436428481753E-016 -7.0061588446725668E-016
-1.3071588644664811E-002  1.3185525184833508E-002  1.2954486117832887E-002  9.4381548751049527E-017 -1.9869164948906087E-002  2.0042351542506380E-002  1.9691165970755015E-002  3.9977877688569938E-017 -1.4923560149155534E-002  1.5053639120932530E-002  1.4789866636430891E-002  1.5964815962817537E-016 -1.9045234794923800E-017 -2.9549177791603573E-019 -9.7909633521134766E-019 -1.7206396630378685E-017  3.5683720032471218E-019 -1.7725466376335633E-017 -5.6962936287666558E-003  5.7459445170777775E-003  5.6452630772675589E-003 -1.2439478810879553E-016 -1.3603895957854251E-016
-1.2864276892952355E-015  4.1434691514349353E-016 -3.7943590070639315E-016 -3.4902129515365930E-004  2.3027245833213817E-015 -1.3157064132969596E-015  1.9720863732884149E-016  1.4380898680953235E-003 -1.2783500102517665E-015  1.0411989688532909E-015  2.2028458205397971E-017 -2.1344807334183506E-003  5.9782222318045738E-009 -6.3653705084292406E-005 -6.2538353785819098E-005  9.6281647389747022E-007  6.3083459958586496E-005 -9.6879469302904652E-007  5.3414373403443529E-016 -5.1720436428481753E-016 -1.2439478810879553E-016  3.6867892343937775E-001  5.3061412397220342E-001
-1.9510187418051959E-015  6.9676081636063711E-016 -4.4743556935462672E-016 -5.0232225658013423E-004  3.1628305618063519E-015 -1.7409644700003705E-015  4.3379512205594385E-016  2.0697434733563612E-003 -1.9534975627244486E-015  1.6131731108177996E-015  1.4434247978848393E-016 -3.0720107727681282E-003  8.6040425713723552E-009 -9.1612383604132335E-005 -9.0007135474839728E-005  1.3857152860193737E-006  9.0791669159696206E-005 -1.3943193241288015E-006  7.2537368718576536E-016 -7.0061588446725668E-016 -1.3603895957854251E-016  5.3061412397220342E-001  7.6367627943636618E-001
