   1.4783703909278401E-003   2.1101352162753184E-017  -1.8853603688382129E-017  -6.0544510605135652E-017   1.9120480065023041E-002   2.6231876701728207E-016   2.7260695596006143E-016   9.5455815109259914E-017   3.6400706036095229E-002   5.3992942108287507E-016   4.6594540861039908E-016   1.3096134684404913E-016  -9.4240750500169911E-003   9.6607640467603787E-016  -5.3015973045473943E-016  -1.7485013149193513E-016  -2.5267926499562684E-015
   2.1101352162753184E-017   1.4783703909274101E-003   5.9315702077451394E-017   2.5653975224983060E-018  -4.4088596230266440E-017   1.9120480065020366E-002   2.7368363878505242E-016  -8.1805221032880435E-017  -3.6241818113069358E-017   3.6400706036089303E-002   5.9413018539242864E-016  -1.8754078748025589E-016  -2.7888665446884757E-016  -9.4240750500061074E-003   8.5486689910891918E-016   5.1107181410048598E-016  -1.1740523746826592E-015
  -1.8853603688382129E-017   5.9315702077451394E-017   1.4783703909279425E-003  -1.0022813919789521E-017  -5.5897025575873967E-016   4.1023868320673908E-016   1.9120480065023787E-002  -2.4792642672106012E-016  -9.3197147353437667E-016   8.5961590733880012E-016   3.6400706036096089E-002  -6.8653809530546248E-016   1.0833735889746321E-015  -4.5025488619876514E-016  -9.4240750500123073E-003  -1.8557048260264117E-016  -1.1335539336715434E-015
  -6.0544510605135652E-017   2.5653975224983060E-018  -1.0022813919789521E-017   1.4383992233938246E-004  -6.8654870940451624E-016   4.2668494781880081E-017  -1.1435321894704931E-016  -5.3339617947362108E-003  -1.4122504333281402E-015   1.3684987503523999E-017  -3.2444114848669725E-016  -1.1993507037677088E-002  -2.8092859024416684E-015  -1.9203205284496579E-015  -2.3326260047082222E-015   1.2058308052888331E-002  -5.2072612147298905E-003
   1.9120480065023041E-002  -4.4088596230266440E-017  -5.5897025575873967E-016  -6.8654870940451624E-016  0.24989263009052359       -3.1404249390120251E-016  -2.9621851263034500E-016   4.1683463943601658E-016  0.47329175964671510       -5.7205465734899560E-016  -1.2306908600404772E-015  -2.5467825198825503E-016 -0.19479084267310973       -4.8836967475931395E-016   7.1379845865294187E-016   2.5291470959915388E-016   3.1589076290119737E-015
   2.6231876701728207E-016   1.9120480065020366E-002   4.1023868320673908E-016   4.2668494781880081E-017  -3.1404249390120251E-016  0.24989263009053564       -6.9137487051640289E-016   1.6653365764271070E-016   8.9009624015614456E-017  0.47329175964672204       -8.1187723300194479E-016  -7.7568425155931161E-017   2.5528247776612570E-016 -0.19479084267312013       -8.7172397531328286E-016  -8.1049417977666364E-016   8.0584309217018448E-016
   2.7260695596006143E-016   2.7368363878505242E-016   1.9120480065023787E-002  -1.1435321894704931E-016  -2.9621851263034500E-016  -6.9137487051640289E-016  0.24989263009053045       -3.1083600129764766E-016   7.8633070773222632E-016  -2.4947389639077309E-016  0.47329175964671866       -2.0616933020488895E-015  -2.0555563159302470E-015   5.1218291198714411E-016 -0.19479084267311120       -2.4001986169337743E-016   8.8563029390069817E-016
   9.5455815109259914E-017  -8.1805221032880435E-017  -2.4792642672106012E-016  -5.3339617947362108E-003   4.1683463943601658E-016   1.6653365764271070E-016  -3.1083600129764766E-016  0.22460202895180634        1.0964678717095951E-015   7.5103821572415972E-016   1.0584995421028076E-015  0.51619305705784857        2.6314723167789513E-015  -9.0079326337957399E-016   5.6612685603894437E-016 -0.27327279177447195        6.7574014221063336E-002
   3.6400706036095229E-002  -3.6241818113069358E-017  -9.3197147353437667E-016  -1.4122504333281402E-015  0.47329175964671510        8.9009624015614456E-017   7.8633070773222632E-016   1.0964678717095951E-015  0.89867767272379206        2.7386317116810835E-016   3.2308491416882318E-016  -5.3095678052217084E-018 -0.30229719245525100        5.3350846638844937E-016  -1.3266077553966346E-015  -3.0858987349197166E-016  -1.6451594057346386E-015
   5.3992942108287507E-016   3.6400706036089303E-002   8.5961590733880012E-016   1.3684987503523999E-017  -5.7205465734899560E-016  0.47329175964672204       -2.4947389639077309E-016   7.5103821572415972E-016   2.7386317116810835E-016  0.89867767272377641        5.1263258060301902E-016   1.0126002299976601E-015   2.7571476533847253E-016 -0.30229719245524311       -3.6770607271423557E-016   6.8060423951785737E-016   2.8751293546883189E-016
   4.6594540861039908E-016   5.9413018539242864E-016   3.6400706036096089E-002  -3.2444114848669725E-016  -1.2306908600404772E-015  -8.1187723300194479E-016  0.47329175964671866        1.0584995421028076E-015   3.2308491416882318E-016   5.1263258060301902E-016  0.89867767272378096       -3.5121597783547572E-017   1.2056639442646927E-015  -2.7108738905458157E-016 -0.30229719245524733        1.8703509251586911E-015  -6.8659200785309346E-016
   1.3096134684404913E-016  -1.8754078748025589E-016  -6.8653809530546248E-016  -1.1993507037677088E-002  -2.5467825198825503E-016  -7.7568425155931161E-017  -2.0616933020488895E-015  0.51619305705784857       -5.3095678052217084E-018   1.0126002299976601E-015  -3.5121597783547572E-017   1.1904856923805609       -1.8716299495289140E-015  -8.3647597345429043E-016  -1.3334475470331115E-015 -0.53860075540017882       0.10720758344912786     
  -9.4240750500169911E-003  -2.7888665446884757E-016   1.0833735889746321E-015  -2.8092859024416684E-015 -0.19479084267310973        2.5528247776612570E-016  -2.0555563159302470E-015   2.6314723167789513E-015 -0.30229719245525100        2.7571476533847253E-016   1.2056639442646927E-015  -1.8716299495289140E-015   2.1057568182090272       -3.0525966276213524E-016  -1.2203768359724217E-016   2.4806961470311725E-016   4.9189708278427342E-016
   9.6607640467603787E-016  -9.4240750500061074E-003  -4.5025488619876514E-016  -1.9203205284496579E-015  -4.8836967475931395E-016 -0.19479084267312013        5.1218291198714411E-016  -9.0079326337957399E-016   5.3350846638844937E-016 -0.30229719245524311       -2.7108738905458157E-016  -8.3647597345429043E-016  -3.0525966276213524E-016   2.1057568182090236        7.8475817617639779E-016  -2.9961668439925617E-016  -5.2399709263979618E-016
  -5.3015973045473943E-016   8.5486689910891918E-016  -9.4240750500123073E-003  -2.3326260047082222E-015   7.1379845865294187E-016  -8.7172397531328286E-016 -0.19479084267311120        5.6612685603894437E-016  -1.3266077553966346E-015  -3.6770607271423557E-016 -0.30229719245524733       -1.3334475470331115E-015  -1.2203768359724217E-016   7.8475817617639779E-016   2.1057568182090209       -1.6519963656968461E-015   1.0351190096424815E-015
  -1.7485013149193513E-016   5.1107181410048598E-016  -1.8557048260264117E-016   1.2058308052888331E-002   2.5291470959915388E-016  -8.1049417977666364E-016  -2.4001986169337743E-016 -0.27327279177447195       -3.0858987349197166E-016   6.8060423951785737E-016   1.8703509251586911E-015 -0.53860075540017882        2.4806961470311725E-016  -2.9961668439925617E-016  -1.6519963656968461E-015   2.4163053030413724      -0.63012733490071005     
  -2.5267926499562684E-015  -1.1740523746826592E-015  -1.1335539336715434E-015  -5.2072612147298905E-003   3.1589076290119737E-015   8.0584309217018448E-016   8.8563029390069817E-016   6.7574014221063336E-002  -1.6451594057346386E-015   2.8751293546883189E-016  -6.8659200785309346E-016  0.10720758344912786        4.9189708278427342E-016  -5.2399709263979618E-016   1.0351190096424815E-015 -0.63012733490071005        2.1646802653807069     
