   7.2047964443808224E-003  -6.3067117460499960E-018  -8.9066749660171644E-017   1.0250739414917371E-016   4.7964421176218471E-002   2.1912107070758314E-016  -3.4701986936942950E-016   3.3368160826222067E-016   7.4059914266501659E-002   3.0568607326499891E-016  -5.7743718321983428E-016   4.3262600531723092E-016  -9.6843684375291680E-016
  -6.3067117460499960E-018   7.2047964443808310E-003   5.3265313957692033E-017   9.6472962270370589E-018  -2.4154432686896984E-016   4.7964421176218595E-002   2.6758194320236970E-016   3.2761251264991449E-017  -3.4400072630806074E-016   7.4059914266501659E-002   3.8493835804445316E-016   9.0933181800676015E-017   1.4224226122490861E-016
  -8.9066749660171644E-017   5.3265313957692033E-017   7.2047964443817721E-003  -1.9929481956591654E-017  -1.9762549208863662E-016   6.2758788644439137E-017   4.7964421176221551E-002  -2.6132507038336475E-016  -3.0971265613800938E-016   1.0518878655477548E-016   7.4059914266506446E-002  -3.1006605931798611E-016   9.5454359267684691E-016
   1.0250739414917371E-016   9.6472962270370589E-018  -1.9929481956591654E-017   1.4267873631643860E-004   7.3882781868947959E-016   6.9640248305192114E-017  -1.8473103106628697E-016  -8.9267741220720748E-003   1.1387697620082190E-015   1.0707725080062946E-016  -2.6154633743703194E-016  -8.8618303589814984E-003   8.4714500041155605E-003
   4.7964421176218471E-002  -2.4154432686896984E-016  -1.9762549208863662E-016   7.3882781868947959E-016  0.31931307380154400        1.3023343322271649E-016   3.2153653022088946E-016  -6.3829292109625893E-016  0.49303834571531674       -1.6279973246227514E-017   2.1940412088412468E-016   1.7756020542689019E-016   1.1467651784792138E-015
   2.1912107070758314E-016   4.7964421176218595E-002   6.2758788644439137E-017   6.9640248305192114E-017   1.3023343322271649E-016  0.31931307380154533       -1.6151788926876501E-016  -3.9788595053343700E-016   3.9386185014377731E-016  0.49303834571531752       -4.3729487623582038E-016  -6.2593628363148883E-017  -4.8916117772932909E-016
  -3.4701986936942950E-016   2.6758194320236970E-016   4.7964421176221551E-002  -1.8473103106628697E-016   3.2153653022088946E-016  -1.6151788926876501E-016  0.31931307380154283        8.2847149947211002E-016   4.6606011512457623E-016  -1.9423030169172638E-016  0.49303834571531530        3.4503563790666621E-016  -1.1029902912379034E-015
   3.3368160826222067E-016   3.2761251264991449E-017  -2.6132507038336475E-016  -8.9267741220720748E-003  -6.3829292109625893E-016  -3.9788595053343700E-016   8.2847149947211002E-016  0.59822609255440329       -1.1632549094468125E-015  -4.1706901384237366E-016   8.4029596605482053E-017  0.60196393277634763      -0.27815621375032890     
   7.4059914266501659E-002  -3.4400072630806074E-016  -3.0971265613800938E-016   1.1387697620082190E-015  0.49303834571531674        3.9386185014377731E-016   4.6606011512457623E-016  -1.1632549094468125E-015  0.76128048078850941        2.7253143905749241E-016   2.9181414410173641E-016   3.5772378141574612E-017  -2.7946762112326937E-016
   3.0568607326499891E-016   7.4059914266501659E-002   1.0518878655477548E-016   1.0707725080062946E-016  -1.6279973246227514E-017  0.49303834571531752       -1.9423030169172638E-016  -4.1706901384237366E-016   2.7253143905749241E-016  0.76128048078850863       -5.9004315105734532E-016   1.3363991837832646E-016   2.8989571339969287E-016
  -5.7743718321983428E-016   3.8493835804445316E-016   7.4059914266506446E-002  -2.6154633743703194E-016   2.1940412088412468E-016  -4.3729487623582038E-016  0.49303834571531530        8.4029596605482053E-017   2.9181414410173641E-016  -5.9004315105734532E-016  0.76128048078850752       -5.9527882852045281E-016   1.5231666793012626E-015
   4.3262600531723092E-016   9.0933181800676015E-017  -3.1006605931798611E-016  -8.8618303589814984E-003   1.7756020542689019E-016  -6.2593628363148883E-017   3.4503563790666621E-016  0.60196393277634763        3.5772378141574612E-017   1.3363991837832646E-016  -5.9527882852045281E-016  0.60726357644356144      -0.22483043466922453     
  -9.6843684375291680E-016   1.4224226122490861E-016   9.5454359267684691E-016   8.4714500041155605E-003   1.1467651784792138E-015  -4.8916117772932909E-016  -1.1029902912379034E-015 -0.27815621375032890       -2.7946762112326937E-016   2.8989571339969287E-016   1.5231666793012626E-015 -0.22483043466922453        2.1001615937098546     
