   9.1702256258312624E-007   3.1974029229216633E-020  -1.5158524940217257E-018  -1.9735728394887342E-017  -3.7446402976257016E-006  -8.4083678285473025E-020   4.8713559628310320E-018  -1.1476699960771647E-016   3.5585651070655581E-006  -8.0401722895603283E-019  -4.9348230496903134E-018  -5.7935790568619881E-017  -1.2496494158625341E-003  -9.6669929208107881E-016   2.1567207960130567E-015   7.9387115924557840E-016  -2.7132272408100203E-004   9.9571411783042170E-016  -3.5865837999739014E-016   1.9419138634427161E-017   1.7297897099519419E-015
   3.1974029229216633E-020   9.1702256257830885E-007   2.7935386935163917E-019  -6.2567588215517551E-017   7.6654565317043901E-019  -3.7446402976153077E-006  -2.8618652661133570E-020  -3.6071031539372254E-016  -1.2181327367604333E-018   3.5585651070541469E-006   2.0742945332653162E-018  -1.9989504394820794E-016   1.0296816891517869E-016  -1.2496494158598746E-003   7.2395140032577826E-016  -9.1573974849968774E-016   6.9923657414270908E-016  -2.7132272407899598E-004  -1.5436503011366552E-015   1.5931703458709690E-016  -8.1544041494484267E-016
  -1.5158524940217257E-018   2.7935386935163917E-019   9.1702256257971747E-007   4.7851229902461156E-017   4.1994902976085588E-018  -2.3945546584883460E-018  -3.7446402976180283E-006   2.7166709973491563E-016  -4.7878826856763605E-018   1.8254163338188556E-018   3.5585651070592562E-006   1.4895130095905429E-016   3.3275001118615551E-017  -1.1548807357303836E-015  -1.2496494158595283E-003  -8.6590067957369158E-018   5.4970457013800905E-016   1.5640580077963281E-015  -2.7132272408191417E-004  -1.3289375577872709E-015  -1.4153875548516777E-015
  -1.9735728394887342E-017  -6.2567588215517551E-017   4.7851229902461156E-017   1.2006879282916376E-002   2.4312951456330976E-017  -1.3473973482301030E-017  -6.0471984595868431E-017   6.8867532863409367E-002   1.6712750223135381E-018  -1.9482857733387212E-017   1.3870643667964837E-017   3.7579114134966347E-002   6.1365280012803588E-016  -8.2017500838655557E-016  -6.1933876389783731E-016   2.7172630194692366E-002  -2.2253370873200432E-016  -8.4193487364780728E-016   1.0291172571743006E-015   6.6772165335605739E-003  -1.5921899819213211E-003
  -3.7446402976257016E-006   7.6654565317043901E-019   4.1994902976085588E-018   2.4312951456330976E-017   1.5305215676970143E-005  -4.0497834668099764E-018  -1.1860022564966511E-017   1.3028686160696700E-016  -1.4413157863675395E-005   3.6000897770239678E-018   1.4078173551976371E-017   6.9439319826896097E-017   5.1858275848793893E-003   2.0525508842147102E-016  -5.2177924117881649E-015  -1.0516907217379904E-016   9.3566856093511234E-004   7.4742880277636659E-016   1.0648890271947183E-016  -1.2943010376781220E-016  -6.0386307564914344E-016
  -8.4083678285473025E-020  -3.7446402976153077E-006  -2.3945546584883460E-018  -1.3473973482301030E-017  -4.0497834668099764E-018   1.5305215676965301E-005   5.1290168299793925E-018  -6.3227483698417745E-017   2.9166039431798808E-018  -1.4413157863665878E-005  -1.0332380550017381E-017  -2.9725610450797596E-017  -2.4561397497048451E-015   5.1858275848801890E-003   3.9635281522297440E-016   9.2491568006078433E-016   9.5028994944140909E-016   9.3566856093137520E-004   2.8390436884655873E-015  -1.2496203700814823E-015   2.1313697018517388E-015
   4.8713559628310320E-018  -2.8618652661133570E-020  -3.7446402976180283E-006  -6.0471984595868431E-017  -1.1860022564966511E-017   5.1290168299793925E-018   1.5305215676965426E-005  -3.3159155645280519E-016   1.2156882383970334E-017  -7.0345648639225705E-018  -1.4413157863669843E-005  -1.8978522859607275E-016   2.4719724829374776E-016   9.0948671139349943E-016   5.1858275848790528E-003  -2.5195051889802694E-015   1.2739266206514922E-015  -1.5626099677498693E-015   9.3566856093392665E-004   2.6454810596747538E-015   2.6591411208703509E-015
  -1.1476699960771647E-016  -3.6071031539372254E-016   2.7166709973491563E-016   6.8867532863409367E-002   1.3028686160696700E-016  -6.3227483698417745E-017  -3.3159155645280519E-016  0.39503269251066275        1.7061313015263191E-017  -1.3070574529829516E-016   6.9496593168295193E-017  0.21552843637901356       -1.3598062449489536E-015   1.4023550607552364E-015  -6.2968522608221742E-016  0.15096738631171372        1.6571549490279987E-015  -3.6817888077216699E-016   9.7151754824253081E-016   4.2994068824242844E-002  -1.1904852831426943E-002
   3.5585651070655581E-006  -1.2181327367604333E-018  -4.7878826856763605E-018   1.6712750223135381E-018  -1.4413157863675395E-005   2.9166039431798808E-018   1.2156882383970334E-017   1.7061313015263191E-017   1.4801961907016856E-005  -2.2031974743901611E-018  -1.3393213410862008E-017   1.0686426766464261E-017  -4.1527491773347275E-003  -1.3828992754352199E-016   5.5689771421592446E-015   2.3926198034381931E-016  -2.5002240689258625E-003  -7.6018511399893268E-016  -5.0617841894969734E-017   4.7845273586597483E-016  -5.8360523068985985E-016
  -8.0401722895603283E-019   3.5585651070541469E-006   1.8254163338188556E-018  -1.9482857733387212E-017   3.6000897770239678E-018  -1.4413157863665878E-005  -7.0345648639225705E-018  -1.3070574529829516E-016  -2.2031974743901611E-018   1.4801961907002793E-005   1.1034905948987425E-017  -7.3117728026638137E-017   2.5857290540758444E-015  -4.1527491773348550E-003  -2.0194737910207313E-015  -7.8380883101969926E-017  -1.2671865090021294E-015  -2.5002240689219221E-003  -1.8012986327764659E-015   1.0719487086442672E-015  -1.5600604903396743E-015
  -4.9348230496903134E-018   2.0742945332653162E-018   3.5585651070592562E-006   1.3870643667964837E-017   1.4078173551976371E-017  -1.0332380550017381E-017  -1.4413157863669843E-005   6.9496593168295193E-017  -1.3393213410862008E-017   1.1034905948987425E-017   1.4801961907009187E-005   4.7452762922355581E-017   1.4453759624035540E-015  -2.0328530006774131E-015  -4.1527491773347223E-003   1.2761077185787452E-015  -1.9602235782799419E-015   1.1890744483050537E-015  -2.5002240689238051E-003  -3.2111721910357823E-015  -1.4017267743357685E-015
  -5.7935790568619881E-017  -1.9989504394820794E-016   1.4895130095905429E-016   3.7579114134966347E-002   6.9439319826896097E-017  -2.9725610450797596E-017  -1.8978522859607275E-016  0.21552843637901356        1.0686426766464261E-017  -7.3117728026638137E-017   4.7452762922355581E-017  0.11762136054023394       -1.9137545927464932E-016  -8.7798710531269048E-016   1.7696642144002469E-015   8.8023975026016971E-002  -1.0235124816479629E-015   7.3028987971728497E-016  -1.8512307429881796E-015   2.0041382447500505E-002  -3.5721605772243152E-003
  -1.2496494158625341E-003   1.0296816891517869E-016   3.3275001118615551E-017   6.1365280012803588E-016   5.1858275848793893E-003  -2.4561397497048451E-015   2.4719724829374776E-016  -1.3598062449489536E-015  -4.1527491773347275E-003   2.5857290540758444E-015   1.4453759624035540E-015  -1.9137545927464932E-016   2.1917321481270364       -1.9112451421846033E-017  -1.3811109374206598E-015  -6.2440605265190004E-016 -0.64586469605505004       -4.8210616610520375E-016   1.1184765136632024E-015  -3.8624022247103061E-016  -5.8766235797893919E-016
  -9.6669929208107881E-016  -1.2496494158598746E-003  -1.1548807357303836E-015  -8.2017500838655557E-016   2.0525508842147102E-016   5.1858275848801890E-003   9.0948671139349943E-016   1.4023550607552364E-015  -1.3828992754352199E-016  -4.1527491773348550E-003  -2.0328530006774131E-015  -8.7798710531269048E-016  -1.9112451421846033E-017   2.1917321481270347        7.2753353905566365E-016   1.6601234660578970E-015  -3.9957508737300737E-017 -0.64586469605504748       -5.3809123227045036E-016   3.9159954808760669E-016  -5.4235089531010385E-016
   2.1567207960130567E-015   7.2395140032577826E-016  -1.2496494158595283E-003  -6.1933876389783731E-016  -5.2177924117881649E-015   3.9635281522297440E-016   5.1858275848790528E-003  -6.2968522608221742E-016   5.5689771421592446E-015  -2.0194737910207313E-015  -4.1527491773347223E-003   1.7696642144002469E-015  -1.3811109374206598E-015   7.2753353905566365E-016   2.1917321481270275        2.2450376713814089E-016   8.5111225792827705E-016   1.1133443410357886E-015 -0.64586469605504504        9.9427416023089330E-017  -9.1898234168256494E-016
   7.9387115924557840E-016  -9.1573974849968774E-016  -8.6590067957369158E-018   2.7172630194692366E-002  -1.0516907217379904E-016   9.2491568006078433E-016  -2.5195051889802694E-015  0.15096738631171372        2.3926198034381931E-016  -7.8380883101969926E-017   1.2761077185787452E-015   8.8023975026016971E-002  -6.2440605265190004E-016   1.6601234660578970E-015   2.2450376713814089E-016   2.3449916142465943       -1.1516081948194901E-016  -9.1719811571520214E-016   8.1246525308157837E-016  0.85280651927510287      -0.19557589443053766     
  -2.7132272408100203E-004   6.9923657414270908E-016   5.4970457013800905E-016  -2.2253370873200432E-016   9.3566856093511234E-004   9.5028994944140909E-016   1.2739266206514922E-015   1.6571549490279987E-015  -2.5002240689258625E-003  -1.2671865090021294E-015  -1.9602235782799419E-015  -1.0235124816479629E-015 -0.64586469605505004       -3.9957508737300737E-017   8.5111225792827705E-016  -1.1516081948194901E-016   2.1904268167763585        1.0229161623781036E-016  -6.9394360049934711E-016  -9.7983384735890834E-017   9.3487727178025614E-016
   9.9571411783042170E-016  -2.7132272407899598E-004   1.5640580077963281E-015  -8.4193487364780728E-016   7.4742880277636659E-016   9.3566856093137520E-004  -1.5626099677498693E-015  -3.6817888077216699E-016  -7.6018511399893268E-016  -2.5002240689219221E-003   1.1890744483050537E-015   7.3028987971728497E-016  -4.8210616610520375E-016 -0.64586469605504748        1.1133443410357886E-015  -9.1719811571520214E-016   1.0229161623781036E-016   2.1904268167763572       -1.5021430517373532E-016  -2.7808834602321630E-016  -2.3980218012790549E-016
  -3.5865837999739014E-016  -1.5436503011366552E-015  -2.7132272408191417E-004   1.0291172571743006E-015   1.0648890271947183E-016   2.8390436884655873E-015   9.3566856093392665E-004   9.7151754824253081E-016  -5.0617841894969734E-017  -1.8012986327764659E-015  -2.5002240689238051E-003  -1.8512307429881796E-015   1.1184765136632024E-015  -5.3809123227045036E-016 -0.64586469605504504        8.1246525308157837E-016  -6.9394360049934711E-016  -1.5021430517373532E-016   2.1904268167763541       -2.0095446868557798E-015   5.9336953130643057E-016
   1.9419138634427161E-017   1.5931703458709690E-016  -1.3289375577872709E-015   6.6772165335605739E-003  -1.2943010376781220E-016  -1.2496203700814823E-015   2.6454810596747538E-015   4.2994068824242844E-002   4.7845273586597483E-016   1.0719487086442672E-015  -3.2111721910357823E-015   2.0041382447500505E-002  -3.8624022247103061E-016   3.9159954808760669E-016   9.9427416023089330E-017  0.85280651927510287       -9.7983384735890834E-017  -2.7808834602321630E-016  -2.0095446868557798E-015   2.4647203309986674      -0.64783910160075708     
   1.7297897099519419E-015  -8.1544041494484267E-016  -1.4153875548516777E-015  -1.5921899819213211E-003  -6.0386307564914344E-016   2.1313697018517388E-015   2.6591411208703509E-015  -1.1904852831426943E-002  -5.8360523068985985E-016  -1.5600604903396743E-015  -1.4017267743357685E-015  -3.5721605772243152E-003  -5.8766235797893919E-016  -5.4235089531010385E-016  -9.1898234168256494E-016 -0.19557589443053766        9.3487727178025614E-016  -2.3980218012790549E-016   5.9336953130643057E-016 -0.64783910160075708        2.1707079883385654     
