   2.1522370327747209E-005  -5.0804512984577390E-018  -6.7086150544044466E-018  -1.5841412864717791E-017  -6.2782678715201198E-005   7.4994626245058749E-018   1.9647103617425694E-017  -1.0939058328014369E-016   1.5776578721139110E-004  -1.0977211161087076E-017  -3.9709092699172217E-017  -1.3064063245797701E-016   6.5279398833796038E-003  -2.9617322269958334E-016  -1.4935192604088469E-015  -1.0740885799035571E-015  -6.9857980213686064E-016
  -5.0804512984577390E-018   2.1522370327791485E-005  -3.2341634917255510E-019   3.7475846626608972E-017   1.4062115081154887E-017  -6.2782678715278732E-005   8.9045529720192942E-018   5.2511005734921521E-016  -3.0471959819456292E-017   1.5776578721155856E-004  -2.7369648710577860E-017   5.7473547682622421E-016  -1.2420808023429111E-015   6.5279398833863068E-003  -1.2799510101399402E-015   2.2999025376715903E-016   7.0672372940158490E-016
  -6.7086150544044466E-018  -3.2341634917255510E-019   2.1522370327752118E-005  -1.1438302068056875E-017   1.3520428153904648E-017  -4.9112479886421935E-018  -6.2782678715215469E-005  -1.5051923296269080E-016  -2.1358519754529587E-017   2.4537498925662780E-017   1.5776578721142526E-004  -1.7466181172985342E-016  -5.3967019763708343E-016   1.1798439977522173E-015   6.5279398833803489E-003   7.4128992890756165E-017   9.1508181386218286E-016
  -1.5841412864717791E-017   3.7475846626608972E-017  -1.1438302068056875E-017   9.2906126158419930E-004   4.1799821523679049E-017  -4.6656713688262399E-017   2.7454292645974549E-017   2.2749666021587279E-002  -8.9047809877908047E-017   1.1454958385010197E-016  -2.9951300553839451E-017   2.2531769884636260E-002  -3.4360117864286134E-015   4.5963148921885272E-015  -1.3156856312661867E-015  -1.0668293361376868E-002   8.8995441048677541E-004
  -6.2782678715201198E-005   1.4062115081154887E-017   1.3520428153904648E-017   4.1799821523679049E-017   1.8314268766086972E-004  -1.9665403463364320E-017  -3.9666295356555509E-017   1.9586113830463655E-016  -4.6021690826376265E-004   2.6465015041368651E-017   7.1492408465187047E-017   2.5720402945994329E-016  -1.9042584349642521E-002   6.3405053607370578E-016   2.5219486973749022E-015   1.5959763690869235E-015   1.4281491711430866E-015
   7.4994626245058749E-018  -6.2782678715278732E-005  -4.9112479886421935E-018  -4.6656713688262399E-017  -1.9665403463364320E-017   1.8314268766094532E-004  -8.8967460413978122E-018   1.7955105455271519E-017   3.5226617968648693E-017  -4.6021690826387275E-004   3.6923039673541777E-017  -1.4304572157807922E-016   1.4028323561991675E-015  -1.9042584349646421E-002   1.9579506447753238E-015  -6.1666139914454167E-016  -1.1976598128781281E-015
   1.9647103617425694E-017   8.9045529720192942E-018  -6.2782678715215469E-005   2.7454292645974549E-017  -3.9666295356555509E-017  -8.8967460413978122E-018   1.8314268766091119E-004   3.2134722304861962E-016   6.2872620690845340E-017  -1.3220558069555295E-017  -4.6021690826386196E-004   3.7765070864123817E-016   1.5977647864413483E-015  -1.0270273426667210E-015  -1.9042584349644679E-002  -2.0402157660664771E-015  -4.8512247991667975E-016
  -1.0939058328014369E-016   5.2511005734921521E-016  -1.5051923296269080E-016   2.2749666021587279E-002   1.9586113830463655E-016   1.7955105455271519E-017   3.2134722304861962E-016  0.55754594548356473       -4.4692735789418709E-017  -1.5129898227998307E-016   1.1995855661327463E-016  0.55206553077170317        4.8591399265368583E-015  -1.0275560885522286E-014   2.7571774695655996E-015 -0.26149046795837694        5.2853858051961786E-002
   1.5776578721139110E-004  -3.0471959819456292E-017  -2.1358519754529587E-017  -8.9047809877908047E-017  -4.6021690826376265E-004   3.5226617968648693E-017   6.2872620690845340E-017  -4.4692735789418709E-017   1.1564731595729971E-003  -3.0844909915057303E-017  -8.7167287926393854E-017  -2.0548192627828028E-016   4.7851865704692575E-002  -1.1783371790786099E-016  -2.5105795829288385E-015  -6.7109840230124274E-016  -8.0372914466132644E-016
  -1.0977211161087076E-017   1.5776578721155856E-004   2.4537498925662780E-017   1.1454958385010197E-016   2.6465015041368651E-017  -4.6021690826387275E-004  -1.3220558069555295E-017  -1.5129898227998307E-016  -3.0844909915057303E-017   1.1564731595730729E-003  -3.3822488805006926E-018   2.6220356505168247E-016  -1.1386922254988472E-015   4.7851865704694067E-002  -1.2209196429194529E-015   6.3006673569836722E-016   6.4031430240876859E-016
  -3.9709092699172217E-017  -2.7369648710577860E-017   1.5776578721142526E-004  -2.9951300553839451E-017   7.1492408465187047E-017   3.6923039673541777E-017  -4.6021690826386196E-004   1.1995855661327463E-016  -8.7167287926393854E-017  -3.3822488805006926E-018   1.1564731595732341E-003  -3.4256971433035825E-017  -1.0844675055562318E-015   1.0662243216965055E-015   4.7851865704697481E-002   1.6009081945064866E-015   1.5181253416279386E-016
  -1.3064063245797701E-016   5.7473547682622421E-016  -1.7466181172985342E-016   2.2531769884636260E-002   2.5720402945994329E-016  -1.4304572157807922E-016   3.7765070864123817E-016  0.55206553077170317       -2.0548192627828028E-016   2.6220356505168247E-016  -3.4256971433035825E-017  0.54671244193786550       -1.9206510991859271E-015   6.9105987918325785E-015  -3.7691493145612989E-015 -0.25060113813631307        4.1327708728350523E-002
   6.5279398833796038E-003  -1.2420808023429111E-015  -5.3967019763708343E-016  -3.4360117864286134E-015  -1.9042584349642521E-002   1.4028323561991675E-015   1.5977647864413483E-015   4.8591399265368583E-015   4.7851865704692575E-002  -1.1386922254988472E-015  -1.0844675055562318E-015  -1.9206510991859271E-015   1.9799863338509240        8.1747488552691427E-016   4.8450453989535430E-016  -6.8605104834703465E-016  -2.3540855195898768E-017
  -2.9617322269958334E-016   6.5279398833863068E-003   1.1798439977522173E-015   4.5963148921885272E-015   6.3405053607370578E-016  -1.9042584349646421E-002  -1.0270273426667210E-015  -1.0275560885522286E-014  -1.1783371790786099E-016   4.7851865704694067E-002   1.0662243216965055E-015   6.9105987918325785E-015   8.1747488552691427E-016   1.9799863338509176       -6.1017543014768593E-016   3.5997483117534460E-016   4.5229545293999782E-016
  -1.4935192604088469E-015  -1.2799510101399402E-015   6.5279398833803489E-003  -1.3156856312661867E-015   2.5219486973749022E-015   1.9579506447753238E-015  -1.9042584349644679E-002   2.7571774695655996E-015  -2.5105795829288385E-015  -1.2209196429194529E-015   4.7851865704697481E-002  -3.7691493145612989E-015   4.8450453989535430E-016  -6.1017543014768593E-016   1.9799863338509245       -5.9690845188360569E-017   4.5025972505186809E-016
  -1.0740885799035571E-015   2.2999025376715903E-016   7.4128992890756165E-017  -1.0668293361376868E-002   1.5959763690869235E-015  -6.1666139914454167E-016  -2.0402157660664771E-015 -0.26149046795837694       -6.7109840230124274E-016   6.3006673569836722E-016   1.6009081945064866E-015 -0.25060113813631307       -6.8605104834703465E-016   3.5997483117534460E-016  -5.9690845188360569E-017   2.2395884984382737      -0.52793654817298930     
  -6.9857980213686064E-016   7.0672372940158490E-016   9.1508181386218286E-016   8.8995441048677541E-004   1.4281491711430866E-015  -1.1976598128781281E-015  -4.8512247991667975E-016   5.2853858051961786E-002  -8.0372914466132644E-016   6.4031430240876859E-016   1.5181253416279386E-016   4.1327708728350523E-002  -2.3540855195898768E-017   4.5229545293999782E-016   4.5025972505186809E-016 -0.52793654817298930        2.1246106871233961     
