   1.6830957166961074E-002   1.0843652263278554E-016  -3.4966790612076920E-017  -2.7744781047714165E-017   5.8811935255247381E-002   1.3189361779933435E-016  -3.5996359159467043E-017  -2.5963281906966855E-016   8.0233129593212049E-002   1.8493609150582132E-016  -8.5291982623770121E-017  -3.3900901089965897E-016  -1.6611288418404342E-015
   1.0843652263278554E-016   1.6830957166961709E-002  -1.2532021861216706E-016   4.1203355665685910E-017   2.1582103034507955E-016   5.8811935255248138E-002  -3.0639214581261493E-016   3.5712274292202503E-016   2.8281583075873859E-016   8.0233129593213548E-002  -4.0343501651364418E-016   3.7184300286498567E-016  -8.8366988088018491E-016
  -3.4966790612076920E-017  -1.2532021861216706E-016   1.6830957166961490E-002  -3.7280588283899285E-018  -7.4876018471387724E-017  -6.9175486736365975E-017   5.8811935255248048E-002   6.2716943381012737E-016  -9.9627168223102738E-017  -1.5827996465572694E-016   8.0233129593212951E-002   6.7134373790975851E-016  -2.3160449901785464E-015
  -2.7744781047714165E-017   4.1203355665685910E-017  -3.7280588283899285E-018   1.1725992948285182E-004  -8.9222664263680534E-017   1.7633522922189809E-016   3.7409648538025780E-017  -7.9087310990676660E-003  -1.3127273795888713E-016   2.2973677539387347E-016   3.7261117082637616E-017  -7.9430267517905523E-003   7.9471603536417496E-003
   5.8811935255247381E-002   2.1582103034507955E-016  -7.4876018471387724E-017  -8.9222664263680534E-017  0.20550487379630850       -1.0899111745499856E-016   3.9527639516570153E-017  -1.6220014549811794E-016  0.28035634433343648       -1.3120540352969179E-016  -7.2516184680337182E-017  -2.1034640399014184E-016   1.8249629071625662E-015
   1.3189361779933435E-016   5.8811935255248138E-002  -6.9175486736365975E-017   1.7633522922189809E-016  -1.0899111745499856E-016  0.20550487379630608        2.1781621645233853E-016  -5.2060305642847728E-016  -1.8927798239344645E-016  0.28035634433343481        3.4801534484068923E-016  -4.0293173090412340E-016   1.4291624445377909E-015
  -3.5996359159467043E-017  -3.0639214581261493E-016   5.8811935255248048E-002   3.7409648538025780E-017   3.9527639516570153E-017   2.1781621645233853E-016  0.20550487379630811       -1.7467223091948856E-016   6.2727871941863837E-017   7.3847720473418391E-017  0.28035634433343593        1.5426897124022947E-016   1.1376221751078745E-015
  -2.5963281906966855E-016   3.5712274292202503E-016   6.2716943381012737E-016  -7.9087310990676660E-003  -1.6220014549811794E-016  -5.2060305642847728E-016  -1.7467223091948856E-016  0.58265723823462634       -8.1545681915778909E-017  -3.3815995944401282E-016   1.7878784811270564E-016  0.59397365047619388      -0.25962153011760480     
   8.0233129593212049E-002   2.8281583075873859E-016  -9.9627168223102738E-017  -1.3127273795888713E-016  0.28035634433343648       -1.8927798239344645E-016   6.2727871941863837E-017  -8.1545681915778909E-017  0.38247112273314993       -2.3436724024168628E-016  -8.6915744783657330E-017  -2.3667917027268415E-016  -9.8945529514860598E-016
   1.8493609150582132E-016   8.0233129593213548E-002  -1.5827996465572694E-016   2.2973677539387347E-016  -1.3120540352969179E-016  0.28035634433343481        7.3847720473418391E-017  -3.3815995944401282E-016  -2.3436724024168628E-016  0.38247112273314993        1.7012487339013248E-016  -2.3992892567956465E-016  -7.9365309771454790E-016
  -8.5291982623770121E-017  -4.0343501651364418E-016   8.0233129593212951E-002   3.7261117082637616E-017  -7.2516184680337182E-017   3.4801534484068923E-016  0.28035634433343593        1.7878784811270564E-016  -8.6915744783657330E-017   1.7012487339013248E-016  0.38247112273314915        5.3796923037144944E-016  -2.2548787018112021E-015
  -3.3900901089965897E-016   3.7184300286498567E-016   6.7134373790975851E-016  -7.9430267517905523E-003  -2.1034640399014184E-016  -4.0293173090412340E-016   1.5426897124022947E-016  0.59397365047619388       -2.3667917027268415E-016  -2.3992892567956465E-016   5.3796923037144944E-016  0.60694617937567819      -0.21141424269161713     
  -1.6611288418404342E-015  -8.8366988088018491E-016  -2.3160449901785464E-015   7.9471603536417496E-003   1.8249629071625662E-015   1.4291624445377909E-015   1.1376221751078745E-015 -0.25962153011760480       -9.8945529514860598E-016  -7.9365309771454790E-016  -2.2548787018112021E-015 -0.21141424269161713        2.0898327858357351     
