   2.8720719581739699E-007   2.6849494216361150E-019   2.1661440335565768E-019  -1.8173248554811339E-016  -1.1330836801989717E-006  -1.2685118504660486E-018   4.3307578960651369E-019  -6.6798920146190301E-016  -3.2460628793057768E-016   7.0188394492269319E-006   7.9718872439871623E-018  -3.3490103594948979E-018   7.5662533321884718E-004   8.5414935494484206E-016  -3.7272676014450407E-016  -5.6309527075037108E-016   1.2753187140006515E-015
   2.6849494216361150E-019   2.8720719581400690E-007   1.5662703672783139E-019   8.6983920258544238E-018  -6.5553255716827928E-023  -1.1330836801900129E-006   8.0840836893662453E-019   1.7573936322251041E-017   1.9481102327150952E-017  -1.3229150265996539E-018   7.0188394491852977E-006  -5.1453158035642297E-018  -1.4682016226320669E-016   7.5662533321438114E-004  -4.9134786466000960E-016  -9.2786054136137607E-016   2.9325584037354444E-016
   2.1661440335565768E-019   1.5662703672783139E-019   2.8720719581685584E-007   1.0147465843987275E-017  -1.0032189157698017E-018  -3.2192571800978482E-019  -1.1330836801976271E-006   7.0600680886469184E-017   7.9835219598203859E-018   8.2038111553953896E-018   7.3840734105965236E-018   7.0188394492207773E-006   9.4267543426550325E-016   9.0380724960304094E-016   7.5662533321813367E-004   2.6536312882508132E-015  -2.0128800708120344E-016
  -1.8173248554811339E-016   8.6983920258544238E-018   1.0147465843987275E-017   2.8578398889851756E-002   1.4509817637959556E-016  -1.0423368929721460E-017   1.2598082691244082E-016  0.10376057017912611        5.1181494987466179E-002   1.6428783548479494E-017  -6.6201167963814673E-018   3.7994432273145161E-017  -1.0231052291282892E-016   9.0440007252374989E-016   6.0376152016703123E-016  -3.4999753684910234E-002   5.8017633845515665E-003
  -1.1330836801989717E-006  -6.5553255716827928E-023  -1.0032189157698017E-018   1.4509817637959556E-016   4.4702174772442714E-006   8.2579256147984005E-019  -1.1221641403578336E-018   5.4181699642033809E-016   2.5813478985119139E-016  -2.7690575130687738E-005  -5.5656545594707463E-018   9.5800312451694261E-018  -2.9850220662314421E-003  -5.7940388122679467E-016   1.0789024196834323E-015   1.3077119644020779E-015  -1.3988421907650145E-015
  -1.2685118504660486E-018  -1.1330836801900129E-006  -3.2192571800978482E-019  -1.0423368929721460E-017   8.2579256147984005E-019   4.4702174772263464E-006  -4.3570721334077770E-018  -4.5779726878358811E-017  -1.5076465550118828E-017   1.0540051687423698E-019  -2.7690575130631390E-005   2.7532810086404083E-017   2.7975122585090294E-017  -2.9850220662254547E-003   2.7182336010058317E-015  -1.1451239181145156E-015  -3.6360626094830240E-016
   4.3307578960651369E-019   8.0840836893662453E-019  -1.1330836801976271E-006   1.2598082691244082E-016  -1.1221641403578336E-018  -4.3570721334077770E-018   4.4702174772420835E-006   4.2841631766418980E-016   2.3239319023940665E-016  -8.9739315051253361E-019   5.7255117623398824E-018  -2.7690575130682768E-005  -3.2678591985563996E-016   1.9187599126135250E-016  -2.9850220662307088E-003  -2.9871701969747061E-015   1.6698759285018460E-015
  -6.6798920146190301E-016   1.7573936322251041E-017   7.0600680886469184E-017  0.10376057017912611        5.4181699642033809E-016  -4.5779726878358811E-017   4.2841631766418980E-016  0.37709385663060546       0.18571563562366175        6.8615819549469970E-017  -4.6031110959013645E-017   9.7386445856512892E-017   1.7907992096868029E-015  -2.0924282572538449E-015  -2.5152049070810236E-015  -9.9401501848633195E-002   1.7048215303458156E-002
  -3.2460628793057768E-016   1.9481102327150952E-017   7.9835219598203859E-018   5.1181494987466179E-002   2.5813478985119139E-016  -1.5076465550118828E-017   2.3239319023940665E-016  0.18571563562366175        9.1697205712262461E-002   1.6951286248303502E-017  -1.0612860215775858E-017   8.5913511686213662E-017  -1.8984525306840176E-015   2.8008544987101609E-015   2.9990708805896841E-015  -7.0857021133519174E-002   9.5555277168876598E-003
   7.0188394492269319E-006  -1.3229150265996539E-018   8.2038111553953896E-018   1.6428783548479494E-017  -2.7690575130687738E-005   1.0540051687423698E-019  -8.9739315051253361E-019   6.8615819549469970E-017   1.6951286248303502E-017   1.7152810908451532E-004   2.1365717466629714E-018  -1.0725328047119720E-017   1.8490594297147608E-002   1.0290529160809610E-016  -1.4422582988225070E-015  -8.5077487238245236E-016   3.3151330935662553E-017
   7.9718872439871623E-018   7.0188394491852977E-006   7.3840734105965236E-018  -6.6201167963814673E-018  -5.5656545594707463E-018  -2.7690575130631390E-005   5.7255117623398824E-018  -4.6031110959013645E-017  -1.0612860215775858E-017   2.1365717466629714E-018   1.7152810908450502E-004  -3.8830706763268764E-017   1.2741187383118413E-016   1.8490594297147039E-002  -2.6386584025617568E-015   1.9918047637970018E-015   9.9593775279989058E-016
  -3.3490103594948979E-018  -5.1453158035642297E-018   7.0188394492207773E-006   3.7994432273145161E-017   9.5800312451694261E-018   2.7532810086404083E-017  -2.7690575130682768E-005   9.7386445856512892E-017   8.5913511686213662E-017  -1.0725328047119720E-017  -3.8830706763268764E-017   1.7152810908453771E-004   2.6883872833785832E-016  -1.5512324226790025E-015   1.8490594297148798E-002   2.9994590732131464E-016  -1.0485292246405853E-015
   7.5662533321884718E-004  -1.4682016226320669E-016   9.4267543426550325E-016  -1.0231052291282892E-016  -2.9850220662314421E-003   2.7975122585090294E-017  -3.2678591985563996E-016   1.7907992096868029E-015  -1.8984525306840176E-015   1.8490594297147608E-002   1.2741187383118413E-016   2.6883872833785832E-016   1.9932714193989376       -3.9471735342050304E-019  -1.8582141034229060E-015  -9.3188161758165918E-017  -1.8688521037691421E-017
   8.5414935494484206E-016   7.5662533321438114E-004   9.0380724960304094E-016   9.0440007252374989E-016  -5.7940388122679467E-016  -2.9850220662254547E-003   1.9187599126135250E-016  -2.0924282572538449E-015   2.8008544987101609E-015   1.0290529160809610E-016   1.8490594297147039E-002  -1.5512324226790025E-015  -3.9471735342050304E-019   1.9932714193989345       -4.2815143791452570E-016  -1.4790646351183161E-015  -4.8280761223873655E-016
  -3.7272676014450407E-016  -4.9134786466000960E-016   7.5662533321813367E-004   6.0376152016703123E-016   1.0789024196834323E-015   2.7182336010058317E-015  -2.9850220662307088E-003  -2.5152049070810236E-015   2.9990708805896841E-015  -1.4422582988225070E-015  -2.6386584025617568E-015   1.8490594297148798E-002  -1.8582141034229060E-015  -4.2815143791452570E-016   1.9932714193989340        1.5478054647781769E-015   5.8115750924337552E-016
  -5.6309527075037108E-016  -9.2786054136137607E-016   2.6536312882508132E-015  -3.4999753684910234E-002   1.3077119644020779E-015  -1.1451239181145156E-015  -2.9871701969747061E-015  -9.9401501848633195E-002  -7.0857021133519174E-002  -8.5077487238245236E-016   1.9918047637970018E-015   2.9994590732131464E-016  -9.3188161758165918E-017  -1.4790646351183161E-015   1.5478054647781769E-015   2.1468755218455264      -0.49332872410858203     
   1.2753187140006515E-015   2.9325584037354444E-016  -2.0128800708120344E-016   5.8017633845515665E-003  -1.3988421907650145E-015  -3.6360626094830240E-016   1.6698759285018460E-015   1.7048215303458156E-002   9.5555277168876598E-003   3.3151330935662553E-017   9.9593775279989058E-016  -1.0485292246405853E-015  -1.8688521037691421E-017  -4.8280761223873655E-016   5.8115750924337552E-016 -0.49332872410858203        2.1134491000297726     
