   2.9853242107555820E-002  -6.6891516505493040E-017   1.2105875249647913E-016  -3.7179326555928417E-016   6.0843628525541545E-002  -1.1030676834732553E-016   1.8628480149851063E-016  -1.4291198248536399E-016   7.4784988067187280E-002  -6.7131410394728887E-017   2.2119549603016512E-016  -1.2636629733876132E-015  -2.0522463804946933E-002   1.5288714763787984E-015   2.5571785270101392E-016  -3.9139857284664143E-016  -1.3012496278356389E-015
  -6.6891516505493040E-017   2.9853242107555286E-002   7.4250923933061513E-017   1.8340319823009705E-016   3.7148277369889485E-017   6.0843628525541114E-002   2.7119830020561231E-016   5.3344959741538253E-016  -1.4954826044741358E-017   7.4784988067186656E-002   2.9395252509919577E-016   1.5039402530877898E-015  -9.0803172495998480E-016  -2.0522463804948241E-002  -3.2094693132096650E-016  -7.9815987089773590E-016  -1.2413041436577428E-016
   1.2105875249647913E-016   7.4250923933061513E-017   2.9853242107556351E-002   3.0961147838204332E-016  -1.6094464621111010E-017  -1.1085566105169024E-016   6.0843628525541864E-002   7.1893768879455321E-016   9.3580260396840015E-017  -3.3668293481101192E-017   7.4784988067188141E-002   1.9401513937690022E-015   7.6014083116056438E-016   7.3724172777127655E-017  -2.0522463804946382E-002  -6.6567096458770496E-016   5.3194279539205197E-015
  -3.7179326555928417E-016   1.8340319823009705E-016   3.0961147838204332E-016   1.1943188186111983E-005  -7.1048192461814725E-016   3.5917739713440801E-016   7.3735662383995926E-016   4.3725208787968813E-004  -9.6698506456317563E-016   4.6692144907969893E-016   7.1150362785128150E-016   9.5861869182302677E-004  -2.6735123759359830E-015   8.2241750172428952E-016  -5.7872258832255062E-015   3.7038585298163960E-003  -3.4886652467692979E-003
   6.0843628525541545E-002   3.7148277369889485E-017  -1.6094464621111010E-017  -7.1048192461814725E-016  0.12453755842026411        1.3896622324344772E-016  -9.9198651994125995E-017   4.0921484768094271E-016  0.15198948942126689        2.3103664713607866E-016  -1.9737301450753710E-016  -1.0785928666969951E-015  -7.4372201871504451E-002  -2.2931405343660438E-016  -1.8723419424153584E-015   1.2915412600147315E-016   1.0118120028819171E-015
  -1.1030676834732553E-016   6.0843628525541114E-002  -1.1085566105169024E-016   3.5917739713440801E-016   1.3896622324344772E-016  0.12453755842026452       -2.6646036108264324E-017  -1.1572227209321052E-015   1.4116850284031660E-016  0.15198948942126717        3.0272105400973037E-017  -1.1882480790457184E-015   7.1572709973428209E-016  -7.4372201871505617E-002   1.4599502230522479E-015   1.9041526085154130E-015  -2.3092818784735944E-015
   1.8628480149851063E-016   2.7119830020561231E-016   6.0843628525541864E-002   7.3735662383995926E-016  -9.9198651994125995E-017  -2.6646036108264324E-017  0.12453755842026326       -1.5204646088228606E-015   3.4866809842892694E-017   2.9159037947619483E-016  0.15198948942126667       -1.3119052296245404E-015   6.7332667739102128E-016   8.3730592087886770E-016  -7.4372201871506269E-002   3.1136879935587583E-016  -6.2754826187069208E-015
  -1.4291198248536399E-016   5.3344959741538253E-016   7.1893768879455321E-016   4.3725208787968813E-004   4.0921484768094271E-016  -1.1572227209321052E-015  -1.5204646088228606E-015  0.27414086693993572        1.2130740127116678E-015  -3.9629074759974529E-016  -1.6300014495398383E-016  0.52701617612893670        3.3900848168355274E-015  -8.5821946811790821E-017   7.4086870567272100E-015 -0.24445849323372945        5.9098576079517441E-002
   7.4784988067187280E-002  -1.4954826044741358E-017   9.3580260396840015E-017  -9.6698506456317563E-016  0.15198948942126689        1.4116850284031660E-016   3.4866809842892694E-017   1.2130740127116678E-015  0.18768865263650025        1.7550498844307464E-016  -1.2661935980664834E-017  -2.4422024397818266E-016  -2.5192383718682841E-002  -6.8283433987963334E-016   3.3441679556115463E-016   3.2813082947923379E-016   4.1710717190940980E-018
  -6.7131410394728887E-017   7.4784988067186656E-002  -3.3668293481101192E-017   4.6692144907969893E-016   2.3103664713607866E-016  0.15198948942126717        2.9159037947619483E-016  -3.9629074759974529E-016   1.7550498844307464E-016  0.18768865263650081        9.6159128856825845E-017   4.0745532229309635E-016  -8.5195985556416312E-016  -2.5192383718677262E-002  -3.6560386928804810E-015  -3.8235135830778893E-016   1.1798581297958516E-015
   2.2119549603016512E-016   2.9395252509919577E-016   7.4784988067188141E-002   7.1150362785128150E-016  -1.9737301450753710E-016   3.0272105400973037E-017  0.15198948942126667       -1.6300014495398383E-016  -1.2661935980664834E-017   9.6159128856825845E-017  0.18768865263650122        9.2732852573793845E-016  -7.1901055236823422E-016  -3.6681579079408975E-015  -2.5192383718681675E-002   1.1617382338941337E-015   4.2569477946011514E-015
  -1.2636629733876132E-015   1.5039402530877898E-015   1.9401513937690022E-015   9.5861869182302677E-004  -1.0785928666969951E-015  -1.1882480790457184E-015  -1.3119052296245404E-015  0.52701617612893670       -2.4422024397818266E-016   4.0745532229309635E-016   9.2732852573793845E-016   1.0144236305992458       -2.1540531729170631E-015  -1.4219477673873707E-015  -6.1277938073742641E-015 -0.42241853945031110        8.1801856629124009E-002
  -2.0522463804946933E-002  -9.0803172495998480E-016   7.6014083116056438E-016  -2.6735123759359830E-015  -7.4372201871504451E-002   7.1572709973428209E-016   6.7332667739102128E-016   3.3900848168355274E-015  -2.5192383718682841E-002  -8.5195985556416312E-016  -7.1901055236823422E-016  -2.1540531729170631E-015   2.0025022282012630        6.8370692498746331E-016   5.7626418376004383E-016  -2.2849858311156222E-016  -8.7375105033869887E-017
   1.5288714763787984E-015  -2.0522463804948241E-002   7.3724172777127655E-017   8.2241750172428952E-016  -2.2931405343660438E-016  -7.4372201871505617E-002   8.3730592087886770E-016  -8.5821946811790821E-017  -6.8283433987963334E-016  -2.5192383718677262E-002  -3.6681579079408975E-015  -1.4219477673873707E-015   6.8370692498746331E-016   2.0025022282012639        3.0128549711134467E-015  -6.2923889294652470E-016  -1.3074782991094357E-016
   2.5571785270101392E-016  -3.2094693132096650E-016  -2.0522463804946382E-002  -5.7872258832255062E-015  -1.8723419424153584E-015   1.4599502230522479E-015  -7.4372201871506269E-002   7.4086870567272100E-015   3.3441679556115463E-016  -3.6560386928804810E-015  -2.5192383718681675E-002  -6.1277938073742641E-015   5.7626418376004383E-016   3.0128549711134467E-015   2.0025022282012750        3.7685276685312567E-016  -8.5170572399696836E-016
  -3.9139857284664143E-016  -7.9815987089773590E-016  -6.6567096458770496E-016   3.7038585298163960E-003   1.2915412600147315E-016   1.9041526085154130E-015   3.1136879935587583E-016 -0.24445849323372945        3.2813082947923379E-016  -3.8235135830778893E-016   1.1617382338941337E-015 -0.42241853945031110       -2.2849858311156222E-016  -6.2923889294652470E-016   3.7685276685312567E-016   2.3230010459055732      -0.57717564245562902     
  -1.3012496278356389E-015  -1.2413041436577428E-016   5.3194279539205197E-015  -3.4886652467692979E-003   1.0118120028819171E-015  -2.3092818784735944E-015  -6.2754826187069208E-015   5.9098576079517441E-002   4.1710717190940980E-018   1.1798581297958516E-015   4.2569477946011514E-015   8.1801856629124009E-002  -8.7375105033869887E-017  -1.3074782991094357E-016  -8.5170572399696836E-016 -0.57717564245562902        2.1434185407335749     
