$ECP
Ca-Spin-Orbit-ECP 10 4
!@Citation J. Chem. Phys. 124, 034107 (2006); doi: 10.1063/1.2148945
2 ---S block---
  138.832728745                     2    10.556058402
   16.754824599                     2     5.293154907
4 ---P block---
   55.297862576    55.297862576     2    12.878516057
   27.661607610   -55.323215220     2    12.714571445
    4.210974307    -8.421948614     2     4.147923622
    7.627482586     7.627482586     2     3.841287457
4 ---D block---
   -9.735555558    -6.490370372     2    13.698165108
   -6.490621584     6.490621584     2    13.696151450
   -0.765184799    -0.510123199     2     4.707975898
   -0.514324716     0.514324716     2     4.703264136
2 ---F block---
  -61.616066331   -30.808033166     2    22.000803239
  -14.000148237     9.333432158     2    14.820019137
Cu-Spin-Orbit-ECP 10 4
!@Citation Chem. Phys. 311, 227 (2005); doi: 10.1016/j.chemphys.2004.10.005
2 ---S block---
  355.750512000                     2    30.110543000
   70.930906000                     2    13.076310000
4 ---P block---
  155.927448667   155.927448667     2    32.770339000
   77.969931333  -155.939862667     2    32.692614000
   18.021132333   -36.042264667     2    13.751067000
   36.094372000    36.094372000     2    13.322166000
4 ---D block---
  -18.273361800   -12.182241200     2    39.539788000
  -12.343410000    12.343410000     2    38.996511000
   -0.984704800     0.984704800     2    12.287511000
   -1.318747200    -0.879164800     2    11.459300000
2 ---F block---
   -0.468773143    -0.234386571     2     8.118780000
   -0.227264143     0.151509429     2     6.190102000
Zn-Spin-Orbit-ECP 10 4
!@Citation Chem. Phys. 311, 227 (2005); doi: 10.1016/j.chemphys.2004.10.005
2 ---S block---
  399.986399000                     2    34.174001000
   85.489750000                     2    14.456371000
4 ---P block---
   92.381076667  -184.762153333     2    39.888683000
  184.771176000   184.771176000     2    39.655017000
   23.002540667   -46.005081333     2    15.290546000
   46.057426667    46.057426667     2    14.903524000
4 ---D block---
  -13.690733600    13.690733600     2    43.708296000
  -20.543980200   -13.695986800     2    43.698536000
   -1.838714400    -1.225809600     2    15.282441000
   -1.316153600     1.316153600     2    15.150718000
2 ---F block---
   -1.062943429    -0.531471714     2    12.228422000
   -0.370360286     0.246906857     2     8.160014000
Sr-Spin-Orbit-ECP 28 4
!@Citation J. Chem. Phys. 124, 034107 (2006); doi: 10.1063/1.2148945
2 ---S block---
  135.271042909                     2     6.933460990
   17.944071402                     2     4.114003832
4 ---P block---
   29.438081345   -58.876162690     2     7.216816623
   58.880674863    58.880674863     2     7.173696172
    4.936282692    -9.872565384     2     3.022798817
    9.723352071     9.723352071     2     2.865699030
4 ---D block---
   17.859551440    11.906367627     2     6.391499495
   11.907239187   -11.907239187     2     6.321514600
    2.199180226    -2.199180226     2     1.769726597
    2.893570866     1.929047244     2     1.636771665
2 ---F block---
   -5.509333254     3.672888836     2     4.244198396
   -7.304641693    -3.652320847     2     4.229164471
Ag-Spin-Orbit-ECP 28 4
!@Citation Chem. Phys. 311, 227 (2005); doi: 10.1016/j.chemphys.2004.10.005
2 ---S block---
  255.054771000                     2    12.567714000
   36.983393000                     2     6.997662000
4 ---P block---
   60.715705333  -121.431410667     2    11.316496000
  121.443888667   121.443888667     2    10.958063000
   10.171866333   -20.343732667     2     7.111400000
   20.486564667    20.486564667     2     6.773319000
4 ---D block---
   44.018736000    29.345824000     2    11.102567000
   29.504937600   -29.504937600     2     8.928437000
    5.368333200    -5.368333200     2     5.543212000
    7.408374600     4.938916400     2     3.928835000
2 ---F block---
  -16.764326857    -8.382163429     2    11.019898000
  -12.623403000     8.415602000     2    11.012913000
Cd-Spin-Orbit-ECP 28 4
!@Citation Chem. Phys. 311, 227 (2005); doi: 10.1016/j.chemphys.2004.10.005
2 ---S block---
  270.039448000                     2    13.355176000
   38.877766000                     2     7.308378000
4 ---P block---
   64.607469667  -129.214939333     2    12.659728000
  129.219444667   129.219444667     2    12.289639000
   10.622558000   -21.245116000     2     6.786176000
   21.265046000    21.265046000     2     6.400743000
4 ---D block---
   47.489215800    31.659477200     2    11.219615000
   31.663965200   -31.663965200     2    11.161722000
    5.186200000    -5.186200000     2     4.537733000
    7.566063000     5.044042000     2     4.335727000
2 ---F block---
  -16.760170857    -8.380085429     2    11.487027000
  -12.632785286     8.421856857     2    11.478986000
Ba-Spin-Orbit-ECP 46 5
!@Citation J. Chem. Phys. 124, 034107 (2006); doi: 10.1063/1.2148945
2 ---S block---
   84.785457583                     2     4.177931587
   17.372709041                     2     2.522632800
4 ---P block---
  105.022668647   105.022668647     2     6.476457746
   52.512225743  -105.024451486     2     6.294119351
    8.707014937   -17.414029874     2     2.284326647
   17.165458832    17.165458832     2     2.091555201
4 ---D block---
    5.346535679    -5.346535679     2     1.925291745
    8.025720742     5.350480495     2     1.878534118
    2.063710453     1.375806969     2     0.910060953
    1.346295081    -1.346295081     2     0.907088727
4 ---F block---
  -20.003223472    13.335482315     2     6.256321669
  -26.118214748   -13.059107374     2     6.134135837
   -2.344457989     1.562971993     2     1.641382784
   -2.980867480    -1.490433740     2     1.599343316
2 ---G block---
   -4.275647018    -1.710258807     2     2.159981109
   -3.316602759     1.658301380     2     2.142381001
Au-Spin-Orbit-ECP 60 5
!@Citation Chem. Phys. 311, 227 (2005); doi: 10.1016/j.chemphys.2004.10.005
2 ---S block---
  426.641867000                     2    13.523218000
   36.800668000                     2     6.264384000
4 ---P block---
   87.002090667  -174.004181333     2    11.413867000
  174.004370000   174.004370000     2    10.329215000
    8.870609667   -17.741219333     2     5.707424000
   17.902438000    17.902438000     2     4.828165000
4 ---D block---
   74.684549400    49.789699600     2     8.321990000
   49.883655600   -49.883655600     2     7.430963000
    6.486227200    -6.486227200     2     4.609642000
    9.546820800     6.364547200     2     3.511507000
2 ---F block---
    8.791640143    -5.861093429     2     3.084639000
   11.658456000     5.829228000     2     3.024743000
2 ---G block---
   -6.738141667    -2.695256667     2     4.011491000
   -5.234337333     2.617168667     2     3.978442000
Hg-Spin-Orbit-ECP 60 5
!@Citation Chem. Phys. 311, 227 (2005); doi: 10.1016/j.chemphys.2004.10.005
2 ---S block---
  275.774797000                     2    12.413071000
   49.267898000                     2     6.897913000
4 ---P block---
   80.506983667  -161.013967333     2    11.310320000
  161.034824000   161.034824000     2    10.210773000
    9.083416000   -18.166832000     2     5.939804000
   18.367773333    18.367773333     2     5.019755000
4 ---D block---
   51.137255600   -51.137255600     2     8.407895000
   76.707459000    51.138306000     2     8.214086000
    6.561821200    -6.561821200     2     4.012612000
    9.818070000     6.545380000     2     3.795398000
2 ---F block---
    9.429000857    -6.286000571     2     3.273106000
   12.494856000     6.247428000     2     3.208321000
2 ---G block---
   -8.099863333    -3.239945333     2     4.513200000
   -6.338413778     3.169206889     2     4.485296000
$END
