   2.6522016290307839E-002   2.7777714452839171E-017  -2.5797890064231451E-016  -1.2269588550690348E-016   8.1438593718089286E-002   7.8493896002346149E-017   1.4796456267932816E-018   2.9642642500595249E-017  0.14506073514980769        3.5357745806024622E-017  -3.1431285166338985E-017  -1.3293172456768274E-017  -3.1489166631996031E-002   9.2398705967576413E-018  -3.9316835664523484E-018  -3.4900176748751799E-019
   2.7777714452839171E-017  0.18623402393258121       -8.1918250394856921E-017   9.2803188455707604E-017  -5.7937992184584377E-016  0.14754082933913359       -2.9024995659250084E-018   4.3259666682171350E-017  -6.6246304620182955E-016   8.3093742130886758E-002  -3.0318132625388907E-017   2.0963500755912423E-017   1.5310655878402087E-016   1.7747122677844448E-002  -1.0014470535387605E-017   4.7597604749376509E-018
  -2.5797890064231451E-016  -8.1918250394856921E-017  0.18623402393257993        1.4975542507456686E-017  -4.8439641257704982E-016  -3.0471389119978764E-016  0.14754082933913321        4.1425558007046312E-018  -1.0717716387445347E-015  -1.1431895469322912E-016   8.3093742130886453E-002  -3.1030769678345546E-017   2.2598455142262830E-016  -2.6547565460686358E-017   1.7747122677844413E-002  -4.9794243525922998E-018
  -1.2269588550690348E-016   9.2803188455707604E-017   1.4975542507456686E-017  0.18623402393258084       -2.1404710027599026E-016   5.9757609740159555E-017   1.1956491207989084E-016  0.14754082933913334       -5.2608354693583421E-016   3.7617297876195108E-017   3.4834512300148855E-017   8.3093742130886744E-002   1.0920504561238167E-016   1.0923336887791479E-017   1.2981344605303647E-017   1.7747122677844455E-002
   8.1438593718089286E-002  -5.7937992184584377E-016  -4.8439641257704982E-016  -2.1404710027599026E-016  0.25006562375137698       -2.8555358407648342E-016   2.4835680835234669E-016   2.1991980468004176E-016  0.44542398831983454       -1.8799419735354446E-016   4.0800626815288175E-017   3.1776764536160381E-017  -9.6690742505933860E-002  -3.4967982484130082E-017   1.7254741830300617E-017   1.4433122888391913E-017
   7.8493896002346149E-017  0.14754082933913359       -3.0471389119978764E-016   5.9757609740159555E-017  -2.8555358407648342E-016  0.11688678503751661       -1.9229341968567136E-016   2.3364556817062516E-017  -2.1587029260629705E-016   6.5829644701879464E-002  -1.3102187972445267E-016   1.0467068473537138E-017   5.4229481930875458E-017   1.4059864803331610E-002  -3.0787388878167808E-017   2.4592189901949801E-018
   1.4796456267932816E-018  -2.9024995659250084E-018  0.14754082933913321        1.1956491207989084E-016   2.4835680835234669E-016  -1.9229341968567136E-016  0.11688678503751679        8.8606422546377961E-017   2.7684222196680440E-016  -6.2908572303945453E-017   6.5829644701879506E-002   2.3470718279785162E-017  -6.5380776935101868E-017  -1.5124620306172799E-017   1.4059864803331643E-002   6.3183010978855828E-018
   2.9642642500595249E-017   4.3259666682171350E-017   4.1425558007046312E-018  0.14754082933913334        2.1991980468004176E-016   2.3364556817062516E-017   8.8606422546377961E-017  0.11688678503751644        2.7699870142901423E-016   1.6299172659698671E-017   2.4152862146640618E-017   6.5829644701879464E-002  -6.4086849573300031E-017   5.7699884366962808E-018   9.5486024143977323E-018   1.4059864803331622E-002
  0.14506073514980769       -6.6246304620182955E-016  -1.0717716387445347E-015  -5.2608354693583421E-016  0.44542398831983454       -2.1587029260629705E-016   2.7684222196680440E-016   2.7699870142901423E-016  0.79340185345909875       -1.6997735636555324E-016  -2.0554347408558174E-017  -8.0125533569210024E-018 -0.17222829557500127       -2.7070276575809749E-017   1.0822705332204053E-017   1.1908411466980212E-017
   3.5357745806024622E-017   8.3093742130886758E-002  -1.1431895469322912E-016   3.7617297876195108E-017  -1.8799419735354446E-016   6.5829644701879464E-002  -6.2908572303945453E-017   1.6299172659698671E-017  -1.6997735636555324E-016   3.7074696854608249E-002  -4.8227514917818098E-017   7.6628247294939017E-018   4.1048275508555168E-017   7.9183964574156863E-003  -1.1879495913083689E-017   1.7629579075519463E-018
  -3.1431285166338985E-017  -3.0318132625388907E-017   8.3093742130886453E-002   3.4834512300148855E-017   4.0800626815288175E-017  -1.3102187972445267E-016   6.5829644701879506E-002   2.4152862146640618E-017  -2.0554347408558174E-017  -4.8227514917818098E-017   3.7074696854608229E-002  -1.2835372594060164E-018   1.4853569814348092E-018  -1.1251068052299933E-017   7.9183964574156950E-003   4.6106826762209056E-019
  -1.3293172456768274E-017   2.0963500755912423E-017  -3.1030769678345546E-017   8.3093742130886744E-002   3.1776764536160381E-017   1.0467068473537138E-017   2.3470718279785162E-017   6.5829644701879464E-002  -8.0125533569210024E-018   7.6628247294939017E-018  -1.2835372594060164E-018   3.7074696854608305E-002  -4.8930292895163859E-019   2.9253694555006014E-018   2.1983328424406606E-018   7.9183964574157037E-003
  -3.1489166631996031E-002   1.5310655878402087E-016   2.2598455142262830E-016   1.0920504561238167E-016  -9.6690742505933860E-002   5.4229481930875458E-017  -6.5380776935101868E-017  -6.4086849573300031E-017 -0.17222829557500127        4.1048275508555168E-017   1.4853569814348092E-018  -4.8930292895163859E-019   3.7386584953571916E-002   6.7627226678084894E-018  -2.9850648176295730E-018  -3.0610178345712442E-018
   9.2398705967576413E-018   1.7747122677844448E-002  -2.6547565460686358E-017   1.0923336887791479E-017  -3.4967982484130082E-017   1.4059864803331610E-002  -1.5124620306172799E-017   5.7699884366962808E-018  -2.7070276575809749E-017   7.9183964574156863E-003  -1.1251068052299933E-017   2.9253694555006014E-018   6.7627226678084894E-018   1.6912074211341739E-003  -2.7403456960847410E-018   6.5179185291218344E-019
  -3.9316835664523484E-018  -1.0014470535387605E-017   1.7747122677844413E-002   1.2981344605303647E-017   1.7254741830300617E-017  -3.0787388878167808E-017   1.4059864803331643E-002   9.5486024143977323E-018   1.0822705332204053E-017  -1.1879495913083689E-017   7.9183964574156950E-003   2.1983328424406606E-018  -2.9850648176295730E-018  -2.7403456960847410E-018   1.6912074211341789E-003   6.2659262273136896E-019
  -3.4900176748751799E-019   4.7597604749376509E-018  -4.9794243525922998E-018   1.7747122677844455E-002   1.4433122888391913E-017   2.4592189901949801E-018   6.3183010978855828E-018   1.4059864803331622E-002   1.1908411466980212E-017   1.7629579075519463E-018   4.6106826762209056E-019   7.9183964574157037E-003  -3.0610178345712442E-018   6.5179185291218344E-019   6.2659262273136896E-019   1.6912074211341789E-003
