  0.56950979053391970       0.23969612116247815        4.1111495817114384E-017  -1.0941093870210892E-016  -9.1094167823303431E-017 -0.18573087886333067       -5.2948648106818081E-017  -9.7035161883081168E-017  -2.5354662006870383E-016 -0.11192854105600150        2.9004324071581281E-017  -1.1880011776001628E-016  -1.5750811964082452E-016   5.6461202144032337E-002  -9.8551155277346725E-019   1.0039986464187817E-017   1.5784301251945824E-017
  0.23969612116247815       0.10155737909739836        1.4766477421100636E-016   1.6113858625514147E-016   2.1751797569856621E-016  -5.6964441822565659E-002   1.8204797398821917E-016   1.9307069590515870E-016   2.1757134509672288E-016  -2.3116360202060152E-002   1.4372853491276800E-016   1.6495599481574174E-016   1.8880303933124504E-016   1.0651029825178118E-002  -1.3646184737958092E-017  -1.5330812480235197E-017  -1.7615531265015296E-017
   4.1111495817114384E-017   1.4766477421100636E-016  0.23286757498156119        4.3234086287164547E-016  -2.8240925494405628E-016  -7.7712334593784900E-016  0.29495729007898308       -7.5186032530080715E-017  -3.5986194764098981E-018  -5.3528158258986290E-016  0.22895411609225505       -5.0694921893169883E-018  -1.1795558477314732E-016   3.4017792745892782E-016  -2.1858589173624775E-002   4.0721108939250489E-018   8.5577988592368107E-018
  -1.0941093870210892E-016   1.6113858625514147E-016   4.3234086287164547E-016  0.23286757498155911        5.0011060578781255E-016   1.5557558230456665E-016   4.2333012637875422E-016  0.29495729007898491       -1.6574602010227036E-015   2.1209884177541156E-016   3.3607726248208875E-017  0.22895411609225186       -2.9063734622857435E-016  -1.1186908904070550E-016  -1.5669580128612522E-017  -2.1858589173624553E-002   4.8454068107067797E-017
  -9.1094167823303431E-017   2.1751797569856621E-016  -2.8240925494405628E-016   5.0011060578781255E-016  0.23286757498155747       -2.1097370359396867E-016  -8.9334235606306107E-017   9.7845954549723304E-016  0.29495729007898430        1.1214490152568701E-016  -6.3893177519049570E-017   1.2479576889845288E-015  0.22895411609225291       -1.2817002515438777E-017   3.9887707928491062E-018  -1.1397469866589707E-016  -2.1858589173624644E-002
 -0.18573087886333067       -5.6964441822565659E-002  -7.7712334593784900E-016   1.5557558230456665E-016  -2.1097370359396867E-016  0.72806459031563098        2.8419701688076890E-016  -7.1417293432932268E-016  -2.1565263167813937E-016  0.79169013754125328       -6.5488723366855601E-016   5.1076322016952666E-016  -7.3929151611145668E-017 -0.43114406636455810        4.0698639319606273E-017  -1.7939416655351470E-017   9.8197666535530780E-018
  -5.2948648106818081E-017   1.8204797398821917E-016  0.29495729007898308        4.2333012637875422E-016  -8.9334235606306107E-017   2.8419701688076890E-016  0.37360204819252385       -2.5265806970469623E-016   3.3537358986115724E-016   7.3906886678877346E-016  0.29000038172058823       -1.2862025897467100E-016   1.1445786809657910E-016  -3.4272071078222555E-016  -2.7686766730459032E-002   1.6824403673075354E-017  -1.4351954204709454E-017
  -9.7035161883081168E-017   1.9307069590515870E-016  -7.5186032530080715E-017  0.29495729007898491        9.7845954549723304E-016  -7.1417293432932268E-016  -2.5265806970469623E-016  0.37360204819253173       -1.6623918253649652E-015  -7.5513048298047902E-016  -5.6976518230007767E-016  0.29000038172058856       -2.8917810698380220E-017   4.1748411650428417E-016   3.8613055691771349E-017  -2.7686766730459167E-002   2.8988638865510686E-017
  -2.5354662006870383E-016   2.1757134509672288E-016  -3.5986194764098981E-018  -1.6574602010227036E-015  0.29495729007898430       -2.1565263167813937E-016   3.3537358986115724E-016  -1.6623918253649652E-015  0.37360204819253279        1.7657073454673504E-016   2.6723000101278559E-016  -6.7170770184961105E-016  0.29000038172059134       -3.3960162008812081E-017  -2.8186953613797768E-017   7.0677425044356334E-017  -2.7686766730459417E-002
 -0.11192854105600150       -2.3116360202060152E-002  -5.3528158258986290E-016   2.1209884177541156E-016   1.1214490152568701E-016  0.79169013754125328        7.3906886678877346E-016  -7.5513048298047902E-016   1.7657073454673504E-016  0.87640081548231064       -4.0473490869376509E-016   6.1140801194446943E-016   2.4958211988913903E-016 -0.47805124658090603        1.4256516935745674E-017  -2.3723042192206080E-017  -2.0574745410028732E-017
   2.9004324071581281E-017   1.4372853491276800E-016  0.22895411609225505        3.3607726248208875E-017  -6.3893177519049570E-017  -6.5488723366855601E-016  0.29000038172058823       -5.6976518230007767E-016   2.6723000101278559E-016  -4.0473490869376509E-016  0.22510642488434249       -3.8987232496220936E-016   9.4204251536544707E-017   2.6812454336219768E-016  -2.1491244384999796E-002   4.0749484542983508E-017  -1.1651996980666969E-017
  -1.1880011776001628E-016   1.6495599481574174E-016  -5.0694921893169883E-018  0.22895411609225186        1.2479576889845288E-015   5.1076322016952666E-016  -1.2862025897467100E-016  0.29000038172058856       -6.7170770184961105E-016   6.1140801194446943E-016  -3.8987232496220936E-016  0.22510642488433827        4.5779330958157564E-016  -3.3007767151128001E-016   2.4970213647701554E-017  -2.1491244384999473E-002  -2.3347825434812510E-017
  -1.5750811964082452E-016   1.8880303933124504E-016  -1.1795558477314732E-016  -2.9063734622857435E-016  0.22895411609225291       -7.3929151611145668E-017   1.1445786809657910E-016  -2.8917810698380220E-017  0.29000038172059134        2.4958211988913903E-016   9.4204251536544707E-017   4.5779330958157564E-016  0.22510642488434193       -8.8182810895829011E-017  -1.1069542715421430E-017  -3.8623508773172181E-017  -2.1491244384999813E-002
   5.6461202144032337E-002   1.0651029825178118E-002   3.4017792745892782E-016  -1.1186908904070550E-016  -1.2817002515438777E-017 -0.43114406636455810       -3.4272071078222555E-016   4.1748411650428417E-016  -3.3960162008812081E-017 -0.47805124658090603        2.6812454336219768E-016  -3.3007767151128001E-016  -8.8182810895829011E-017  0.26080108939492963       -1.2286407811091677E-017   1.2587152779487134E-017   6.6347873835646514E-018
  -9.8551155277346725E-019  -1.3646184737958092E-017  -2.1858589173624775E-002  -1.5669580128612522E-017   3.9887707928491062E-018   4.0698639319606273E-017  -2.7686766730459032E-002   3.8613055691771349E-017  -2.8186953613797768E-017   1.4256516935745674E-017  -2.1491244384999796E-002   2.4970213647701554E-017  -1.1069542715421430E-017  -1.2286407811091677E-017   2.0518009890348153E-003  -2.7207426184747174E-018   1.3106064692249434E-018
   1.0039986464187817E-017  -1.5330812480235197E-017   4.0721108939250489E-018  -2.1858589173624553E-002  -1.1397469866589707E-016  -1.7939416655351470E-017   1.6824403673075354E-017  -2.7686766730459167E-002   7.0677425044356334E-017  -2.3723042192206080E-017   4.0749484542983508E-017  -2.1491244384999473E-002  -3.8623508773172181E-017   1.2587152779487134E-017  -2.7207426184747174E-018   2.0518009890347919E-003   1.7437611996507732E-018
   1.5784301251945824E-017  -1.7615531265015296E-017   8.5577988592368107E-018   4.8454068107067797E-017  -2.1858589173624644E-002   9.8197666535530780E-018  -1.4351954204709454E-017   2.8988638865510686E-017  -2.7686766730459417E-002  -2.0574745410028732E-017  -1.1651996980666969E-017  -2.3347825434812510E-017  -2.1491244384999813E-002   6.6347873835646514E-018   1.3106064692249434E-018   1.7437611996507732E-018   2.0518009890348231E-003
