   7.5609576745150731E-002  0.31251395806815235        6.1038195973744810E-002   1.3289688206074958E-017  -9.1728361740617939E-017  -1.1494170017093395E-016  -9.7072368349652910E-002  -1.7341305454662661E-017  -2.7952204910698399E-016  -3.7401501207268260E-016  -6.8885780346652700E-002  -1.1496882527315966E-018  -2.1060486715665931E-016  -2.8203907310538134E-016   1.2703240409582258E-002  -1.0564666571993096E-018  -5.8720651742603442E-017  -7.9058774211674739E-017
  0.31251395806815235        1.2918855717979860       0.25232533336057938       -2.8873620220375742E-017   2.8054762867953369E-016   5.0233405951289247E-016 -0.39340488413621055       -2.8004482075570437E-016   4.9571380831201647E-016   8.5115679015874553E-016 -0.27151131513850635       -1.6743067445320231E-016   4.1476294387828009E-016   7.0604819325658588E-016   4.9615691657486513E-002  -4.9550752502037541E-017   1.1403811405924212E-016   1.9267192859686884E-016
   6.1038195973744810E-002  0.25232533336057938        4.9283097450837920E-002   8.6506263970290684E-017  -1.8091214797162064E-016  -3.2717445019241539E-016  -7.6725512278567262E-002   1.7275846424624161E-016  -4.8473856207695187E-016  -8.8387298136555388E-016  -5.2840998915736306E-002   1.4453366894433885E-016  -3.7217692267071451E-016  -6.8032373252379411E-016   9.6493073827413605E-003   3.9540801427766090E-017  -1.0358059655637948E-016  -1.8959762537561617E-016
   1.3289688206074958E-017  -2.8873620220375742E-017   8.6506263970290684E-017   8.6274072585371134E-002  -2.1855144105055171E-017   7.8378287950045582E-017   1.5752138516446038E-017  0.21298127313189003       -1.9303203241567615E-016   6.5611934423970653E-016   9.9109993763471056E-018  0.16596124449889343       -3.6527110004215477E-016   4.5613444187649259E-016  -5.2945611822551973E-018   4.6088039750214284E-002  -7.3908706845621045E-017   1.2976401815126037E-016
  -9.1728361740617939E-017   2.8054762867953369E-016  -1.8091214797162064E-016  -2.1855144105055171E-017   8.6274072585369899E-002  -8.8198576182274744E-017  -2.0839293397308265E-016   1.0127464730551378E-016  0.21298127313188842       -3.2087047998003219E-016  -7.0887618097275561E-016   1.4289107007001194E-016  0.16596124449889266       -1.7782355584772590E-016   1.4214039025625819E-016   1.5814105125237923E-017   4.6088039750213923E-002  -5.8728182364929623E-017
  -1.1494170017093395E-016   5.0233405951289247E-016  -3.2717445019241539E-016   7.8378287950045582E-017  -8.8198576182274744E-017   8.6274072585373826E-002   3.7588257215705272E-016  -4.7965612330527019E-016   7.1668304700134074E-017  0.21298127313189286        2.5519074429899909E-016  -3.2484179395323368E-016   1.7028157448537413E-016  0.16596124449889676       -6.8333322844177818E-017  -9.3885131873666551E-017   2.6192164553234390E-017   4.6088039750215019E-002
  -9.7072368349652910E-002 -0.39340488413621055       -7.6725512278567262E-002   1.5752138516446038E-017  -2.0839293397308265E-016   3.7588257215705272E-016  0.45616996092060258        4.0237168144549711E-017   5.0817621049293827E-016   3.7169150494337148E-016  0.64853706249759779        2.2664349513661466E-018   3.3163051855870590E-016   4.4422053375868265E-016 -0.13883408335969957        1.2522624608577373E-018   8.5100802573628575E-017   1.0903518346996713E-016
  -1.7341305454662661E-017  -2.8004482075570437E-016   1.7275846424624161E-016  0.21298127313189003        1.0127464730551378E-016  -4.7965612330527019E-016   4.0237168144549711E-017  0.52577815496068614       -9.3336254523844026E-017  -4.2036551106336084E-017  -3.6331366914082398E-017  0.40970173407486360       -6.0312811602652867E-016  -1.6885686506809163E-016   1.7988000826236989E-018  0.11377565806274692       -9.9533147565957930E-017  -3.9254894907553196E-017
  -2.7952204910698399E-016   4.9571380831201647E-016  -4.8473856207695187E-016  -1.9303203241567615E-016  0.21298127313188842        7.1668304700134074E-017   5.0817621049293827E-016  -9.3336254523844026E-017  0.52577815496068558       -7.7689861922164094E-017  -8.9140647825747476E-017   8.5197961966628024E-017  0.40970173407486443        1.1771894494350855E-016  -1.0760905151354001E-017  -3.5260287528301608E-017  0.11377565806274678        9.6193296654935619E-018
  -3.7401501207268260E-016   8.5115679015874553E-016  -8.8387298136555388E-016   6.5611934423970653E-016  -3.2087047998003219E-016  0.21298127313189286        3.7169150494337148E-016  -4.2036551106336084E-017  -7.7689861922164094E-017  0.52577815496068359       -4.2324313626917063E-016   8.8013922999773738E-017   2.2196328976209517E-016  0.40970173407486449        6.4531948684650015E-017   1.5368142278508472E-017   9.5617314250802403E-018  0.11377565806274668     
  -6.8885780346652700E-002 -0.27151131513850635       -5.2840998915736306E-002   9.9109993763471056E-018  -7.0887618097275561E-016   2.5519074429899909E-016  0.64853706249759779       -3.6331366914082398E-017  -8.9140647825747476E-017  -4.2324313626917063E-016   1.0089703862463144       -6.1899087022703441E-017  -1.6911559248794402E-016  -5.6818708409788133E-017 -0.21856320866305357       -1.7064628894973164E-017  -5.9075275967279786E-017  -4.0906596312481961E-017
  -1.1496882527315966E-018  -1.6743067445320231E-016   1.4453366894433885E-016  0.16596124449889343        1.4289107007001194E-016  -3.2484179395323368E-016   2.2664349513661466E-018  0.40970173407486360        8.5197961966628024E-017   8.8013922999773738E-017  -6.1899087022703441E-017  0.31925158799437237       -3.4691081387747011E-016  -3.7471467037109045E-017   8.3625382596481928E-018   8.8657324318279468E-002  -4.3385027558364949E-017  -4.4546521487286929E-018
  -2.1060486715665931E-016   4.1476294387828009E-016  -3.7217692267071451E-016  -3.6527110004215477E-016  0.16596124449889266        1.7028157448537413E-016   3.3163051855870590E-016  -6.0312811602652867E-016  0.40970173407486443        2.2196328976209517E-016  -1.6911559248794402E-016  -3.4691081387747011E-016  0.31925158799437398        3.1186567271777212E-016   1.3189353866149979E-017  -1.4224901909599237E-016   8.8657324318279621E-002   6.8627032903017115E-017
  -2.8203907310538134E-016   7.0604819325658588E-016  -6.8032373252379411E-016   4.5613444187649259E-016  -1.7782355584772590E-016  0.16596124449889676        4.4422053375868265E-016  -1.6885686506809163E-016   1.1771894494350855E-016  0.40970173407486449       -5.6818708409788133E-017  -3.7471467037109045E-017   3.1186567271777212E-016  0.31925158799437525       -9.7262678241487408E-018  -1.7476195525987449E-017   4.6025229254957004E-017   8.8657324318279898E-002
   1.2703240409582258E-002   4.9615691657486513E-002   9.6493073827413605E-003  -5.2945611822551973E-018   1.4214039025625819E-016  -6.8333322844177818E-017 -0.13883408335969957        1.7988000826236989E-018  -1.0760905151354001E-017   6.4531948684650015E-017 -0.21856320866305357        8.3625382596481928E-018   1.3189353866149979E-017  -9.7262678241487408E-018   4.7414602204774788E-002   2.3180369616176934E-018   6.3194991051803050E-018   2.8188712020866438E-018
  -1.0564666571993096E-018  -4.9550752502037541E-017   3.9540801427766090E-017   4.6088039750214284E-002   1.5814105125237923E-017  -9.3885131873666551E-017   1.2522624608577373E-018  0.11377565806274692       -3.5260287528301608E-017   1.5368142278508472E-017  -1.7064628894973164E-017   8.8657324318279468E-002  -1.4224901909599237E-016  -1.7476195525987449E-017   2.3180369616176934E-018   2.4620460636252631E-002  -2.4797736563816810E-017  -3.2005934005391570E-018
  -5.8720651742603442E-017   1.1403811405924212E-016  -1.0358059655637948E-016  -7.3908706845621045E-017   4.6088039750213923E-002   2.6192164553234390E-017   8.5100802573628575E-017  -9.9533147565957930E-017  0.11377565806274678        9.5617314250802403E-018  -5.9075275967279786E-017  -4.3385027558364949E-017   8.8657324318279621E-002   4.6025229254957004E-017   6.3194991051803050E-018  -2.4797736563816810E-017   2.4620460636252596E-002   7.7886797082401268E-018
  -7.9058774211674739E-017   1.9267192859686884E-016  -1.8959762537561617E-016   1.2976401815126037E-016  -5.8728182364929623E-017   4.6088039750215019E-002   1.0903518346996713E-016  -3.9254894907553196E-017   9.6193296654935619E-018  0.11377565806274668       -4.0906596312481961E-017  -4.4546521487286929E-018   6.8627032903017115E-017   8.8657324318279898E-002   2.8188712020866438E-018  -3.2005934005391570E-018   7.7886797082401268E-018   2.4620460636252648E-002
