  0.18879147032054119        1.6857446681361792E-016  -4.7012541485004577E-016  -3.6400498034464366E-016  0.13328440457866175        2.1852322003928977E-016  -3.9305991876201902E-017  -2.5770517983283523E-016  0.35388031714158907        1.2260090141321638E-016  -1.0989969886918162E-016  -1.4193911830517751E-016  -8.4723558539450100E-002   3.1374615447909515E-017  -1.6007106963598402E-017  -2.4239047783783037E-017
   1.6857446681361792E-016  0.23819169014004729       -4.4866572886407760E-016   2.5359488814435949E-016  -2.5033356840062466E-016  0.21890599063642627       -1.7874512769433875E-016   2.1944929597464413E-016  -1.9924282800056180E-017  0.12127746223068721       -1.4940221233555526E-016   1.0235207321442064E-016   1.7397221464823398E-017   2.6211966329154332E-002  -2.9912015620219955E-017   3.1418146079556508E-017
  -4.7012541485004577E-016  -4.4866572886407760E-016  0.23819169014004760        1.2192636935075720E-016   1.0150700189711529E-016  -9.5574115570491774E-017  0.21890599063642729        9.2218171033470199E-017  -6.4356571095880670E-016  -6.7829127866703514E-017  0.12127746223068761        7.1125356580943599E-017   1.2899670877229617E-016  -2.0820599239102752E-017   2.6211966329154492E-002   2.2087628179297152E-017
  -3.6400498034464366E-016   2.5359488814435949E-016   1.2192636935075720E-016  0.23819169014004760        3.4578825843056040E-016   7.0012355288251437E-017   6.4341893222857474E-017  0.21890599063642677       -3.1698584981258031E-016   7.2035069966294706E-017   4.7919724320609573E-017  0.12127746223068755        4.2881258475075116E-017   2.2899535729020007E-017   8.0932145225576263E-018   2.6211966329154457E-002
  0.13328440457866175       -2.5033356840062466E-016   1.0150700189711529E-016   3.4578825843056040E-016   9.4097113994220119E-002  -1.8516556706465870E-016   3.7056816051289011E-016   3.7202992225883912E-016  0.24983505495371300       -1.0150067751768322E-016   1.4308664572213250E-016   2.0669919675890416E-016  -5.9813767192676781E-002  -1.8494739823385860E-017   3.6394041328429652E-017   4.9219902936790842E-017
   2.1852322003928977E-016  0.21890599063642627       -9.5574115570491774E-017   7.0012355288251437E-017  -1.8516556706465870E-016  0.20118179903060507        1.2684487791722601E-016   5.1838416371963181E-017   1.0089977224290075E-016  0.11145797318063853        2.3978020429111544E-017   1.1048697763985094E-017  -1.2552010724211573E-017   2.4089658427791868E-002   7.3685513664019738E-018   1.0930960184316747E-017
  -3.9305991876201902E-017  -1.7874512769433875E-016  0.21890599063642729        6.4341893222857474E-017   3.7056816051289011E-016   1.2684487791722601E-016  0.20118179903060665        4.0901950473489276E-017   1.4474133858242999E-016   5.6598529777295547E-017  0.11145797318063927        4.1074427557373939E-017  -5.7703507863823108E-017   6.5711757256804614E-018   2.4089658427792090E-002   1.5048810857393530E-017
  -2.5770517983283523E-016   2.1944929597464413E-016   9.2218171033470199E-017  0.21890599063642677        3.7202992225883912E-016   5.1838416371963181E-017   4.0901950473489276E-017  0.20118179903060571       -1.4731131046031053E-016   5.9271977517066921E-017   3.3941245471190255E-017  0.11145797318063895        4.9316303607251949E-018   1.9546979323787489E-017   5.2551512234432895E-018   2.4089658427792003E-002
  0.35388031714158907       -1.9924282800056180E-017  -6.4356571095880670E-016  -3.1698584981258031E-016  0.24983505495371300        1.0089977224290075E-016   1.4474133858242999E-016  -1.4731131046031053E-016  0.66333123338467925        5.8778326782459759E-017  -8.4994198880995676E-017  -8.0050078205516358E-017 -0.15881013964454749        2.1844857631673555E-017  -3.8509419075587950E-018  -5.2326218161710263E-018
   1.2260090141321638E-016  0.12127746223068721       -6.7829127866703514E-017   7.2035069966294706E-017  -1.0150067751768322E-016  0.11145797318063853        5.6598529777295547E-017   5.9271977517066921E-017   5.8778326782459759E-017   6.1749521305583373E-002   5.7085785480203556E-018   2.3047766494789512E-017  -7.6431004159436299E-018   1.3346060706849093E-002   2.4448282533515298E-018   9.7146208720595706E-018
  -1.0989969886918162E-016  -1.4940221233555526E-016  0.12127746223068761        4.7919724320609573E-017   1.4308664572213250E-016   2.3978020429111544E-017  0.11145797318063927        3.3941245471190255E-017  -8.4994198880995676E-017   5.7085785480203556E-018   6.1749521305583692E-002   2.9005478608421040E-017   7.5783431942551365E-018  -1.9028859857863882E-018   1.3346060706849197E-002   9.6879790388904627E-018
  -1.4193911830517751E-016   1.0235207321442064E-016   7.1125356580943599E-017  0.12127746223068755        2.0669919675890416E-016   1.1048697763985094E-017   4.1074427557373939E-017  0.11145797318063895       -8.0050078205516358E-017   2.3047766494789512E-017   2.9005478608421040E-017   6.1749521305583636E-002   2.3580549961553660E-018   8.7138514448786147E-018   5.1161054711955757E-018   1.3346060706849175E-002
  -8.4723558539450100E-002   1.7397221464823398E-017   1.2899670877229617E-016   4.2881258475075116E-017  -5.9813767192676781E-002  -1.2552010724211573E-017  -5.7703507863823108E-017   4.9316303607251949E-018 -0.15881013964454749       -7.6431004159436299E-018   7.5783431942551365E-018   2.3580549961553660E-018   3.8021216527421825E-002  -3.8403869891846116E-018  -1.8381238304747873E-018  -2.3797712301984065E-018
   3.1374615447909515E-017   2.6211966329154332E-002  -2.0820599239102752E-017   2.2899535729020007E-017  -1.8494739823385860E-017   2.4089658427791868E-002   6.5711757256804614E-018   1.9546979323787489E-017   2.1844857631673555E-017   1.3346060706849093E-002  -1.9028859857863882E-018   8.7138514448786147E-018  -3.8403869891846116E-018   2.8845136387283376E-003  -1.4952778496998549E-019   2.9062759211479116E-018
  -1.6007106963598402E-017  -2.9912015620219955E-017   2.6211966329154492E-002   8.0932145225576263E-018   3.6394041328429652E-017   7.3685513664019738E-018   2.4089658427792090E-002   5.2551512234432895E-018  -3.8509419075587950E-018   2.4448282533515298E-018   1.3346060706849197E-002   5.1161054711955757E-018  -1.8381238304747873E-018  -1.4952778496998549E-019   2.8845136387283684E-003   1.8447351887239096E-018
  -2.4239047783783037E-017   3.1418146079556508E-017   2.2087628179297152E-017   2.6211966329154457E-002   4.9219902936790842E-017   1.0930960184316747E-017   1.5048810857393530E-017   2.4089658427792003E-002  -5.2326218161710263E-018   9.7146208720595706E-018   9.6879790388904627E-018   1.3346060706849175E-002  -2.3797712301984065E-018   2.9062759211479116E-018   1.8447351887239096E-018   2.8845136387283606E-003
