  0.84052419951361645       0.12534830032597544       -1.6317015427536842E-003  -2.8253885322234663E-016   7.7088805585367694E-017   2.5691141237449613E-016 -0.15817097619347481       -4.5353005280633657E-016   1.6128063474932038E-016   3.8654984159280110E-016 -0.10075317049444193       -2.7772623757191825E-016   9.0487175999565328E-017   2.4046666571445781E-016   2.1333762180606231E-002  -6.7277037105590621E-017   2.2735203147031592E-017   5.7760012450531887E-017
  0.12534830032597544        1.9643830758315592E-002  -1.9402575825561463E-003   4.8412776711218409E-016   3.6698041929039208E-017  -2.2552645801331740E-016  -1.7166694586558152E-003   7.6680986913549380E-016   4.2704784483558561E-017  -3.7302176724272152E-016   1.2454042010524842E-002   4.6922710746396933E-016   2.8551157953737476E-017  -2.2731540237471129E-016  -3.3221266031776111E-003   1.1395671469024586E-016   6.4639029016414304E-018  -5.4772281544714604E-017
  -1.6317015427536842E-003  -1.9402575825561463E-003   3.0326638900222938E-003  -8.5469823180516302E-016  -6.3494986176019571E-016  -1.1827757033089125E-016  -3.8740012844342739E-002  -1.3527616706370878E-015  -9.8589888402906025E-016  -1.8255587500674058E-016  -4.8863266035514726E-002  -8.2823620594881292E-016  -6.0698358382810305E-016  -1.0956635180395442E-016   1.1569500216929790E-002  -2.0113880324588546E-016  -1.4610408024110309E-016  -2.7284730058521478E-017
  -2.8253885322234663E-016   4.8412776711218409E-016  -8.5469823180516302E-016  0.20949224805203945        2.4545998371892919E-016  -1.9063831730673636E-016   9.1779215682026624E-016  0.33823955542485434        2.9181301472447352E-016  -7.0529384199255474E-016   2.1654817612337703E-017  0.20598281479595118        2.3426559628801635E-016  -4.2221712508606207E-016  -3.7870003898221139E-017   4.9929768926076326E-002   5.4138957856705860E-017  -9.7281310475682767E-017
   7.7088805585367694E-017   3.6698041929039208E-017  -6.3494986176019571E-016   2.4545998371892919E-016  0.20949224805204111        1.0045810754436002E-016   7.6928110751094214E-016  -1.2998228795385591E-016  0.33823955542485473       -5.9258848506384479E-017   1.1084257510716144E-016   2.8900764160316728E-017  0.20598281479595132        1.4248788238711840E-017  -4.7107710148309106E-017  -6.8186152253971177E-019   4.9929768926076409E-002  -1.1289890395715756E-017
   2.5691141237449613E-016  -2.2552645801331740E-016  -1.1827757033089125E-016  -1.9063831730673636E-016   1.0045810754436002E-016  0.20949224805204450        2.5933423727627825E-016   5.0060663622265855E-016  -3.4476231480676071E-016  0.33823955542485767       -2.0964969832708928E-017   1.5333837444144599E-016  -1.7454680889127279E-016  0.20598281479595340       -7.0847550004675448E-018   4.3652266453223995E-017  -4.6241857931217205E-017   4.9929768926076888E-002
 -0.15817097619347481       -1.7166694586558152E-003  -3.8740012844342739E-002   9.1779215682026624E-016   7.6928110751094214E-016   2.5933423727627825E-016  0.53304109069577765        1.1306028513110870E-015   7.2804433061262899E-016   3.1632252286324005E-016  0.65127771329743045        7.4587613493662371E-016   5.2990232709919276E-016   1.7083789464838326E-016 -0.15366728508998764        1.8563854731720839E-016   1.1503456070009996E-016   5.0882009396554474E-017
  -4.5353005280633657E-016   7.6680986913549380E-016  -1.3527616706370878E-015  0.33823955542485434       -1.2998228795385591E-016   5.0060663622265855E-016   1.1306028513110870E-015  0.54611088437784960       -3.7859662236836011E-016   1.6648601984872724E-016  -4.0602127691609064E-016  0.33257333552712509       -1.3925221652860698E-016   1.1316529581906903E-016   4.3217566031925674E-017   8.0615025143205302E-002  -3.8025003068140051E-017   3.5606300487255396E-017
   1.6128063474932038E-016   4.2704784483558561E-017  -9.8589888402906025E-016   2.9181301472447352E-016  0.33823955542485473       -3.4476231480676071E-016   7.2804433061262899E-016  -3.7859662236836011E-016  0.54611088437784661       -9.1420604810335537E-016  -4.6255281137001195E-016  -5.6087133635390751E-017  0.33257333552712309       -4.7546458076578278E-016   7.5660923248464743E-017  -2.6008993678390546E-017   8.0615025143204899E-002  -1.3905612840131761E-016
   3.8654984159280110E-016  -3.7302176724272152E-016  -1.8255587500674058E-016  -7.0529384199255474E-016  -5.9258848506384479E-017  0.33823955542485767        3.1632252286324005E-016   1.6648601984872724E-016  -9.1420604810335537E-016  0.54611088437784727       -1.6578592532962242E-016  -1.4325868236911982E-016  -4.9956393866458851E-016  0.33257333552712398        1.9871445318788243E-017  -2.4257753059942280E-017  -1.2744129499121142E-016   8.0615025143205080E-002
 -0.10075317049444193        1.2454042010524842E-002  -4.8863266035514726E-002   2.1654817612337703E-017   1.1084257510716144E-016  -2.0964969832708928E-017  0.65127771329743045       -4.0602127691609064E-016  -4.6255281137001195E-016  -1.6578592532962242E-016  0.80652331422541468       -1.7537737885009608E-016  -1.7386688366818812E-016  -1.2775770874742506E-016 -0.19058134009381367       -3.6425236075645398E-017  -5.8903126040568434E-017  -1.9130032990898730E-017
  -2.7772623757191825E-016   4.6922710746396933E-016  -8.2823620594881292E-016  0.20598281479595118        2.8900764160316728E-017   1.5333837444144599E-016   7.4587613493662371E-016  0.33257333552712509       -5.6087133635390751E-017  -1.4325868236911982E-016  -1.7537737885009608E-016  0.20253217188601397        2.1453650488056919E-017  -8.0068330438054502E-017   9.3105384151545710E-018   4.9093340880803513E-002   2.5986970821761934E-018  -1.4429629772950633E-017
   9.0487175999565328E-017   2.8551157953737476E-017  -6.0698358382810305E-016   2.3426559628801635E-016  0.20598281479595132       -1.7454680889127279E-016   5.2990232709919276E-016  -1.3925221652860698E-016  0.33257333552712309       -4.9956393866458851E-016  -1.7386688366818812E-016   2.1453650488056919E-017  0.20253217188601264       -2.5473160635957476E-016   2.0581168554754654E-017  -2.3581397251559721E-018   4.9093340880803235E-002  -7.6243447285609302E-017
   2.4046666571445781E-016  -2.2731540237471129E-016  -1.0956635180395442E-016  -4.2221712508606207E-016   1.4248788238711840E-017  0.20598281479595340        1.7083789464838326E-016   1.1316529581906903E-016  -4.7546458076578278E-016  0.33257333552712398       -1.2775770874742506E-016  -8.0068330438054502E-017  -2.5473160635957476E-016  0.20253217188601347        1.8428308612445819E-017  -1.3033295959401919E-017  -6.5613077918449426E-017   4.9093340880803416E-002
   2.1333762180606231E-002  -3.3221266031776111E-003   1.1569500216929790E-002  -3.7870003898221139E-017  -4.7107710148309106E-017  -7.0847550004675448E-018 -0.15366728508998764        4.3217566031925674E-017   7.5660923248464743E-017   1.9871445318788243E-017 -0.19058134009381367        9.3105384151545710E-018   2.0581168554754654E-017   1.8428308612445819E-017   4.5041736384900291E-002   8.1636838382263305E-019   8.9526471809222363E-018   1.6667881574009056E-018
  -6.7277037105590621E-017   1.1395671469024586E-016  -2.0113880324588546E-016   4.9929768926076326E-002  -6.8186152253971177E-019   4.3652266453223995E-017   1.8563854731720839E-016   8.0615025143205302E-002  -2.6008993678390546E-017  -2.4257753059942280E-017  -3.6425236075645398E-017   4.9093340880803513E-002  -2.3581397251559721E-018  -1.3033295959401919E-017   8.1636838382263305E-019   1.1900114912090214E-002  -1.2027867851011065E-018  -1.9526227016579759E-018
   2.2735203147031592E-017   6.4639029016414304E-018  -1.4610408024110309E-016   5.4138957856705860E-017   4.9929768926076409E-002  -4.6241857931217205E-017   1.1503456070009996E-016  -3.8025003068140051E-017   8.0615025143204899E-002  -1.2744129499121142E-016  -5.8903126040568434E-017   2.5986970821761934E-018   4.9093340880803235E-002  -6.5613077918449426E-017   8.9526471809222363E-018  -1.2027867851011065E-018   1.1900114912090160E-002  -1.9418495013600852E-017
   5.7760012450531887E-017  -5.4772281544714604E-017  -2.7284730058521478E-017  -9.7281310475682767E-017  -1.1289890395715756E-017   4.9929768926076888E-002   5.0882009396554474E-017   3.5606300487255396E-017  -1.3905612840131761E-016   8.0615025143205080E-002  -1.9130032990898730E-017  -1.4429629772950633E-017  -7.6243447285609302E-017   4.9093340880803416E-002   1.6667881574009056E-018  -1.9526227016579759E-018  -1.9418495013600852E-017   1.1900114912090197E-002
