  0.10618846569957439       -1.0058408932319431E-016  -4.7760219690858768E-018  -7.2117711407479153E-016  0.13301705363074409       -1.3790165526886744E-016  -2.2280776822132724E-016  -4.9057591335902330E-016  0.26813310601037332       -3.2855234135393928E-017  -1.0643893388442823E-016  -2.9589561079597065E-016  -6.2110464769126746E-002  -9.6589839621200573E-018  -2.7961058481742133E-017  -6.1600168706183423E-017
  -1.0058408932319431E-016  0.25370024377704503        3.8523961942935976E-016   2.3787847415237178E-016   1.2646507811427954E-016  0.28194602936102831       -4.0522056196645679E-017   1.7585307486809676E-016  -1.9161738723033083E-016  0.15644695043423296        1.2933628415941664E-016   1.0224704112896110E-016   2.6287231872958391E-017   3.4854562392809360E-002   2.9905909924391891E-018   2.4657693783204181E-017
  -4.7760219690858768E-018   3.8523961942935976E-016  0.25370024377704625       -6.1469745670876095E-016   2.4061254898605910E-016   3.0412774440028796E-016  0.28194602936102819       -9.2572795494053929E-017   1.7759847316340009E-016   2.2026018884948223E-016  0.15644695043423329       -1.6276133363533432E-016  -5.1345875018953840E-017   5.1077216096697312E-017   3.4854562392809395E-002  -3.3263548527307869E-017
  -7.2117711407479153E-016   2.3787847415237178E-016  -6.1469745670876095E-016  0.25370024377704603        4.3102539279674365E-016  -2.5003057350231324E-016  -3.7711262064477033E-016  0.28194602936102803       -8.0310379760154955E-016  -3.3725463827877228E-017  -2.6100360298967697E-016  0.15644695043423312        1.3338932705145224E-016  -2.3936021712143517E-017  -5.0850211266833123E-017   3.4854562392809416E-002
  0.13301705363074409        1.2646507811427954E-016   2.4061254898605910E-016   4.3102539279674365E-016  0.16662390251180703        1.0782710756770311E-016  -5.0503183104589260E-018   8.6845486458288512E-016  0.33587711723103625        1.1452712320555671E-016   1.8734769228862151E-017   4.5222327429262013E-016  -7.7802715848624290E-002   2.2585087008109786E-017  -1.1469966882725522E-018   1.0616396426256124E-016
  -1.3790165526886744E-016  0.28194602936102831        3.0412774440028796E-016  -2.5003057350231324E-016   1.0782710756770311E-016  0.31333656715879921       -1.8285973140778429E-016  -3.7623170637962616E-016  -2.7890343728411907E-016  0.17386501417530226        6.7270227293673556E-017  -2.0357251041130953E-016   4.4491140801452494E-017   3.8735104568543510E-002  -1.3711769350152603E-017  -4.3267007634381168E-017
  -2.2280776822132724E-016  -4.0522056196645679E-017  0.28194602936102819       -3.7711262064477033E-016  -5.0503183104589260E-018  -1.8285973140778429E-016  0.31333656715879749        2.3722343533982827E-016  -3.5183087815517697E-016  -4.4217378601200493E-017  0.17386501417530176        7.8288431871557338E-018   7.0154974326079390E-017  -7.6221671480256953E-018   3.8735104568543344E-002   5.0742920426847529E-018
  -4.9057591335902330E-016   1.7585307486809676E-016  -9.2572795494053929E-017  0.28194602936102803        8.6845486458288512E-016  -3.7623170637962616E-016   2.3722343533982827E-016  0.31333656715879749       -1.0748994114972864E-016  -9.2062316971175395E-017   7.4118771016540260E-017  0.17386501417530165       -3.3603865756389819E-017  -3.8761357043619785E-017   2.4624941842577010E-017   3.8735104568543385E-002
  0.26813310601037332       -1.9161738723033083E-016   1.7759847316340009E-016  -8.0310379760154955E-016  0.33587711723103625       -2.7890343728411907E-016  -3.5183087815517697E-016  -1.0748994114972864E-016  0.67705434921881791       -4.4504103237256709E-017  -1.5181077823271457E-016  -1.1944691265670178E-016 -0.15683315249521085       -1.5821685822802027E-017  -4.4547411354554973E-017  -1.5698204843916944E-017
  -3.2855234135393928E-017  0.15644695043423296        2.2026018884948223E-016  -3.3725463827877228E-017   1.1452712320555671E-016  0.17386501417530226       -4.4217378601200493E-017  -9.2062316971175395E-017  -4.4504103237256709E-017   9.6474673952938142E-002   6.9088524687112754E-017  -4.8206339094136741E-017  -8.5205308982648820E-019   2.1493436166607684E-002  -5.3250137950720412E-019  -9.5805073220776392E-018
  -1.0643893388442823E-016   1.2933628415941664E-016  0.15644695043423329       -2.6100360298967697E-016   1.8734769228862151E-017   6.7270227293673556E-017  0.17386501417530176        7.4118771016540260E-017  -1.5181077823271457E-016   6.9088524687112754E-017   9.6474673952938086E-002  -2.7570357744495978E-017   2.8871324708095017E-017   1.6629515509127925E-017   2.1493436166607649E-002  -4.2938923539478027E-018
  -2.9589561079597065E-016   1.0224704112896110E-016  -1.6276133363533432E-016  0.15644695043423312        4.5222327429262013E-016  -2.0357251041130953E-016   7.8288431871557338E-018  0.17386501417530165       -1.1944691265670178E-016  -4.8206339094136741E-017  -2.7570357744495978E-017   9.6474673952937975E-002  -4.7934987008813433E-018  -2.0866374311293935E-017  -1.6409851631473329E-018   2.1493436166607656E-002
  -6.2110464769126746E-002   2.6287231872958391E-017  -5.1345875018953840E-017   1.3338932705145224E-016  -7.7802715848624290E-002   4.4491140801452494E-017   7.0154974326079390E-017  -3.3603865756389819E-017 -0.15683315249521085       -8.5205308982648820E-019   2.8871324708095017E-017  -4.7934987008813433E-018   3.6328897007995811E-002   1.1784003437789525E-018   8.9167091791755997E-018  -3.5958691787476682E-018
  -9.6589839621200573E-018   3.4854562392809360E-002   5.1077216096697312E-017  -2.3936021712143517E-017   2.2585087008109786E-017   3.8735104568543510E-002  -7.6221671480256953E-018  -3.8761357043619785E-017  -1.5821685822802027E-017   2.1493436166607684E-002   1.6629515509127925E-017  -2.0866374311293935E-017   1.1784003437789525E-018   4.7884877897943906E-003   1.5698343955779720E-019  -4.3907364542505410E-018
  -2.7961058481742133E-017   2.9905909924391891E-018   3.4854562392809395E-002  -5.0850211266833123E-017  -1.1469966882725522E-018  -1.3711769350152603E-017   3.8735104568543344E-002   2.4624941842577010E-017  -4.4547411354554973E-017  -5.3250137950720412E-019   2.1493436166607649E-002  -1.6409851631473329E-018   8.9167091791755997E-018   1.5698343955779720E-019   4.7884877897943776E-003   4.6163295625358333E-020
  -6.1600168706183423E-017   2.4657693783204181E-017  -3.3263548527307869E-017   3.4854562392809416E-002   1.0616396426256124E-016  -4.3267007634381168E-017   5.0742920426847529E-018   3.8735104568543385E-002  -1.5698204843916944E-017  -9.5805073220776392E-018  -4.2938923539478027E-018   2.1493436166607656E-002  -3.5958691787476682E-018  -4.3907364542505410E-018   4.6163295625358333E-020   4.7884877897943863E-003
