   1.1227693244779238E-004   8.6236655970531509E-018   2.8738994515870050E-018  -1.6161634137590540E-016  -3.3955694811536738E-004  -1.3028690217751269E-017   3.4868739930989137E-018  -7.2005641747302457E-017  -7.0615498130727978E-003  -1.9293441186850598E-016   1.9428335154167788E-016   8.0203073464240329E-017  -9.4576704304172709E-003  -2.5194275038073997E-016   2.7147848004819669E-016   1.1254378370124303E-016  -1.0267126599181275E-016   1.2445425203043709E-003   3.3246731394000932E-017  -3.5233682091079853E-017
   8.6236655970531509E-018   1.1227693244775138E-004  -2.7938568026254539E-018   1.6627446513199556E-016  -1.4029889778850744E-017  -3.3955694811519039E-004  -5.7411813548762543E-017   1.1377000485072780E-017  -3.5911412342768236E-016  -7.0615498130715401E-003  -2.3986474545844089E-016  -1.3059027997479631E-016  -4.6424774696176771E-016  -9.4576704304155552E-003  -3.3126352792072820E-016  -3.0199188248566384E-016   2.6933699367569646E-016   6.1609656102590781E-017   1.2445425203041430E-003   4.3802676012726962E-017
   2.8738994515870050E-018  -2.7938568026254539E-018   1.1227693244773214E-004   4.7377849442152401E-016  -2.4222213244924078E-017  -3.4710601609431148E-018  -3.3955694811523191E-004   1.9387889385621633E-016  -3.7186300160526404E-016   4.2431864029797964E-016  -7.0615498130710873E-003   1.1744837672240322E-015  -4.9408710303698101E-016   5.7058681749380404E-016  -9.4576704304146480E-003   2.3620626163605089E-015  -2.2300537566071610E-015   6.4818216906790071E-017  -7.5171246676631318E-017   1.2445425203040296E-003
  -1.6161634137590540E-016   1.6627446513199556E-016   4.7377849442152401E-016  0.68681207163304780       -2.3953536570440732E-016   1.0406970174631480E-016  -9.4791844224072022E-017  0.20436036187217946       -4.6289875259246457E-016  -1.8608008885857499E-015  -5.3056736734606310E-016 -0.26443135366805859       -6.4595140343989032E-016  -2.7353714813214862E-015  -9.3675486427261039E-017 -0.30818706338443519       0.28351830140521284        8.8389431999623848E-017   3.5632083741083627E-016   3.3390448071040556E-017
  -3.3955694811536738E-004  -1.4029889778850744E-017  -2.4222213244924078E-017  -2.3953536570440732E-016   1.0269154892260271E-003   2.9583552125141983E-018   3.6424016499239629E-017   5.5922318587535754E-017   2.1356108073282053E-002  -1.7441636581739565E-016   3.8922328596637580E-016   1.4222454769994879E-015   2.8602649160607573E-002  -2.5312902002336957E-016   4.8720747496960188E-016   2.6853102704923385E-015  -2.5218537458106381E-015  -3.7638457943341241E-003   3.3027243981543662E-017  -6.5595111555544775E-017
  -1.3028690217751269E-017  -3.3955694811519039E-004  -3.4710601609431148E-018   1.0406970174631480E-016   2.9583552125141983E-018   1.0269154892253315E-003   2.0968027929191274E-016   1.0099583767797018E-016   2.6518780457695547E-016   2.1356108073274913E-002   1.4751445118183328E-015  -9.7897193590676510E-016   3.0460321222801345E-016   2.8602649160597918E-002   2.0059570840939085E-015  -1.5819199583256978E-015   1.5212032872096733E-015  -4.1652315785638185E-017  -3.7638457943328469E-003  -2.6460494499320978E-016
   3.4868739930989137E-018  -5.7411813548762543E-017  -3.3955694811523191E-004  -9.4791844224072022E-017   3.6424016499239629E-017   2.0968027929191274E-016   1.0269154892257586E-003  -1.4056693130481575E-016   3.5867228986657083E-016   2.8590199265508142E-015   2.1356108073279818E-002  -2.8649780907155507E-015   4.6841207856782507E-016   3.8222189426585096E-015   2.8602649160603573E-002  -5.4003560870692594E-015   5.0982152867052549E-015  -6.1036565521879342E-017  -5.0270497506102387E-016  -3.7638457943336093E-003
  -7.2005641747302457E-017   1.1377000485072780E-017   1.9387889385621633E-016  0.20436036187217946        5.5922318587535754E-017   1.0099583767797018E-016  -1.4056693130481575E-016   6.2554887406809714E-002   1.3436387336571265E-015   1.5860904557086444E-015  -3.6552288994992148E-017  -3.4583530020758708E-002   1.8632964359214270E-015   2.1421917606260979E-015  -6.5792433295598614E-017  -5.7324425965312870E-003   3.7167313471870717E-003  -2.4523349773815115E-016  -2.8274254956008385E-016   5.3365213199215231E-018
  -7.0615498130727978E-003  -3.5911412342768236E-016  -3.7186300160526404E-016  -4.6289875259246457E-016   2.1356108073282053E-002   2.6518780457695547E-016   3.5867228986657083E-016   1.3436387336571265E-015  0.44412939216784714        6.0827130008225816E-016  -1.9946778874891519E-016  -1.5291654005970091E-015  0.59483109668205381        4.0851382606538200E-016  -9.7603267698934126E-016  -3.4336438236059751E-015   3.1248174377044016E-015  -7.8274306306889835E-002  -5.9626037289019218E-017   9.7594289149693231E-017
  -1.9293441186850598E-016  -7.0615498130715401E-003   4.2431864029797964E-016  -1.8608008885857499E-015  -1.7441636581739565E-016   2.1356108073274913E-002   2.8590199265508142E-015   1.5860904557086444E-015   6.0827130008225816E-016  0.44412939216785113       -5.4950203661938667E-016  -1.5651616596907800E-015  -2.3697948985101913E-016  0.59483109668205714       -1.0650571102951889E-016   2.5253855891840202E-015  -1.5614010888113173E-015  -1.4535085374883792E-018  -7.8274306306890154E-002   7.1717220852837378E-019
   1.9428335154167788E-016  -2.3986474545844089E-016  -7.0615498130710873E-003  -5.3056736734606310E-016   3.8922328596637580E-016   1.4751445118183328E-015   2.1356108073279818E-002  -3.6552288994992148E-017  -1.9946778874891519E-016  -5.4950203661938667E-016  0.44412939216787028        1.8874365166064123E-015  -5.1597350795174607E-016  -8.7989951967366170E-016  0.59483109668206380        7.9596833227149155E-015  -6.8060454693669126E-015   8.0420060869401851E-017   1.2127521277255533E-016  -7.8274306306891403E-002
   8.0203073464240329E-017  -1.3059027997479631E-016   1.1744837672240322E-015 -0.26443135366805859        1.4222454769994879E-015  -9.7897193590676510E-016  -2.8649780907155507E-015  -3.4583530020758708E-002  -1.5291654005970091E-015  -1.5651616596907800E-015   1.8874365166064123E-015   1.2145246128823441       -2.3474272862429491E-016   2.7498178438437557E-016  -2.7663752575343737E-015   2.2878866598067411       -2.1440373693474206        3.1173514701742248E-018  -2.8984801908171456E-017   1.1397116860535433E-016
  -9.4576704304172709E-003  -4.6424774696176771E-016  -4.9408710303698101E-016  -6.4595140343989032E-016   2.8602649160607573E-002   3.0460321222801345E-016   4.6841207856782507E-016   1.8632964359214270E-015  0.59483109668205381       -2.3697948985101913E-016  -5.1597350795174607E-016  -2.3474272862429491E-016  0.79666880827886355       -8.6134441593110900E-016  -1.6404741199358211E-015  -1.0715762102216479E-015   8.7662575041345194E-016 -0.10483429442777825        1.0548440105336704E-016   1.7456290251727062E-016
  -2.5194275038073997E-016  -9.4576704304155552E-003   5.7058681749380404E-016  -2.7353714813214862E-015  -2.5312902002336957E-016   2.8602649160597918E-002   3.8222189426585096E-015   2.1421917606260979E-015   4.0851382606538200E-016  0.59483109668205714       -8.7989951967366170E-016   2.7498178438437557E-016  -8.6134441593110900E-016  0.79666880827886533       -3.3543309392570190E-016   7.9315993633192915E-015  -6.3567788399026042E-015   6.9634578593776031E-017 -0.10483429442777832        2.6329595648926302E-017
   2.7147848004819669E-016  -3.3126352792072820E-016  -9.4576704304146480E-003  -9.3675486427261039E-017   4.8720747496960188E-016   2.0059570840939085E-015   2.8602649160603573E-002  -6.5792433295598614E-017  -9.7603267698934126E-016  -1.0650571102951889E-016  0.59483109668206380       -2.7663752575343737E-015  -1.6404741199358211E-015  -3.3543309392570190E-016  0.79666880827884901        5.2566634216817147E-016   3.8670449064487469E-016   2.3264268116107711E-016   5.1490497588878483E-017 -0.10483429442777667     
   1.1254378370124303E-016  -3.0199188248566384E-016   2.3620626163605089E-015 -0.30818706338443519        2.6853102704923385E-015  -1.5819199583256978E-015  -5.4003560870692594E-015  -5.7324425965312870E-003  -3.4336438236059751E-015   2.5253855891840202E-015   7.9596833227149155E-015   2.2878866598067411       -1.0715762102216479E-015   7.9315993633192915E-015   5.2566634216817147E-016   4.3671906743794429       -4.0942039317527366        8.7889765130519874E-017  -1.0307841241677403E-015  -5.5030177694551309E-016
  -1.0267126599181275E-016   2.6933699367569646E-016  -2.2300537566071610E-015  0.28351830140521284       -2.5218537458106381E-015   1.5212032872096733E-015   5.0982152867052549E-015   3.7167313471870717E-003   3.1248174377044016E-015  -1.5614010888113173E-015  -6.8060454693669126E-015  -2.1440373693474206        8.7662575041345194E-016  -6.3567788399026042E-015   3.8670449064487469E-016  -4.0942039317527366        3.8383251111996448       -6.5553589676139818E-017   8.2438323481730209E-016   4.0027222870760626E-016
   1.2445425203043709E-003   6.1609656102590781E-017   6.4818216906790071E-017   8.8389431999623848E-017  -3.7638457943341241E-003  -4.1652315785638185E-017  -6.1036565521879342E-017  -2.4523349773815115E-016  -7.8274306306889835E-002  -1.4535085374883792E-018   8.0420060869401851E-017   3.1173514701742248E-018 -0.10483429442777825        6.9634578593776031E-017   2.3264268116107711E-016   8.7889765130519874E-017  -6.5553589676139818E-017   1.3795229804356934E-002  -8.1289751947995204E-018  -2.5177842598897264E-017
   3.3246731394000932E-017   1.2445425203041430E-003  -7.5171246676631318E-017   3.5632083741083627E-016   3.3027243981543662E-017  -3.7638457943328469E-003  -5.0270497506102387E-016  -2.8274254956008385E-016  -5.9626037289019218E-017  -7.8274306306890154E-002   1.2127521277255533E-016  -2.8984801908171456E-017   1.0548440105336704E-016 -0.10483429442777832        5.1490497588878483E-017  -1.0307841241677403E-015   8.2438323481730209E-016  -8.1289751947995204E-018   1.3795229804356920E-002  -4.4320072522795206E-018
  -3.5233682091079853E-017   4.3802676012726962E-017   1.2445425203040296E-003   3.3390448071040556E-017  -6.5595111555544775E-017  -2.6460494499320978E-016  -3.7638457943336093E-003   5.3365213199215231E-018   9.7594289149693231E-017   7.1717220852837378E-019  -7.8274306306891403E-002   1.1397116860535433E-016   1.7456290251727062E-016   2.6329595648926302E-017 -0.10483429442777667       -5.5030177694551309E-016   4.0027222870760626E-016  -2.5177842598897264E-017  -4.4320072522795206E-018   1.3795229804356770E-002
