  0.49006376995886103        1.2723112494117390E-016  -3.9698514296461965E-016  -2.4948650324655876E-016   6.7555942310141353E-016  0.40548481631452460       -1.2471938990824899E-016  -8.9031068397269099E-017  -1.7949357783435628E-016  -1.6534400651492677E-002  -7.0710310436789085E-018   1.1568211304967776E-017  -5.8638875416706319E-003  -2.4419959869341479E-018   2.8227372967250541E-019  -1.8148215333826495E-018
   1.2723112494117390E-016  0.49006376995886042       -2.0470640518336720E-016  -1.0232293957890529E-016  -2.3024325449955865E-016   1.8731399533307887E-016  0.40548481631452266        1.9425966550056467E-016   9.5849749697408194E-017  -1.5970523876164067E-017  -1.6534400651492621E-002  -1.4696727495651507E-017   1.3865929346552895E-018  -5.8638875416706007E-003  -1.3876870188788304E-018  -1.2834573688654278E-018
  -3.9698514296461965E-016  -2.0470640518336720E-016  0.49006376995885909        2.2450997558547090E-016  -4.9755033454267525E-016  -4.0644028941050387E-016  -1.5136591705160681E-016  0.40548481631452349        1.2370217587206943E-016   1.0182183058943995E-017   8.0055907288161599E-018  -1.6534400651492691E-002   7.0365144510782850E-018   1.0072986394827075E-018  -5.8638875416705902E-003   5.9915256241997068E-019
  -2.4948650324655876E-016  -1.0232293957890529E-016   2.2450997558547090E-016  0.47991424776198188       0.69914515148565792        9.5071051333884158E-017   4.1347346222932615E-016  -1.7394124113844587E-015 -0.29353451720914769       -4.4305626833855379E-017  -1.9622397287729901E-017   7.3087148321250539E-017   6.7445098836817272E-018   2.3393579949862435E-019   1.2662155974141152E-017  -2.3760703851108504E-003
   6.7555942310141353E-016  -2.3024325449955865E-016  -4.9755033454267525E-016  0.69914515148565792        1.0185235073252725        9.9819415785752576E-016   5.3518577624428845E-016  -3.2162982222121894E-015 -0.42762480059196217       -9.9600603864996392E-017  -2.5847272534084404E-017   1.3429634786010788E-016  -2.6069034017793426E-018   1.3121396930476357E-018   2.8313421102071686E-017  -3.4614894162567312E-003
  0.40548481631452460        1.8731399533307887E-016  -4.0644028941050387E-016   9.5071051333884158E-017   9.9819415785752576E-016  0.33550314538743803       -3.5299815732506782E-017  -1.3818156688327988E-016  -3.3292406761540232E-016  -1.3680767324636295E-002  -8.6188425826282764E-018   1.2202497810303423E-017  -4.8518529801191909E-003  -3.0023082815428676E-018   1.1665408335665369E-018  -2.9943380055404470E-018
  -1.2471938990824899E-016  0.40548481631452266       -1.5136591705160681E-016   4.1347346222932615E-016   5.3518577624428845E-016  -3.5299815732506782E-017  0.33550314538743531        1.7563397567907171E-016  -2.2537283832123786E-016  -5.4548921803177473E-018  -1.3680767324636200E-002  -1.2767892302595490E-017   3.8991750005272964E-018  -4.8518529801191484E-003  -1.3637230450794058E-018  -3.5282389234166303E-018
  -8.9031068397269099E-017   1.9425966550056467E-016  0.40548481631452349       -1.7394124113844587E-015  -3.2162982222121894E-015  -1.3818156688327988E-016   1.7563397567907171E-016  0.33550314538743753        1.2798656492728061E-015   3.4622471719048064E-019  -5.6447687326604394E-018  -1.3680767324636323E-002   2.9571331910226334E-018  -3.5176219508287033E-018  -4.8518529801191614E-003   1.0027346309184801E-017
  -1.7949357783435628E-016   9.5849749697408194E-017   1.2370217587206943E-016 -0.29353451720914769      -0.42762480059196217       -3.3292406761540232E-016  -2.2537283832123786E-016   1.2798656492728061E-015  0.17953730941520318        3.8303529970155322E-017   1.0879496372511065E-017  -5.3509661235111248E-017  -1.5157326146221914E-019  -5.4111869896542359E-019  -1.0867941580405823E-017   1.4532985353132887E-003
  -1.6534400651492677E-002  -1.5970523876164067E-017   1.0182183058943995E-017  -4.4305626833855379E-017  -9.9600603864996392E-017  -1.3680767324636295E-002  -5.4548921803177473E-018   3.4622471719048064E-019   3.8303529970155322E-017   5.5785883728362790E-004   6.3255714640162018E-019  -2.8194285742748627E-019   1.9784336637947706E-004   2.2212556715757302E-019   2.8908308047500659E-020   3.2226460161823672E-019
  -7.0710310436789085E-018  -1.6534400651492621E-002   8.0055907288161599E-018  -1.9622397287729901E-017  -2.5847272534084404E-017  -8.6188425826282764E-018  -1.3680767324636200E-002  -5.6447687326604394E-018   1.0879496372511065E-017   6.3255714640162018E-019   5.5785883728362465E-004   4.5877863168654002E-019  -1.3543703896201611E-020   1.9784336637947557E-004   3.3670662560841002E-020   1.5754649071738432E-019
   1.1568211304967776E-017  -1.4696727495651507E-017  -1.6534400651492691E-002   7.3087148321250539E-017   1.3429634786010788E-016   1.2202497810303423E-017  -1.2767892302595490E-017  -1.3680767324636323E-002  -5.3509661235111248E-017  -2.8194285742748627E-019   4.5877863168654002E-019   5.5785883728363093E-004  -2.1556547344628562E-019   2.2450895022920917E-019   1.9784336637947657E-004  -4.1957482503590366E-019
  -5.8638875416706319E-003   1.3865929346552895E-018   7.0365144510782850E-018   6.7445098836817272E-018  -2.6069034017793426E-018  -4.8518529801191909E-003   3.8991750005272964E-018   2.9571331910226334E-018  -1.5157326146221914E-019   1.9784336637947706E-004  -1.3543703896201611E-020  -2.1556547344628562E-019   7.0164699390543717E-005  -5.5895351258916588E-021  -3.0735825747503654E-020   3.1031226409772718E-021
  -2.4419959869341479E-018  -5.8638875416706007E-003   1.0072986394827075E-018   2.3393579949862435E-019   1.3121396930476357E-018  -3.0023082815428676E-018  -4.8518529801191484E-003  -3.5176219508287033E-018  -5.4111869896542359E-019   2.2212556715757302E-019   1.9784336637947557E-004   2.2450895022920917E-019  -5.5895351258916588E-021   7.0164699390543053E-005   3.3859811194245641E-020   2.0260864364238328E-020
   2.8227372967250541E-019  -1.3876870188788304E-018  -5.8638875416705902E-003   1.2662155974141152E-017   2.8313421102071686E-017   1.1665408335665369E-018  -1.3637230450794058E-018  -4.8518529801191614E-003  -1.0867941580405823E-017   2.8908308047500659E-020   3.3670662560841002E-020   1.9784336637947657E-004  -3.0735825747503654E-020   3.3859811194245641E-020   7.0164699390542985E-005  -8.3160313382823838E-020
  -1.8148215333826495E-018  -1.2834573688654278E-018   5.9915256241997068E-019  -2.3760703851108504E-003  -3.4614894162567312E-003  -2.9943380055404470E-018  -3.5282389234166303E-018   1.0027346309184801E-017   1.4532985353132887E-003   3.2226460161823672E-019   1.5754649071738432E-019  -4.1957482503590366E-019   3.1031226409772718E-021   2.0260864364238328E-020  -8.3160313382823838E-020   1.1763998467077954E-005
