   1.4135905785294279E-004  -1.0776475933143434E-018  -2.4530285910730710E-017  -2.3513747332141168E-015  -5.7104866897361110E-004  -9.3084884261878763E-018   4.8881801547458125E-017  -2.3171179940612134E-015  -8.0927143884223715E-003  -1.4873093872486076E-016   6.0614238864844401E-016   2.7354669706496814E-015  -1.0390497850546623E-002  -1.7225029081303521E-016   8.0128977997077062E-016   3.8991886689101804E-015  -3.5292314554374041E-015   1.6884789246205537E-003   2.8196668022912540E-017  -1.2999584048101048E-016
  -1.0776475933143434E-018   1.4135905785288581E-004   1.0979466055440706E-017   1.0312875169260665E-015   1.2410104703351527E-017  -5.7104866897348631E-004  -3.2200010429431591E-017   1.0958682749843773E-015   2.0192397253771626E-016  -8.0927143884207391E-003  -5.6283115883561350E-016  -1.6033279305158578E-015   2.6600053268984686E-016  -1.0390497850544547E-002  -7.5636738761314383E-016  -2.4124876458978270E-015   2.2044825051654176E-015  -4.3129964762123435E-017   1.6884789246202131E-003   1.2237794379076141E-016
  -2.4530285910730710E-017   1.0979466055440706E-017   1.4135905785291433E-004   3.2143034276549464E-015   6.0005686720408913E-017  -9.9891654260854679E-018  -5.7104866897352577E-004   3.1467212017511937E-015   7.9256142308668024E-016  -3.8430943608105234E-017  -8.0927143884215510E-003  -2.5668294190616074E-015   1.0016848580387039E-015  -8.8033828274025919E-017  -1.0390497850545580E-002  -3.2151186684657372E-015   2.8418353777409446E-015  -1.6195367889686793E-016   1.3258183206896586E-017   1.6884789246203831E-003
  -2.3513747332141168E-015   1.0312875169260665E-015   3.2143034276549464E-015  0.68155638518718942        1.7587795998104971E-015   6.2054446890318960E-016  -4.1170600502489356E-016  0.68358579886055815        5.2417232070575389E-016   2.1087211641111426E-015  -2.3810759592220727E-015 -0.51731151305388323        5.0805057260958603E-016   2.1543170032173499E-015  -3.6984633739707076E-015 -0.60131323874853249       0.53119891503305194       -9.4003499660846027E-017  -3.6838002556536481E-016   5.5638190480028392E-016
  -5.7104866897361110E-004   1.2410104703351527E-017   6.0005686720408913E-017   1.7587795998104971E-015   2.3068672590883725E-003   5.0567602253301984E-018  -3.9558423870246261E-017   1.7255699409207426E-015   3.2692165964347361E-002   1.3958637102630242E-016  -2.1079261925369813E-016  -1.4833234242365349E-015   4.1974529666860633E-002   1.0363702219540991E-016  -3.6373627634172396E-016  -1.7667775595031134E-015   1.5852894861974410E-015  -6.8209540806195229E-003  -1.7671648378567226E-017   5.8237220892876190E-017
  -9.3084884261878763E-018  -5.7104866897348631E-004  -9.9891654260854679E-018   6.2054446890318960E-016   5.0567602253301984E-018   2.3068672590882940E-003  -8.7443446309798882E-018   2.8137003294620953E-016  -3.3580621193896416E-017   3.2692165964346799E-002   3.0631845394620617E-016   1.7907593315208787E-016  -7.0357944730730550E-017   4.1974529666859987E-002   5.2955314016212967E-016   3.5814041761561946E-016  -3.8324228660590862E-016   1.1046791939853677E-017  -6.8209540806194058E-003  -8.3898401667302103E-017
   4.8881801547458125E-017  -3.2200010429431591E-017  -5.7104866897352577E-004  -4.1170600502489356E-016  -3.9558423870246261E-017  -8.7443446309798882E-018   2.3068672590881483E-003  -1.4113601607495789E-016  -3.2703645631957002E-016  -5.4054678078454087E-016   3.2692165964345744E-002  -3.2233964259057513E-016  -3.5561746554229835E-016  -5.3772192590544778E-016   4.1974529666858607E-002  -3.3034451866603536E-016   3.8412517330440262E-016   5.4466865486411700E-017   9.1612542476183423E-017  -6.8209540806191890E-003
  -2.3171179940612134E-015   1.0958682749843773E-015   3.1467212017511937E-015  0.68358579886055815        1.7255699409207426E-015   2.8137003294620953E-016  -1.4113601607495789E-016  0.68689256021241551        1.4303912561363235E-017  -2.9738108440832051E-015   1.7001005814559241E-015 -0.48224369196997469       -6.7480277380974929E-017  -4.2805193395452167E-015   1.4792765205662926E-015 -0.53215430402759811       0.46695489850943084        4.0177579241857839E-018   6.7867618850308536E-016  -2.8507090091559915E-016
  -8.0927143884223715E-003   2.0192397253771626E-016   7.9256142308668024E-016   5.2417232070575389E-016   3.2692165964347361E-002  -3.3580621193896416E-017  -3.2703645631957002E-016   1.4303912561363235E-017  0.46330265047967750        4.8670513149232167E-016   3.2284152564829443E-016  -1.5382301814055793E-015  0.59484926353617351       -4.4623728540429863E-016  -9.0475993667557404E-016  -1.6450049861068180E-015   1.7179135828147371E-015  -9.6664323428356971E-002   6.0747508911183764E-017   1.3468670894290605E-016
  -1.4873093872486076E-016  -8.0927143884207391E-003  -3.8430943608105234E-017   2.1087211641111426E-015   1.3958637102630242E-016   3.2692165964346799E-002  -5.4054678078454087E-016  -2.9738108440832051E-015   4.8670513149232167E-016  0.46330265047967734       -1.5632162448167502E-015   2.4168806828273258E-016   2.3880908101708990E-016  0.59484926353617451       -7.6002572291228055E-017  -3.3107393282570433E-015   2.6111880179963147E-015  -4.4286270614244048E-017  -9.6664323428356944E-002   4.2893748448956734E-017
   6.0614238864844401E-016  -5.6283115883561350E-016  -8.0927143884215510E-003  -2.3810759592220727E-015  -2.1079261925369813E-016   3.0631845394620617E-016   3.2692165964345744E-002   1.7001005814559241E-015   3.2284152564829443E-016  -1.5632162448167502E-015  0.46330265047967689       -3.8017386371556954E-016   1.3253829457549077E-015   2.0803129184566376E-016  0.59484926353617340        5.4682545160712144E-015  -4.1083531782767271E-015  -2.6245315870674535E-016   2.6169929938367588E-017  -9.6664323428356874E-002
   2.7354669706496814E-015  -1.6033279305158578E-015  -2.5668294190616074E-015 -0.51731151305388323       -1.4833234242365349E-015   1.7907593315208787E-016  -3.2233964259057513E-016 -0.48224369196997469       -1.5382301814055793E-015   2.4168806828273258E-016  -3.8017386371556954E-016   1.4468070763371754        4.4226814810099139E-016   3.3919725270821381E-015  -1.7378744542277231E-015   2.4994473523719729       -2.2986889841662799        6.7269985852179488E-017  -4.9597669107257111E-016   3.1841968173086531E-016
  -1.0390497850546623E-002   2.6600053268984686E-016   1.0016848580387039E-015   5.0805057260958603E-016   4.1974529666860633E-002  -7.0357944730730550E-017  -3.5561746554229835E-016  -6.7480277380974929E-017  0.59484926353617351        2.3880908101708990E-016   1.3253829457549077E-015   4.4226814810099139E-016  0.76374621635161422       -1.0686438713103357E-015   7.8469132233665485E-018   2.4756241258092177E-015  -2.0442490541982769E-015 -0.12411045251316313        1.5854593300116513E-016  -1.7113453666326368E-017
  -1.7225029081303521E-016  -1.0390497850544547E-002  -8.8033828274025919E-017   2.1543170032173499E-015   1.0363702219540991E-016   4.1974529666859987E-002  -5.3772192590544778E-016  -4.2805193395452167E-015  -4.4623728540429863E-016  0.59484926353617451        2.0803129184566376E-016   3.3919725270821381E-015  -1.0686438713103357E-015  0.76374621635161677        2.7464196281773505E-015   1.3960598129928297E-015  -1.8647835982500013E-015   1.6662154512028766E-016 -0.12411045251316333       -4.0708403445041802E-016
   8.0128977997077062E-016  -7.5636738761314383E-016  -1.0390497850545580E-002  -3.6984633739707076E-015  -3.6373627634172396E-016   5.2955314016212967E-016   4.1974529666858607E-002   1.4792765205662926E-015  -9.0475993667557404E-016  -7.6002572291228055E-017  0.59484926353617340       -1.7378744542277231E-015   7.8469132233665485E-018   2.7464196281773505E-015  0.76374621635161488        4.2211578470397929E-015  -2.6522065349344599E-015  -6.1716514602843226E-017  -3.6929958873929815E-016 -0.12411045251316315     
   3.8991886689101804E-015  -2.4124876458978270E-015  -3.2151186684657372E-015 -0.60131323874853249       -1.7667775595031134E-015   3.5814041761561946E-016  -3.3034451866603536E-016 -0.53215430402759811       -1.6450049861068180E-015  -3.3107393282570433E-015   5.4682545160712144E-015   2.4994473523719729        2.4756241258092177E-015   1.3960598129928297E-015   4.2211578470397929E-015   4.4900866689713173       -4.1422825289305356       -1.3936935581322483E-016  -1.3060358039352522E-016  -6.4242952392308225E-016
  -3.5292314554374041E-015   2.2044825051654176E-015   2.8418353777409446E-015  0.53119891503305194        1.5852894861974410E-015  -3.8324228660590862E-016   3.8412517330440262E-016  0.46695489850943084        1.7179135828147371E-015   2.6111880179963147E-015  -4.1083531782767271E-015  -2.2986889841662799       -2.0442490541982769E-015  -1.8647835982500013E-015  -2.6522065349344599E-015  -4.1422825289305356        3.8223411394129765        8.8705533144294989E-017   2.1444028317431777E-016   3.9236174037111982E-016
   1.6884789246205537E-003  -4.3129964762123435E-017  -1.6195367889686793E-016  -9.4003499660846027E-017  -6.8209540806195229E-003   1.1046791939853677E-017   5.4466865486411700E-017   4.0177579241857839E-018  -9.6664323428356971E-002  -4.4286270614244048E-017  -2.6245315870674535E-016   6.7269985852179488E-017 -0.12411045251316313        1.6662154512028766E-016  -6.1716514602843226E-017  -1.3936935581322483E-016   8.8705533144294989E-017   2.0168223544993234E-002  -2.4621130194314332E-017   1.2603426738670431E-017
   2.8196668022912540E-017   1.6884789246202131E-003   1.3258183206896586E-017  -3.6838002556536481E-016  -1.7671648378567226E-017  -6.8209540806194058E-003   9.1612542476183423E-017   6.7867618850308536E-016   6.0747508911183764E-017  -9.6664323428356944E-002   2.6169929938367588E-017  -4.9597669107257111E-016   1.5854593300116513E-016 -0.12411045251316333       -3.6929958873929815E-016  -1.3060358039352522E-016   2.1444028317431777E-016  -2.4621130194314332E-017   2.0168223544993227E-002   5.3640055450773293E-017
  -1.2999584048101048E-016   1.2237794379076141E-016   1.6884789246203831E-003   5.5638190480028392E-016   5.8237220892876190E-017  -8.3898401667302103E-017  -6.8209540806191890E-003  -2.8507090091559915E-016   1.3468670894290605E-016   4.2893748448956734E-017  -9.6664323428356874E-002   3.1841968173086531E-016  -1.7113453666326368E-017  -4.0708403445041802E-016 -0.12411045251316315       -6.4242952392308225E-016   3.9236174037111982E-016   1.2603426738670431E-017   5.3640055450773293E-017   2.0168223544993220E-002
