  0.20082873249471178       -2.6314338991844839E-017  -1.3955085699173679E-017  -5.6692748724897517E-016  -9.1637824347176684E-018  -1.1182884074205881E-018  -3.9460446851988235E-018  -1.1983617321236484E-017  -1.7339359112368762E-018  -1.3358786517435094E-017  -7.3778140327613951E-016   8.1417215301600052E-002  -3.6821730590153919E-018  -1.5044927373665184E-017  -4.3728866354847300E-016  -1.2964343554984428E-002   5.8884578175380312E-016  -8.2596015277841237E-016  -1.8475129788362839E-016
  -2.6314338991844839E-017  0.20082873249471259       -6.2332237245144567E-017  -2.5368253956254009E-016   6.7827495921758741E-017  -4.2082141348321827E-018   1.2075016477678370E-018   7.2041719645716423E-017  -2.2084847847328199E-018   6.8423098868412811E-017  -7.0089131869486557E-017  -1.3081225837088890E-017   8.1417215301600412E-002  -2.3880611054257774E-017   5.4563291789431393E-017   1.1506407898901723E-016  -1.2964343554985734E-002  -2.2565288587099582E-016   1.6931332644175256E-017
  -1.3955085699173679E-017  -6.2332237245144567E-017  0.20082873249471145       -3.0262442378073113E-016  -9.0309377734069793E-017   2.8258142390765356E-018   8.7532792008712350E-019  -8.7648406292131811E-017   2.3636891349228526E-018  -8.1141849794729627E-017  -5.8234374721375928E-016  -3.1862869262583231E-017  -4.9660408460080283E-017   8.1417215301600246E-002   3.4836699471714399E-016  -6.5560723341375181E-016  -4.4608918698742793E-016  -1.2964343554985155E-002  -3.8563659573199297E-016
  -5.6692748724897517E-016  -2.5368253956254009E-016  -3.0262442378073113E-016  0.50214841738241145        5.3667917490680420E-016   1.3883380533804286E-016   8.3189103938229389E-017  -4.9175077881129125E-016   2.0195151702201392E-016   2.4552602269501249E-017  0.57342091194504929        5.1276841925469175E-016  -2.4171100074644361E-016   6.2969692807802690E-016  -8.8006956646642688E-003  -4.8554446757432143E-016   6.6094520715557544E-016  -6.1699379203832202E-016   7.5690480092989736E-004
  -9.1637824347176684E-018   6.7827495921758741E-017  -9.0309377734069793E-017   5.3667917490680420E-016   1.0740883558220177E-030  -1.7583227467583498E-032  -2.6094230411925428E-031  -4.2023137973205539E-031  -6.9734181683080548E-032  -2.0202525933020222E-031   6.1519607424395939E-016  -4.3574196966557184E-018   2.7363908602983060E-017  -3.6734250713499951E-017   2.2807457435394135E-016  -7.9533434425004715E-016  -1.7013862183796245E-016  -1.4566709316736542E-016  -3.6406643898582022E-016
  -1.1182884074205881E-018  -4.2082141348321827E-018   2.8258142390765356E-018   1.3883380533804286E-016  -1.7583227467583498E-032   7.3831048867005825E-031   2.9278858639445772E-031  -5.0156842887721188E-031   4.0231137426331187E-031   4.8105047917423662E-031   1.5822994198255189E-016  -4.9079896643627914E-020  -1.0944581932027738E-018   5.7193859973484618E-019  -2.6600339844180395E-017   5.0099870278465463E-016   7.5805023814239884E-016  -7.1098358837026762E-016  -2.6195131403174715E-016
  -3.9460446851988235E-018   1.2075016477678370E-018   8.7532792008712350E-019   8.3189103938229389E-017  -2.6094230411925428E-031   2.9278858639445772E-031   8.5232038832005902E-031  -3.0506171292235545E-033  -1.1032555197352994E-032   2.0581849983318187E-031   9.9098009473500832E-017  -6.5405290050706485E-019   2.6394001047852551E-019   2.0843981481959778E-019   4.0342825429576439E-016   1.1720265061566112E-015  -2.7959465117336746E-016  -1.8148331721692504E-016  -1.7238864496424244E-016
  -1.1983617321236484E-017   7.2041719645716423E-017  -8.7648406292131811E-017  -4.9175077881129125E-016  -4.2023137973205539E-031  -5.0156842887721188E-031  -3.0506171292235545E-033   8.1857946788814389E-031  -5.1363192197580015E-031  -3.5816761908813300E-031  -5.5824312113891646E-016  -4.8788230913938717E-018   2.8780345283811861E-017  -3.5221091920145212E-017   3.2889293352675342E-016  -2.4738806123363803E-017  -5.3225900479922738E-016   3.9238725259817379E-016   1.1654012402308249E-016
  -1.7339359112368762E-018  -2.2084847847328199E-018   2.3636891349228526E-018   2.0195151702201392E-016  -6.9734181683080548E-032   4.0231137426331187E-031  -1.1032555197352994E-032  -5.1363192197580015E-031   6.9113781617453707E-031   7.8684881036892425E-031   2.2150232252352312E-016  -4.3687070386034571E-019  -5.0365316514458164E-019   7.5962443174808542E-019  -8.9753320678094641E-016   3.2979675601749468E-016   4.8545589033420078E-016  -2.4626581588221251E-016   1.3958668955263747E-016
  -1.3358786517435094E-017   6.8423098868412811E-017  -8.1141849794729627E-017   2.4552602269501249E-017  -2.0202525933020222E-031   4.8105047917423662E-031   2.0581849983318187E-031  -3.5816761908813300E-031   7.8684881036892425E-031   2.0485096370730371E-030   1.2686626969083298E-017  -4.8155415540627564E-018   2.7957468529560957E-017  -3.2958530820853883E-017  -1.4757708352169117E-015   7.4453493730913539E-016   2.6609262103283273E-016  -7.2972354971251358E-017  -1.0870590463783707E-015
  -7.3778140327613951E-016  -7.0089131869486557E-017  -5.8234374721375928E-016  0.57342091194504929        6.1519607424395939E-016   1.5822994198255189E-016   9.9098009473500832E-017  -5.5824312113891646E-016   2.2150232252352312E-016   1.2686626969083298E-017  0.65501988952924850        5.5075177012374674E-016  -1.8621782162245631E-016   6.1476073968169474E-016   1.0506143436939282E-002   1.0414051816098288E-015  -2.5646192965347877E-016   1.0962627809672242E-015   1.3374549923300479E-003
   8.1417215301600052E-002  -1.3081225837088890E-017  -3.1862869262583231E-017   5.1276841925469175E-016  -4.3574196966557184E-018  -4.9079896643627914E-020  -6.5405290050706485E-019  -4.8788230913938717E-018  -4.3687070386034571E-019  -4.8155415540627564E-018   5.5075177012374674E-016   3.3008347515579121E-002  -3.2264568782931863E-018  -1.5432023545901396E-017  -1.3946133536474644E-016  -3.6415468245564078E-003  -5.5761272781392641E-016   8.3824280990460954E-016   1.3020704325478289E-016
  -3.6821730590153919E-018   8.1417215301600412E-002  -4.9660408460080283E-017  -2.4171100074644361E-016   2.7363908602983060E-017  -1.0944581932027738E-018   2.6394001047852551E-019   2.8780345283811861E-017  -5.0365316514458164E-019   2.7957468529560957E-017  -1.8621782162245631E-016  -3.2264568782931863E-018   3.3008347515579274E-002  -1.8571881619246564E-017   1.7901523742567788E-016  -9.3209058409599678E-017  -3.6415468245555491E-003   2.9243265903005944E-016  -9.9346660622588159E-018
  -1.5044927373665184E-017  -2.3880611054257774E-017   8.1417215301600246E-002   6.2969692807802690E-016  -3.6734250713499951E-017   5.7193859973484618E-019   2.0843981481959778E-019  -3.5221091920145212E-017   7.5962443174808542E-019  -3.2958530820853883E-017   6.1476073968169474E-016  -1.5432023545901396E-017  -1.8571881619246564E-017   3.3008347515579337E-002  -8.3456292895292861E-016   1.6312405123103086E-016   6.7172165583509101E-016  -3.6415468245577726E-003   2.0962144425285995E-016
  -4.3728866354847300E-016   5.4563291789431393E-017   3.4836699471714399E-016  -8.8006956646642688E-003   2.2807457435394135E-016  -2.6600339844180395E-017   4.0342825429576439E-016   3.2889293352675342E-016  -8.9753320678094641E-016  -1.4757708352169117E-015   1.0506143436939282E-002  -1.3946133536474644E-016   1.7901523742567788E-016  -8.3456292895292861E-016   2.0094042651154562        5.9558969349907946E-016  -2.1871001715565985E-016   5.9001833916392062E-016  -9.0050838876823156E-006
  -1.2964343554984428E-002   1.1506407898901723E-016  -6.5560723341375181E-016  -4.8554446757432143E-016  -7.9533434425004715E-016   5.0099870278465463E-016   1.1720265061566112E-015  -2.4738806123363803E-017   3.2979675601749468E-016   7.4453493730913539E-016   1.0414051816098288E-015  -3.6415468245564078E-003  -9.3209058409599678E-017   1.6312405123103086E-016   5.9558969349907946E-016   2.0010164647952879       -8.2284468618907144E-017   2.4547644792184149E-016   3.2254359420949580E-017
   5.8884578175380312E-016  -1.2964343554985734E-002  -4.4608918698742793E-016   6.6094520715557544E-016  -1.7013862183796245E-016   7.5805023814239884E-016  -2.7959465117336746E-016  -5.3225900479922738E-016   4.8545589033420078E-016   2.6609262103283273E-016  -2.5646192965347877E-016  -5.5761272781392641E-016  -3.6415468245555491E-003   6.7172165583509101E-016  -2.1871001715565985E-016  -8.2284468618907144E-017   2.0010164647952866       -7.8818698925939415E-016   6.4244277783017880E-017
  -8.2596015277841237E-016  -2.2565288587099582E-016  -1.2964343554985155E-002  -6.1699379203832202E-016  -1.4566709316736542E-016  -7.1098358837026762E-016  -1.8148331721692504E-016   3.9238725259817379E-016  -2.4626581588221251E-016  -7.2972354971251358E-017   1.0962627809672242E-015   8.3824280990460954E-016   2.9243265903005944E-016  -3.6415468245577726E-003   5.9001833916392062E-016   2.4547644792184149E-016  -7.8818698925939415E-016   2.0010164647952888        2.6788412814783789E-016
  -1.8475129788362839E-016   1.6931332644175256E-017  -3.8563659573199297E-016   7.5690480092989736E-004  -3.6406643898582022E-016  -2.6195131403174715E-016  -1.7238864496424244E-016   1.1654012402308249E-016   1.3958668955263747E-016  -1.0870590463783707E-015   1.3374549923300479E-003   1.3020704325478289E-016  -9.9346660622588159E-018   2.0962144425285995E-016  -9.0050838876823156E-006   3.2254359420949580E-017   6.4244277783017880E-017   2.6788412814783789E-016   2.0000278874091477     
