  0.22713512770873290       -2.0249734325692799E-017   2.7521970987384012E-017   3.5387947441184749E-016   5.0488988972729173E-018   1.1832760178218855E-018  -4.8553873500313377E-018  -1.2221741544205210E-017   1.5124883622488057E-018   7.1728426469327093E-018  0.21762681919299212       -2.6051910014384793E-017   3.1596693566229560E-017   3.3772458320607464E-016   1.7736252943956772E-015
  -2.0249734325692799E-017  0.22713512770873234        4.7343494865200335E-018  -8.9253865770451664E-018   7.5808900126731844E-019   5.8335305019930173E-018  -1.8495545443771476E-018  -1.4240584351153326E-018   3.2263376793929523E-018   6.6596943384872615E-019  -1.1346288672787107E-017  0.21762681919299157        3.5730108469712398E-017  -2.9108059779070029E-018   1.3678967497129294E-017
   2.7521970987384012E-017   4.7343494865200335E-018  0.22713512770873262        2.1026291842973490E-016  -1.1796906192021324E-017  -1.0868547430436007E-018  -4.0640666007948943E-019  -3.4036297893876021E-017   4.5901310015480365E-018  -2.6994563196591879E-017   5.0384413731922259E-017   7.2042975607135671E-018  0.21762681919299209        1.2228677696917794E-016  -1.6989722155546767E-016
   3.5387947441184749E-016  -8.9253865770451664E-018   2.1026291842973490E-016  0.60336656201376559        2.7878843319444785E-015  -9.9550942879921280E-017  -7.9802883429130108E-017   1.2689094739363219E-015   3.2468064876960932E-016   1.4164126183383284E-015  -2.0365158468932059E-016  -3.7664380254384178E-017  -1.4129164109549395E-016  0.58179023496732341        9.3693005069651891E-003
   5.0488988972729173E-018   7.5808900126731844E-019  -1.1796906192021324E-017   2.7878843319444785E-015   1.3551606726929984E-029  -5.6472936214723791E-031   3.3222534011743144E-032   6.9627504580124930E-030   1.1131156358390405E-030   8.0757974813989336E-030   4.8375423851184313E-018   7.2635395359248002E-019  -1.1303065258053291E-017   2.6865926585086810E-015  -1.1140526788655949E-015
   1.1832760178218855E-018   5.8335305019930173E-018  -1.0868547430436007E-018  -9.9550942879921280E-017  -5.6472936214723791E-031   3.3011647629293797E-032  -4.9886013070030063E-032  -3.8133424443038227E-031   7.1067768784152247E-033  -4.7313473166649548E-031   1.1337418328181960E-018   5.5893278182933756E-018  -1.0413569360204637E-018  -9.5740803455699472E-017   1.7975530243299385E-016
  -4.8553873500313377E-018  -1.8495545443771476E-018  -4.0640666007948943E-019  -7.9802883429130108E-017   3.3222534011743144E-032  -4.9886013070030063E-032   2.5217612011557046E-031   4.9216950834254779E-031  -2.7540789600891807E-031   7.3136603789539613E-031  -4.6521315993535005E-018  -1.7721286728176305E-018  -3.8939370419776825E-019  -7.7908550241169035E-017  -6.9642983272714805E-016
  -1.2221741544205210E-017  -1.4240584351153326E-018  -3.4036297893876021E-017   1.2689094739363219E-015   6.9627504580124930E-030  -3.8133424443038227E-031   4.9216950834254779E-031   4.4762306923414732E-030   4.7231513313237450E-032   5.4921968743493630E-030  -1.1710116194244939E-017  -1.3644446400933930E-018  -3.2611473718183287E-017   1.2209127579508500E-015  -1.8792192232125953E-015
   1.5124883622488057E-018   3.2263376793929523E-018   4.5901310015480365E-018   3.2468064876960932E-016   1.1131156358390405E-030   7.1067768784152247E-033  -2.7540789600891807E-031   4.7231513313237450E-032   3.9850167882970120E-031  -1.2247465661096704E-031   1.4491727222592257E-018   3.0912770468034776E-018   4.3979793862047976E-018   3.1399334558954118E-016   6.7402645585463206E-016
   7.1728426469327093E-018   6.6596943384872615E-019  -2.6994563196591879E-017   1.4164126183383284E-015   8.0757974813989336E-030  -4.7313473166649548E-031   7.3136603789539613E-031   5.4921968743493630E-030  -1.2247465661096704E-031   6.8242041945908697E-030   6.8725738091294074E-018   6.3809068650139350E-019  -2.5864519430531117E-017   1.3621116838830746E-015  -2.6229220771049350E-015
  0.21762681919299212       -1.1346288672787107E-017   5.0384413731922259E-017  -2.0365158468932059E-016   4.8375423851184313E-018   1.1337418328181960E-018  -4.6521315993535005E-018  -1.1710116194244939E-017   1.4491727222592257E-018   6.8725738091294074E-018  0.20851654655898622       -1.7242767362940023E-017   5.3279713517795448E-017  -2.0332243912617845E-016  -9.1743127201835877E-016
  -2.6051910014384793E-017  0.21762681919299157        7.2042975607135671E-018  -3.7664380254384178E-017   7.2635395359248002E-019   5.5893278182933756E-018  -1.7721286728176305E-018  -1.3644446400933930E-018   3.0912770468034776E-018   6.3809068650139350E-019  -1.7242767362940023E-017  0.20851654655898569        3.6791723096937802E-017  -3.0891137476566745E-017  -9.5335170937995063E-018
   3.1596693566229560E-017   3.5730108469712398E-017  0.21762681919299209       -1.4129164109549395E-016  -1.1303065258053291E-017  -1.0413569360204637E-018  -3.8939370419776825E-019  -3.2611473718183287E-017   4.3979793862047976E-018  -2.5864519430531117E-017   5.3279713517795448E-017   3.6791723096937802E-017  0.20851654655898638       -2.1332915965995540E-016  -1.6884814375017829E-016
   3.3772458320607464E-016  -2.9108059779070029E-018   1.2228677696917794E-016  0.58179023496732341        2.6865926585086810E-015  -9.5740803455699472E-017  -7.7908550241169035E-017   1.2209127579508500E-015   3.1399334558954118E-016   1.3621116838830746E-015  -2.0332243912617845E-016  -3.0891137476566745E-017  -2.1332915965995540E-016  0.56098928662041947        1.1796028803115711E-002
   1.7736252943956772E-015   1.3678967497129294E-017  -1.6989722155546767E-016   9.3693005069651891E-003  -1.1140526788655949E-015   1.7975530243299385E-016  -6.9642983272714805E-016  -1.8792192232125953E-015   6.7402645585463206E-016  -2.6229220771049350E-015  -9.1743127201835877E-016  -9.5335170937995063E-018  -1.6884814375017829E-016   1.1796028803115711E-002   2.0013331049603122     
