   5.3606535526006889E-006  -4.8856169104056092E-019   8.9967885734033639E-019   1.5748318755892102E-016   7.7543396845663610E-017   2.7014272169419084E-006   2.7634435602186581E-018  -1.9911339303824236E-018   3.1237460440139124E-016  -3.2744177544660417E-003  -8.5134938414011640E-016   1.0881434167890787E-015  -5.9894314197949661E-016   7.7870013626826624E-019  -2.5868025564052725E-019   3.3822782103475706E-019  -9.4245623703971692E-019   1.6683593997446793E-018   1.5238377203928248E-021
  -4.8856169104056092E-019   5.3606535525932587E-006   3.5875414277444072E-018  -2.1224614855308858E-016  -9.8163132366095439E-017  -2.0443591144858098E-018   2.7014272169395892E-006  -1.8444173542669838E-018   1.0034447180232922E-016   1.1497351855245133E-015  -3.2744177544637727E-003  -6.7824123093125299E-016  -2.6047398429874840E-016   1.3869570375479624E-018  -1.6486832162882536E-019  -1.8512024901946360E-019  -2.1180354114722217E-018   2.1231527653729030E-019   2.3997542643650100E-019
   8.9967885734033639E-019   3.5875414277444072E-018   5.3606535525931859E-006   3.1232647891400688E-016   1.4045813697221052E-016   2.3995724524063097E-018  -7.4601351469130252E-023   2.7014272169410262E-006  -2.3943149512546976E-016  -1.6355657757647192E-015  -1.5138811317500073E-015  -3.2744177544637471E-003   4.4092614627302379E-016   3.7083318200170642E-019  -1.1523956290614778E-019   1.1419460214917633E-019   8.6451932794520253E-019  -3.4541090879154285E-020  -1.1690395979832805E-019
   1.5748318755892102E-016  -2.1224614855308858E-016   3.1232647891400688E-016  0.50027401999068932       0.23744807681448113       -2.1542115198467628E-017   4.2378406320474271E-017  -1.7879910141107707E-016  -6.9510450271921612E-002   8.4999999664084548E-016   9.2326578185501005E-016  -2.7549280811999899E-015  -5.5743677975865812E-003  -1.1283544844255920E-015  -7.5441045787645288E-018   2.9937206029101173E-018  -1.6722981766330461E-015   3.6314998437379409E-018  -1.1820566400388393E-015
   7.7543396845663610E-017  -9.8163132366095439E-017   1.4045813697221052E-016  0.23744807681448113       0.11271319810375455       -9.8298250685632077E-018   2.0667340323655710E-017  -8.7630616806826498E-017  -2.8141437779977546E-002  -7.6895290472569065E-016  -1.0153662193824222E-015   3.1262150338979032E-015  -2.8728834052172401E-003  -5.3804343606584509E-016  -3.7818423423270223E-018   1.1418542232321848E-018  -7.9866955506732997E-016   2.0176334897196507E-018  -5.6346843919161424E-016
   2.7014272169419084E-006  -2.0443591144858098E-018   2.3995724524063097E-018  -2.1542115198467628E-017  -9.8298250685632077E-018   1.3613468837011609E-006   4.8644371931585637E-019  -2.2647985451843771E-020  -1.5605991602320252E-016  -1.6500975403010295E-003   6.6933124917287376E-016  -6.4042651040971372E-016   1.6416971223298762E-015   3.9241516380576329E-019  -1.3035833713450191E-019   1.7044523252729899E-019  -4.7493778594691690E-019   8.4074664514036689E-019   7.6791694323333827E-022
   2.7634435602186581E-018   2.7014272169395892E-006  -7.4601351469130252E-023   4.2378406320474271E-017   2.0667340323655710E-017   4.8644371931585637E-019   1.3613468837007100E-006  -1.8405683213181513E-018  -2.6057829267520453E-016  -1.2589728300990142E-015  -1.6500975403007563E-003   7.6255967822233150E-016   2.3223135941992950E-016   6.9893781666709853E-019  -8.3083110462165922E-020  -9.3288789174765839E-020  -1.0673546519769716E-018   1.0699334717072010E-019   1.2093229715564472E-019
  -1.9911339303824236E-018  -1.8444173542669838E-018   2.7014272169410262E-006  -1.7879910141107707E-016  -8.7630616806826498E-017  -2.2647985451843771E-020  -1.8405683213181513E-018   1.3613468837021773E-006   4.3684696710297374E-016   6.6894833320525255E-016   1.4680199803869952E-015  -1.6500975403016440E-003   9.4949016362021300E-016   1.8687625323493256E-019  -5.8073383897517698E-020   5.7546790376734756E-020   4.3566255852676608E-019  -1.7406505026617043E-020  -5.8912133691990827E-020
   3.1237460440139124E-016   1.0034447180232922E-016  -2.3943149512546976E-016  -6.9510450271921612E-002  -2.8141437779977546E-002  -1.5605991602320252E-016  -2.6057829267520453E-016   4.3684696710297374E-016   2.0106613691229960       -4.3537127260942327E-016  -1.2513795624230584E-015   6.6349813088716064E-016   6.9827314331062673E-004  -8.8737128582430268E-016  -6.8589460720075557E-017  -1.1179368738312704E-016  -1.7495671045343548E-015   1.0479224274622354E-016  -8.6849455992024025E-016
  -3.2744177544660417E-003   1.1497351855245133E-015  -1.6355657757647192E-015   8.4999999664084548E-016  -7.6895290472569065E-016  -1.6500975403010295E-003  -1.2589728300990142E-015   6.6894833320525255E-016  -4.3537127260942327E-016   2.0000941164274293        2.4161826578665731E-017  -1.2970310589444090E-015  -3.3825977430309024E-016  -4.7564900932004748E-016   1.5800820058365583E-016  -2.0659779099391573E-016   5.7567522412752259E-016  -1.0190745560685182E-015  -9.3079719447930108E-019
  -8.5134938414011640E-016  -3.2744177544637727E-003  -1.5138811317500073E-015   9.2326578185501005E-016  -1.0153662193824222E-015   6.6933124917287376E-016  -1.6500975403007563E-003   1.4680199803869952E-015  -1.2513795624230584E-015   2.4161826578665731E-017   2.0000941164274293        4.6708276623622785E-016   1.5464718690568485E-015  -8.4718713937922454E-016   1.0070558639795220E-016   1.1307595690575618E-016   1.2937476163808156E-015  -1.2968734207847948E-016  -1.4658283532925323E-016
   1.0881434167890787E-015  -6.7824123093125299E-016  -3.2744177544637471E-003  -2.7549280811999899E-015   3.1262150338979032E-015  -6.4042651040971372E-016   7.6255967822233150E-016  -1.6500975403016440E-003   6.6349813088716064E-016  -1.2970310589444090E-015   4.6708276623622785E-016   2.0000941164274257        1.4716348082946160E-016  -2.2651393961136283E-016   7.0391131807713310E-017  -6.9752844326216760E-017  -5.2806946181741061E-016   2.1098539595291467E-017   7.1407785967324467E-017
  -5.9894314197949661E-016  -2.6047398429874840E-016   4.4092614627302379E-016  -5.5743677975865812E-003  -2.8728834052172401E-003   1.6416971223298762E-015   2.3223135941992950E-016   9.4949016362021300E-016   6.9827314331062673E-004  -3.3825977430309024E-016   1.5464718690568485E-015   1.4716348082946160E-016   2.0000559472660124       -3.8786999540383149E-016   2.8502276464225260E-016   7.9982343393677734E-017   1.1831213503862976E-015  -3.4149195780711454E-016  -7.0725990148147180E-016
   7.7870013626826624E-019   1.3869570375479624E-018   3.7083318200170642E-019  -1.1283544844255920E-015  -5.3804343606584509E-016   3.9241516380576329E-019   6.9893781666709853E-019   1.8687625323493256E-019  -8.8737128582430268E-016  -4.7564900932004748E-016  -8.4718713937922454E-016  -2.2651393961136283E-016  -3.8786999540383149E-016   3.6676327602487476E-030  -9.1907348778710075E-032   4.4479815491815474E-032   3.9477576862451759E-030   3.0012825743939243E-031   3.4034830044794443E-030
  -2.5868025564052725E-019  -1.6486832162882536E-019  -1.1523956290614778E-019  -7.5441045787645288E-018  -3.7818423423270223E-018  -1.3035833713450191E-019  -8.3083110462165922E-020  -5.8073383897517698E-020  -6.8589460720075557E-017   1.5800820058365583E-016   1.0070558639795220E-016   7.0391131807713310E-017   2.8502276464225260E-016  -9.1907348778710075E-032   6.3162269657270787E-032   2.1473052710640446E-033   3.5211832727506415E-031  -1.3865928809837084E-031  -5.3819288046033175E-032
   3.3822782103475706E-019  -1.8512024901946360E-019   1.1419460214917633E-019   2.9937206029101173E-018   1.1418542232321848E-018   1.7044523252729899E-019  -9.3288789174765839E-020   5.7546790376734756E-020  -1.1179368738312704E-016  -2.0659779099391573E-016   1.1307595690575618E-016  -6.9752844326216760E-017   7.9982343393677734E-017   4.4479815491815474E-032   2.1473052710640446E-033   3.9583950222487193E-032   1.7898668066750153E-031   7.7697514427010642E-032   1.0905064323937535E-032
  -9.4245623703971692E-019  -2.1180354114722217E-018   8.6451932794520253E-019  -1.6722981766330461E-015  -7.9866955506732997E-016  -4.7493778594691690E-019  -1.0673546519769716E-018   4.3566255852676608E-019  -1.7495671045343548E-015   5.7567522412752259E-016   1.2937476163808156E-015  -5.2806946181741061E-016   1.1831213503862976E-015   3.9477576862451759E-030   3.5211832727506415E-031   1.7898668066750153E-031   9.3730229071583434E-030  -6.9799754381727395E-031   4.4408242533924954E-030
   1.6683593997446793E-018   2.1231527653729030E-019  -3.4541090879154285E-020   3.6314998437379409E-018   2.0176334897196507E-018   8.4074664514036689E-019   1.0699334717072010E-019  -1.7406505026617043E-020   1.0479224274622354E-016  -1.0190745560685182E-015  -1.2968734207847948E-016   2.1098539595291467E-017  -3.4149195780711454E-016   3.0012825743939243E-031  -1.3865928809837084E-031   7.7697514427010642E-032  -6.9799754381727395E-031   5.9172427529461370E-031   7.0808657425852800E-032
   1.5238377203928248E-021   2.3997542643650100E-019  -1.1690395979832805E-019  -1.1820566400388393E-015  -5.6346843919161424E-016   7.6791694323333827E-022   1.2093229715564472E-019  -5.8912133691990827E-020  -8.6849455992024025E-016  -9.3079719447930108E-019  -1.4658283532925323E-016   7.1407785967324467E-017  -7.0725990148147180E-016   3.4034830044794443E-030  -5.3819288046033175E-032   1.0905064323937535E-032   4.4408242533924954E-030   7.0808657425852800E-032   3.5988209473717676E-030
