   2.2188325610479651E-030  -1.4562519255313349E-030   6.9122671902980246E-031   1.6492143306975675E-016  -2.5458859346210827E-030   4.4457050739192170E-031   9.6437702203665484E-031   6.5697578604711419E-016   4.6025492675260925E-031  -4.3125498772114149E-031  -7.6458218196172622E-031   2.6622680479679302E-032  -2.2790907264110925E-031   2.3122126539187561E-031  -1.0985123339397603E-030   3.0309709117961757E-031   2.2184519836616484E-030   5.7300378683309832E-016   6.5995797103634684E-016  -5.7147541601318655E-032  -3.6218923660517303E-031   3.3558275842355923E-031   7.9248680613509626E-016
  -1.4562519255313349E-030   1.2861166535809127E-030  -3.6621005431672776E-031  -1.9322720355002208E-016   1.5409438114331815E-030  -3.3002782014819268E-031  -5.7721745044507393E-031  -7.8144193741568288E-016   7.0383233317709981E-032   8.6001189090863506E-032   2.4346803065374542E-031   2.4504933911888702E-031   4.9534024363491982E-032   2.2220323829211204E-031   6.7063133579756040E-031  -2.3270571980136808E-031  -1.1235196013660637E-030  -6.6631421309776438E-016  -4.0018193770311054E-017   2.7963090718181508E-032   1.3608167291995631E-031  -9.9905893002749999E-032  -1.8690152685189198E-016
   6.9122671902980246E-031  -3.6621005431672776E-031   2.3848619136195059E-031   2.8879832055187041E-017  -8.2751515136093806E-031   1.2837035354388691E-031   3.1517909777518856E-031   1.1194539840851630E-016   2.4197807848033452E-031  -1.8650737978667377E-031  -3.0657533883986922E-031   7.7788424867891636E-032  -9.7484001714552805E-032   1.7102544240577527E-031  -3.5554198756374640E-031   8.5481108670015972E-032   7.7912276281891149E-031   1.0167315637433176E-016   3.0966185473322760E-016  -2.0329408995014707E-032  -1.3973480992618060E-031   1.3640001255552996E-031   3.3509077127600273E-016
   1.6492143306975675E-016  -1.9322720355002208E-016   2.8879832055187041E-017   3.4121783548408322E-002  -1.5579801783640029E-016   4.2884078367828531E-017   5.7346589539049574E-017  0.13893846994500261       -6.1607002144602263E-017   1.8635067852159079E-017   9.6295526154668226E-018  -6.5556952607587198E-017   8.7975385601980790E-018  -7.9016995216604083E-017  -6.8700373335084574E-017   3.1218428942173972E-017   7.9359565692541051E-017  0.11725752092554717       -5.2080097553608609E-002  -1.7924848970258714E-018  -7.7616482405879154E-019  -6.0156437827912634E-018  -2.6819071066158974E-002
  -2.5458859346210827E-030   1.5409438114331815E-030  -8.2751515136093806E-031  -1.5579801783640029E-016   2.9722702435575467E-030  -4.9505277103020416E-031  -1.1284434320868075E-030  -6.1602620409893070E-016  -6.7461462215575894E-031   5.7233334313935783E-031   9.7890738676471418E-031  -1.3381937628319678E-031   3.0085929959011656E-031  -4.1241248747461669E-031   1.2802341361156476E-030  -3.3448518372209282E-031  -2.6762432255495283E-030  -5.4328615664877560E-016  -9.1188360502956599E-016   6.9325368645385509E-032   4.5555468646654994E-031  -4.3238809692135727E-031  -1.0403821414116600E-015
   4.4457050739192170E-031  -3.3002782014819268E-031   1.2837035354388691E-031   4.2884078367828531E-017  -4.9505277103020416E-031   9.3503862371966153E-032   1.8677375075548257E-031   1.7218726142412381E-016   4.9093793636032981E-032  -6.3593655039076707E-032  -1.2328230796698600E-031  -2.5061412924986189E-032  -3.4080775787333113E-032   3.0301767039005952E-033  -2.1427220656975893E-031   6.4640244812959242E-032   4.0599844125346019E-031   1.4841364062845838E-016   8.6713928221762951E-017  -1.0345221648328509E-032  -6.0802253979054036E-032   5.3304605763735124E-032   1.2020343363227857E-016
   9.6437702203665484E-031  -5.7721745044507393E-031   3.1517909777518856E-031   5.7346589539049574E-017  -1.1284434320868075E-030   1.8677375075548257E-031   4.2854681325314215E-031   2.2646938502964226E-016   2.6285904481608040E-031  -2.2066930713943568E-031  -3.7588296948578969E-031   5.5847332919904961E-032  -1.1593019286732688E-031   1.6356684904750867E-031  -4.8593919954025588E-031   1.2603886292984127E-031   1.0202871731740968E-030   2.0009448975264309E-016   3.5314206859324986E-016  -2.6447794016364184E-032  -1.7455961057992191E-031   1.6615174355864331E-031   4.0064039800580767E-016
   6.5697578604711419E-016  -7.8144193741568288E-016   1.1194539840851630E-016  0.13893846994500261       -6.1602620409893070E-016   1.7218726142412381E-016   2.2646938502964226E-016  0.56588439955664893       -2.5861586580909490E-016   8.1217268801280645E-017   4.7515736586798731E-017  -2.7045463227510822E-016   3.8591320950863376E-017  -3.2802299030001160E-016  -2.7188859249626851E-016   1.2555789238866392E-016   3.0435074854662172E-016  0.47738984608727103      -0.22139723406598691       -6.8022492480924543E-018   5.0990060837008774E-019  -2.8228760318451345E-017 -0.11864520052374739     
   4.6025492675260925E-031   7.0383233317709981E-032   2.4197807848033452E-031  -6.1607002144602263E-017  -6.7461462215575894E-031   4.9093793636032981E-032   2.6285904481608040E-031  -2.5861586580909490E-016   5.1538872491522506E-031  -3.1160211146067821E-031  -4.4985676305574719E-031   3.0149801787462375E-031  -1.6007039144761760E-031   4.6957330191826943E-031  -2.8461850101363021E-031   2.4788603974295264E-032   8.3502710024780259E-031  -2.0837072926928506E-016   5.8011348390318785E-016  -2.2614005461754520E-032  -1.8970828561718045E-031   2.0528752458611166E-031   5.4006788448523464E-016
  -4.3125498772114149E-031   8.6001189090863506E-032  -1.8650737978667377E-031   1.8635067852159079E-017   5.7233334313935783E-031  -6.3593655039076707E-032  -2.2066930713943568E-031   8.1217268801280645E-017  -3.1160211146067821E-031   2.0133999860493318E-031   3.0268789083035153E-031  -1.6175260435630533E-031   1.0396791088208486E-031  -2.6798264013834113E-031   2.4353180608367648E-031  -3.8763413771679136E-032  -6.2948621514729868E-031   6.1742537801309840E-017  -3.6274296415708069E-016   1.6799470955943362E-032   1.3101054987939586E-031  -1.3700076114727246E-031  -3.5277316361956898E-016
  -7.6458218196172622E-031   2.4346803065374542E-031  -3.0657533883986922E-031   9.6295526154668226E-018   9.7890738676471418E-031  -1.2328230796698600E-031  -3.7588296948578969E-031   4.7515736586798731E-017  -4.4985676305574719E-031   3.0268789083035153E-031   4.6548517181727584E-031  -2.1446524934200727E-031   1.5677024944088432E-031  -3.7210908266478807E-031   4.1789802378937111E-031  -7.8028667949911382E-032  -1.0244511892196916E-030   2.9519396602514607E-017  -5.3483313951646099E-016   2.7155447968839030E-032   2.0427893356204326E-031  -2.0974460995731542E-031  -5.3365720589377387E-016
   2.6622680479679302E-032   2.4504933911888702E-031   7.7788424867891636E-032  -6.5556952607587198E-017  -1.3381937628319678E-031  -2.5061412924986189E-032   5.5847332919904961E-032  -2.7045463227510822E-016   3.0149801787462375E-031  -1.6175260435630533E-031  -2.1446524934200727E-031   2.0893559293449144E-031  -8.2237227923559285E-032   2.9994345544689429E-031  -5.3182323474672913E-032  -2.3205913876277638E-032   2.9082904503806511E-031  -2.2377004271931075E-016   3.2031707593185716E-016  -8.2696665309704988E-033  -8.5105834708763881E-032   9.9657536545112234E-032   2.7430484931298011E-016
  -2.2790907264110925E-031   4.9534024363491982E-032  -9.7484001714552805E-032   8.7975385601980790E-018   3.0085929959011656E-031  -3.4080775787333113E-032  -1.1593019286732688E-031   3.8591320950863376E-017  -1.6007039144761760E-031   1.0396791088208486E-031   1.5677024944088432E-031  -8.2237227923559285E-032   5.3707951224039412E-032  -1.3699986216323222E-031   1.2807903658092962E-031  -2.0903246466554910E-032  -3.2855955167248219E-031   2.9041317976121483E-017  -1.8684174045566662E-016   8.7601735440362569E-033   6.7979846869254739E-032  -7.0914189021945735E-032  -1.8231349436601883E-016
   2.3122126539187561E-031   2.2220323829211204E-031   1.7102544240577527E-031  -7.9016995216604083E-017  -4.1241248747461669E-031   3.0301767039005952E-033   1.6356684904750867E-031  -3.2802299030001160E-016   4.6957330191826943E-031  -2.6798264013834113E-031  -3.7210908266478807E-031   2.9994345544689429E-031  -1.3699986216323222E-031   4.4740615651540747E-031  -1.7145605570383955E-031  -6.6514327452733298E-033   6.0754428237285047E-031  -2.6883719763492885E-016   5.1377814991186814E-016  -1.6758475954148381E-032  -1.5278420284012915E-031   1.7119490873823181E-031   4.5978024510234583E-016
  -1.0985123339397603E-030   6.7063133579756040E-031  -3.5554198756374640E-031  -6.8700373335084574E-017   1.2802341361156476E-030  -2.1427220656975893E-031  -4.8593919954025588E-031  -2.7188859249626851E-016  -2.8461850101363021E-031   2.4353180608367648E-031   4.1789802378937111E-031  -5.3182323474672913E-032   1.2807903658092962E-031  -1.7145605570383955E-031   5.5152806240385932E-031  -1.4491201340852323E-031  -1.1489859379363269E-030  -2.3946014326547618E-016  -3.8663769656742198E-016   2.9747148494658173E-032   1.9480034241308962E-031  -1.8447933367278577E-031  -4.4312315230525678E-016
   3.0309709117961757E-031  -2.3270571980136808E-031   8.5481108670015972E-032   3.1218428942173972E-017  -3.3448518372209282E-031   6.4640244812959242E-032   1.2603886292984127E-031   1.2555789238866392E-016   2.4788603974295264E-032  -3.8763413771679136E-032  -7.8028667949911382E-032  -2.3205913876277638E-032  -2.0903246466554910E-032  -6.6514327452733298E-033  -1.4491201340852323E-031   4.4857524928129784E-032   2.6904910151858964E-031   1.0795060178611123E-016   4.9955314642091023E-017  -6.8306413724319714E-033  -3.9084397650669690E-032   3.3536455216467582E-032   7.4184020333466501E-017
   2.2184519836616484E-030  -1.1235196013660637E-030   7.7912276281891149E-031   7.9359565692541051E-017  -2.6762432255495283E-030   4.0599844125346019E-031   1.0202871731740968E-030   3.0435074854662172E-016   8.3502710024780259E-031  -6.2948621514729868E-031  -1.0244511892196916E-030   2.9082904503806511E-031  -3.2855955167248219E-031   6.0754428237285047E-031  -1.1489859379363269E-030   2.6904910151858964E-031   2.5526927964504001E-030   2.8079490442145891E-016   1.0554954055990654E-015  -6.6742799658890293E-032  -4.6440922933097382E-031   4.5664125770246418E-031   1.1277134290668335E-015
   5.7300378683309832E-016  -6.6631421309776438E-016   1.0167315637433176E-016  0.11725752092554717       -5.4328615664877560E-016   1.4841364062845838E-016   2.0009448975264309E-016  0.47738984608727103       -2.0837072926928506E-016   6.1742537801309840E-017   2.9519396602514607E-017  -2.2377004271931075E-016   2.9041317976121483E-017  -2.6883719763492885E-016  -2.3946014326547618E-016   1.0795060178611123E-016   2.8079490442145891E-016  0.40297620966444708      -0.17495541037446677       -6.3732813617019593E-018  -4.2457194321221462E-018  -1.9066541530950495E-017  -8.8101414801264599E-002
   6.5995797103634684E-016  -4.0018193770311054E-017   3.0966185473322760E-016  -5.2080097553608609E-002  -9.1188360502956599E-016   8.6713928221762951E-017   3.5314206859324986E-016 -0.22139723406598691        5.8011348390318785E-016  -3.6274296415708069E-016  -5.3483313951646099E-016   3.2031707593185716E-016  -1.8684174045566662E-016   5.1377814991186814E-016  -3.8663769656742198E-016   4.9955314642091023E-017   1.0554954055990654E-015 -0.17495541037446677       0.66410511095518998       -2.8354528012030594E-017  -2.2866433044744261E-016   2.4301957618605492E-016  0.63224018284243744     
  -5.7147541601318655E-032   2.7963090718181508E-032  -2.0329408995014707E-032  -1.7924848970258714E-018   6.9325368645385509E-032  -1.0345221648328509E-032  -2.6447794016364184E-032  -6.8022492480924543E-018  -2.2614005461754520E-032   1.6799470955943362E-032   2.7155447968839030E-032  -8.2696665309704988E-033   8.7601735440362569E-033  -1.6758475954148381E-032   2.9747148494658173E-032  -6.8306413724319714E-033  -6.6742799658890293E-032  -6.3732813617019593E-018  -2.8354528012030594E-017   1.7475800150271044E-033   1.2264363344553781E-032  -1.2119709945195337E-032  -3.0037373100767840E-017
  -3.6218923660517303E-031   1.3608167291995631E-031  -1.3973480992618060E-031  -7.7616482405879154E-019   4.5555468646654994E-031  -6.0802253979054036E-032  -1.7455961057992191E-031   5.0990060837008774E-019  -1.8970828561718045E-031   1.3101054987939586E-031   2.0427893356204326E-031  -8.5105834708763881E-032   6.7979846869254739E-032  -1.5278420284012915E-031   1.9480034241308962E-031  -3.9084397650669690E-032  -4.6440922933097382E-031  -4.2457194321221462E-018  -2.2866433044744261E-016   1.2264363344553781E-032   9.0385740540951344E-032  -9.1799536985615669E-032  -2.3186958959079609E-016
   3.3558275842355923E-031  -9.9905893002749999E-032   1.3640001255552996E-031  -6.0156437827912634E-018  -4.3238809692135727E-031   5.3304605763735124E-032   1.6615174355864331E-031  -2.8228760318451345E-017   2.0528752458611166E-031  -1.3700076114727246E-031  -2.0974460995731542E-031   9.9657536545112234E-032  -7.0914189021945735E-032   1.7119490873823181E-031  -1.8447933367278577E-031   3.3536455216467582E-032   4.5664125770246418E-031  -1.9066541530950495E-017   2.4301957618605492E-016  -1.2119709945195337E-032  -9.1799536985615669E-032   9.4592433382675263E-032   2.4124237951779582E-016
   7.9248680613509626E-016  -1.8690152685189198E-016   3.3509077127600273E-016  -2.6819071066158974E-002  -1.0403821414116600E-015   1.2020343363227857E-016   4.0064039800580767E-016 -0.11864520052374739        5.4006788448523464E-016  -3.5277316361956898E-016  -5.3365720589377387E-016   2.7430484931298011E-016  -1.8231349436601883E-016   4.5978024510234583E-016  -4.4312315230525678E-016   7.4184020333466501E-017   1.1277134290668335E-015  -8.8101414801264599E-002  0.63224018284243744       -3.0037373100767840E-017  -2.3186958959079609E-016   2.4124237951779582E-016  0.61915306793420832     
