  0.28343135581243267       -3.0652814323375460E-016  -7.1935405696171219E-016  -1.3594557555470606E-016  0.53365869696169543        2.3437177055009951E-016  -1.6798803331108924E-017  -4.1282884129805422E-017  -1.4021975782395281E-015  -5.3687903679944038E-018  -7.8844492982061964E-018  -1.3111311329508684E-015   2.0822516324793863E-018  -1.3958372032686853E-015  0.23466432360434616     
  -3.0652814323375460E-016  0.14140986646704745       -1.7968844005326345E-016   6.6073934427834860E-017  -5.7053621725971424E-016 -0.10484407753779346        1.6447572832057705E-016  -4.2191840479999665E-017  -1.5293401891022972E-017  -1.1847084095951006E-019  -2.5614855800853667E-019  -1.5230824305169323E-017  -3.6183403367079381E-019  -1.5238452008725787E-017  -2.2526087723898119E-016
  -7.1935405696171219E-016  -1.7968844005326345E-016  0.14140986646704742       -1.5630581319997498E-018  -1.4339408801820510E-015   1.5478115389493476E-016 -0.10484407753779335       -1.4339703108383508E-017   1.8594550073847239E-017  -8.3663908921504884E-021  -3.7516116893205010E-020   1.8991895669178438E-017   3.3947448002624919E-019   1.8458772400529303E-017   4.4960562499980103E-016
  -1.3594557555470606E-016   6.6073934427834860E-017  -1.5630581319997498E-018  0.14140986646704748       -2.1000726719384420E-016  -7.6095463571116062E-017  -1.0235546134621082E-017 -0.10484407753779343       -3.2606580651560645E-017  -1.5332454028567701E-019   1.2124377572068444E-019  -3.2148989751310298E-017   8.8093977964361626E-019  -3.2877629789410573E-017  -4.7992084608368037E-016
  0.53365869696169543       -5.7053621725971424E-016  -1.4339408801820510E-015  -2.1000726719384420E-016   1.0079649255422025        4.6637604576142198E-016  -3.1217552733926091E-017  -1.1706731643238133E-016  -2.4472498304469675E-015  -1.0153592382385971E-017  -1.4851887511431537E-017  -2.2884741529273957E-015   3.9344618658637220E-018  -2.4462963020548574E-015  0.36330576821299404     
   2.3437177055009951E-016 -0.10484407753779346        1.5478115389493476E-016  -7.6095463571116062E-017   4.6637604576142198E-016   7.7733476944569238E-002  -1.3792632762183851E-016   5.1379889203182666E-017   1.1338831255122836E-017   8.7836629408180892E-020   1.8991361740164784E-019   1.1292434992773538E-017   2.6827092359098930E-019   1.1298090323360368E-017  -5.7107221751069698E-016
  -1.6798803331108924E-017   1.6447572832057705E-016 -0.10484407753779335       -1.0235546134621082E-017  -3.1217552733926091E-017  -1.3792632762183851E-016   7.7733476944569085E-002   1.9079134792587503E-017  -1.3786367941852466E-017   6.2030080172242306E-021   2.7815192579839252E-020  -1.4080967841046236E-017  -2.5169310738489884E-019  -1.3685699683937159E-017   6.6324159524224312E-016
  -4.1282884129805422E-017  -4.2191840479999665E-017  -1.4339703108383508E-017 -0.10484407753779343       -1.1706731643238133E-016   5.1379889203182666E-017   1.9079134792587503E-017   7.7733476944569183E-002   2.4175165110358307E-017   1.1367785283853881E-019  -8.9892538195670403E-020   2.3835898148122544E-017  -6.5314621158068152E-019   2.4376126312962331E-017   3.6877177076281657E-016
  -1.4021975782395281E-015  -1.5293401891022972E-017   1.8594550073847239E-017  -3.2606580651560645E-017  -2.4472498304469675E-015   1.1338831255122836E-017  -1.3786367941852466E-017   2.4175165110358307E-017   1.8700102556008507E-029   2.3868003903729619E-032   3.8595576191619357E-032   1.7476425268806895E-029  -9.5741571243093664E-033   1.7997128986009145E-029  -5.9456683279398911E-015
  -5.3687903679944038E-018  -1.1847084095951006E-019  -8.3663908921504884E-021  -1.5332454028567701E-019  -1.0153592382385971E-017   8.7836629408180892E-020   6.2030080172242306E-021   1.1367785283853881E-019   2.3868003903729619E-032   1.0260095729445917E-034   1.4952803152312270E-034   2.2322673007982733E-032  -4.0311728619647716E-035   2.3904339908515893E-032  -3.3295637769458187E-018
  -7.8844492982061964E-018  -2.5614855800853667E-019  -3.7516116893205010E-020   1.2124377572068444E-019  -1.4851887511431537E-017   1.8991361740164784E-019   2.7815192579839252E-020  -8.9892538195670403E-020   3.8595576191619357E-032   1.4952803152312270E-034   2.1992025589045038E-034   3.6089144175945249E-032  -5.6632280889957079E-035   3.8441512316564927E-032  -6.3628135874647950E-018
  -1.3111311329508684E-015  -1.5230824305169323E-017   1.8991895669178438E-017  -3.2148989751310298E-017  -2.2884741529273957E-015   1.1292434992773538E-017  -1.4080967841046236E-017   2.3835898148122544E-017   1.7476425268806895E-029   2.2322673007982733E-032   3.6089144175945249E-032   1.6332869292206999E-029  -8.9571779211849461E-033   1.6819672783176720E-029  -5.5554994886911927E-015
   2.0822516324793863E-018  -3.6183403367079381E-019   3.3947448002624919E-019   8.8093977964361626E-019   3.9344618658637220E-018   2.6827092359098930E-019  -2.5169310738489884E-019  -6.5314621158068152E-019  -9.5741571243093664E-033  -4.0311728619647716E-035  -5.6632280889957079E-035  -8.9571779211849461E-033   2.2587202907334185E-035  -9.5779623498374900E-033   1.3792960251137215E-018
  -1.3958372032686853E-015  -1.5238452008725787E-017   1.8458772400529303E-017  -3.2877629789410573E-017  -2.4462963020548574E-015   1.1298090323360368E-017  -1.3685699683937159E-017   2.4376126312962331E-017   1.7997128986009145E-029   2.3904339908515893E-032   3.8441512316564927E-032   1.6819672783176720E-029  -9.5779623498374900E-033   1.7332674686156927E-029  -5.6669761898180125E-015
  0.23466432360434616       -2.2526087723898119E-016   4.4960562499980103E-016  -4.7992084608368037E-016  0.36330576821299404       -5.7107221751069698E-016   6.6324159524224312E-016   3.6877177076281657E-016  -5.9456683279398911E-015  -3.3295637769458187E-018  -6.3628135874647950E-018  -5.5554994886911927E-015   1.3792960251137215E-018  -5.6669761898180125E-015   2.1424354760880151     
