  0.31190547423610215        1.2631132487829985E-016  -1.7555043825066766E-017   2.6019144551781523E-016  0.55031250059610937        2.6178989639880518E-016   3.2333703923929598E-017  -1.4892967724684445E-016   5.9221297267672700E-015  -4.9526405552724449E-018   9.6532132328358093E-019   6.0400151473105049E-015  -2.7401825374314819E-018   5.8661795487770907E-015 -0.25603467726995488     
   1.2631132487829985E-016  0.22520210413940894        7.0850353217402007E-017   4.6887226450946325E-017   1.1723877405863010E-016  0.21750901423431873        1.6544247525770984E-016   1.4204177836823085E-016   4.7793700120889866E-017   3.9221905402017382E-018  -2.4365346310095909E-018   4.6332065935982389E-017  -1.0974472951786643E-017   4.1685016919862861E-017  -5.0444713191309416E-016
  -1.7555043825066766E-017   7.0850353217402007E-017  0.22520210413940936       -1.9296088164810706E-016  -1.6248513534605611E-016   1.0950893693008723E-016  0.21750901423431901       -1.5823027205615598E-016   6.1597131776842362E-018   4.5933592541500324E-018  -2.8054207170801600E-018  -2.7265388121818893E-018  -1.0164597730693644E-017  -9.6810070378686969E-018  -1.4830847427220024E-015
   2.6019144551781523E-016   4.6887226450946325E-017  -1.9296088164810706E-016  0.22520210413940916        3.5847495657385514E-016   2.1661455904449834E-017  -1.2648121843853835E-016  0.21750901423431881        1.4548288346828975E-017  -5.4970641753977847E-018   7.0640679172615884E-018   2.5674116308847302E-017   7.9413956583276776E-018   6.1731497297938478E-018  -9.9127314070014862E-016
  0.55031250059610937        1.1723877405863010E-016  -1.6248513534605611E-016   3.5847495657385514E-016  0.97425567414682646        4.1305310965103363E-016   1.2298144824184603E-017  -2.9198188475995640E-016   1.0640383855479962E-014  -8.7521121789733388E-018   1.7338633423462126E-018   1.0841493596938179E-014  -4.8386297145979043E-018   1.0531499687789686E-014 -0.37153303952170091     
   2.6178989639880518E-016  0.21750901423431873        1.0950893693008723E-016   2.1661455904449834E-017   4.1305310965103363E-016  0.21007872663524590        1.9946383592849490E-016   1.1438558795174699E-016   4.6161027844888275E-017   3.7882052714318352E-018  -2.3533005953203906E-018   4.4749324291116794E-017  -1.0599575890315094E-017   4.0261022308072084E-017   6.8718841378644549E-016
   3.2333703923929598E-017   1.6544247525770984E-016  0.21750901423431901       -1.2648121843853835E-016   1.2298144824184603E-017   1.9946383592849490E-016  0.21007872663524602       -9.4994180345938042E-017   5.9492922873231464E-018   4.4364463076942566E-018  -2.7095852279732695E-018  -2.6333979941009686E-018  -9.8173666757702136E-018  -9.3502958404757025E-018   5.2166979530741997E-016
  -1.4892967724684445E-016   1.4204177836823085E-016  -1.5823027205615598E-016  0.21750901423431881       -2.9198188475995640E-016   1.1438558795174699E-016  -9.4994180345938042E-017  0.21007872663524579        1.4051306799317009E-017  -5.3092799223287727E-018   6.8227535219506255E-018   2.4797067287687503E-017   7.6701110226673000E-018   5.9622698357039503E-018   1.0183371303419629E-015
   5.9221297267672700E-015   4.7793700120889866E-017   6.1597131776842362E-018   1.4548288346828975E-017   1.0640383855479962E-014   4.6161027844888275E-017   5.9492922873231464E-018   1.4051306799317009E-017   1.2355540283376979E-028  -9.4237061076294812E-032   1.9968955882371787E-032   1.2539517939782713E-028  -5.4351738104173569E-032   1.2190179077768642E-028  -2.1527976235609438E-016
  -4.9526405552724449E-018   3.9221905402017382E-018   4.5933592541500324E-018  -5.4970641753977847E-018  -8.7521121789733388E-018   3.7882052714318352E-018   4.4364463076942566E-018  -5.3092799223287727E-018  -9.4237061076294812E-032   3.7487907226402677E-034  -2.8754353644139512E-034  -9.6558312807254790E-032  -5.4877636501096641E-034  -9.3531015951200330E-032   3.7287877328863791E-018
   9.6532132328358093E-019  -2.4365346310095909E-018  -2.8054207170801600E-018   7.0640679172615884E-018   1.7338633423462126E-018  -2.3533005953203906E-018  -2.7095852279732695E-018   6.8227535219506255E-018   1.9968955882371787E-032  -2.8754353644139512E-034   2.8616553549153093E-034   2.0745454518093815E-032   4.8594600192505877E-034   1.9702174000053180E-032  -4.8296926935789672E-020
   6.0400151473105049E-015   4.6332065935982389E-017  -2.7265388121818893E-018   2.5674116308847302E-017   1.0841493596938179E-014   4.4749324291116794E-017  -2.6333979941009686E-018   2.4797067287687503E-017   1.2539517939782713E-028  -9.6558312807254790E-032   2.0745454518093815E-032   1.2729473834145071E-028  -5.4514489192637687E-032   1.2374182522396399E-028  -4.7890180940756223E-016
  -2.7401825374314819E-018  -1.0974472951786643E-017  -1.0164597730693644E-017   7.9413956583276776E-018  -4.8386297145979043E-018  -1.0599575890315094E-017  -9.8173666757702136E-018   7.6701110226673000E-018  -5.4351738104173569E-032  -5.4877636501096641E-034   4.8594600192505877E-034  -5.4514489192637687E-032   1.2977068096651515E-033  -5.3130667190466986E-032   2.1530815786876827E-018
   5.8661795487770907E-015   4.1685016919862861E-017  -9.6810070378686969E-018   6.1731497297938478E-018   1.0531499687789686E-014   4.0261022308072084E-017  -9.3502958404757025E-018   5.9622698357039503E-018   1.2190179077768642E-028  -9.3531015951200330E-032   1.9702174000053180E-032   1.2374182522396399E-028  -5.3130667190466986E-032   1.2029105976724246E-028  -4.1586928004918446E-016
 -0.25603467726995488       -5.0444713191309416E-016  -1.4830847427220024E-015  -9.9127314070014862E-016 -0.37153303952170091        6.8718841378644549E-016   5.2166979530741997E-016   1.0183371303419629E-015  -2.1527976235609438E-016   3.7287877328863791E-018  -4.8296926935789672E-020  -4.7890180940756223E-016   2.1530815786876827E-018  -4.1586928004918446E-016   2.1546408968077291     
