  0.37115717883660210        1.5185212113222795E-017  -3.3053696114625881E-018  -2.0132190243433979E-016  -3.1281923046818171E-016   2.7315489779473969E-017   1.9610935928814671E-018  -3.3517119827513779E-018  -7.9534012406228206E-018  -9.0214511471074212E-019  -1.9362088538845677E-017 -0.53470088246935210       -4.6330008363281911E-017   1.3757579715383268E-017   3.4351682005383472E-016
   1.5185212113222795E-017  0.37115717883660426       -2.9964249318633972E-016   3.8215875886489336E-016  -1.8736257698469484E-017  -6.7000840410319887E-017  -4.0707731146176423E-018  -2.4452266772647122E-019  -6.7507775887298795E-017   4.6803925997889722E-019  -6.7637872475104981E-017  -2.4515226260489122E-017 -0.53470088246935243       -2.3815037172844056E-017  -7.4189429255606132E-017
  -3.3053696114625881E-018  -2.9964249318633972E-016  0.37115717883660193       -1.6077638828375390E-016  -6.0773984871590895E-017   2.0725595191492017E-017  -4.9845642851849800E-017  -4.7733613958778153E-018   4.6142397004031207E-018   2.1614443807047674E-018  -2.5339834891898814E-017  -5.1393371144260066E-017   1.6543118148507993E-016 -0.53470088246935099       -3.6860623827748117E-016
  -2.0132190243433979E-016   3.8215875886489336E-016  -1.6077638828375390E-016  0.40158798669709822       0.58595254184602996        2.4495338497984862E-015   5.4935600631419099E-017  -2.5732179271826041E-017   2.2762637319082472E-015  -4.9217435288024858E-017   1.7123533661021110E-015   2.1041524050043849E-016  -5.3202746170207178E-016  -8.6402288104490914E-017  0.30411868848825668     
  -3.1281923046818171E-016  -1.8736257698469484E-017  -6.0773984871590895E-017  0.58595254184602996       0.85869872705275718        3.6351721949530200E-015   7.0703375548936248E-017  -2.8337978950717500E-017   3.3673024273105216E-015  -4.8215654543596866E-017   2.5406001697259488E-015   2.9721961370015020E-016   6.1836896556120188E-017  -3.2955866158684777E-016  0.35860728415466314     
   2.7315489779473969E-017  -6.7000840410319887E-017   2.0725595191492017E-017   2.4495338497984862E-015   3.6351721949530200E-015   1.5953659546520933E-029   1.7887470314170309E-031  -7.1175561387336660E-033   1.4647637996148668E-029   8.4968810448895050E-032   1.1141731983950373E-029  -3.9351566729624462E-017   9.6523549957679526E-017  -2.9857954178147395E-017   4.6532836147435471E-016
   1.9610935928814671E-018  -4.0707731146176423E-018  -4.9845642851849800E-017   5.4935600631419099E-017   7.0703375548936248E-017   1.7887470314170309E-031   3.8142396922814549E-032  -2.6153415290936478E-032   1.9518135373551125E-031  -6.6641639680702310E-032   1.3187404309891430E-031  -2.8252140454497664E-018   5.8644857241918141E-018   7.1809224608503697E-017   2.5664791853688052E-016
  -3.3517119827513779E-018  -2.4452266772647122E-019  -4.7733613958778153E-018  -2.5732179271826041E-017  -2.8337978950717500E-017  -7.1175561387336660E-033  -2.6153415290936478E-032   2.4397185666649387E-032  -3.2529863712018663E-032   6.1197491932876719E-032  -5.5219814575979953E-033   4.8285832988002429E-018   3.5226716246453474E-019   6.8766568350404533E-018  -2.2895894205922384E-016
  -7.9534012406228206E-018  -6.7507775887298795E-017   4.6142397004031207E-018   2.2762637319082472E-015   3.3673024273105216E-015   1.4647637996148668E-029   1.9518135373551125E-031  -3.2529863712018663E-032   1.3480984825135374E-029   1.1268047334793254E-032   1.0236486615326759E-029   1.1457923770526679E-017   9.7253857391703263E-017  -6.6474210399612440E-018   6.7657510974483942E-016
  -9.0214511471074212E-019   4.6803925997889722E-019   2.1614443807047674E-018  -4.9217435288024858E-017  -4.8215654543596866E-017   8.4968810448895050E-032  -6.6641639680702310E-032   6.1197491932876719E-032   1.1268047334793254E-032   1.5485212742502973E-031   5.5594752814509439E-032   1.2996590567456776E-018  -6.7427230190036373E-019  -3.1138457873663577E-018  -5.7410340790902672E-016
  -1.9362088538845677E-017  -6.7637872475104981E-017  -2.5339834891898814E-017   1.7123533661021110E-015   2.5406001697259488E-015   1.1141731983950373E-029   1.3187404309891430E-031  -5.5219814575979953E-033   1.0236486615326759E-029   5.5594752814509439E-032   7.7906794699742803E-030   2.7893642959087137E-017   9.7441278689936676E-017   3.6505375218110957E-017   3.3841443448758214E-016
 -0.53470088246935210       -2.4515226260489122E-017  -5.1393371144260066E-017   2.1041524050043849E-016   2.9721961370015020E-016  -3.9351566729624462E-017  -2.8252140454497664E-018   4.8285832988002429E-018   1.1457923770526679E-017   1.2996590567456776E-018   2.7893642959087137E-017  0.77030716369188279        7.0550559802355220E-017   6.1079545826507388E-017   2.9275775601483007E-016
  -4.6330008363281911E-017 -0.53470088246935243        1.6543118148507993E-016  -5.3202746170207178E-016   6.1836896556120188E-017   9.6523549957679526E-017   5.8644857241918141E-018   3.5226716246453474E-019   9.7253857391703263E-017  -6.7427230190036373E-019   9.7441278689936676E-017   7.0550559802355220E-017  0.77030716369187924        4.1786746972975350E-016  -5.6968016755750797E-017
   1.3757579715383268E-017  -2.3815037172844056E-017 -0.53470088246935099       -8.6402288104490914E-017  -3.2955866158684777E-016  -2.9857954178147395E-017   7.1809224608503697E-017   6.8766568350404533E-018  -6.6474210399612440E-018  -3.1138457873663577E-018   3.6505375218110957E-017   6.1079545826507388E-017   4.1786746972975350E-016  0.77030716369187968       -7.7702612522412824E-016
   3.4351682005383472E-016  -7.4189429255606132E-017  -3.6860623827748117E-016  0.30411868848825668       0.35860728415466314        4.6532836147435471E-016   2.5664791853688052E-016  -2.2895894205922384E-016   6.7657510974483942E-016  -5.7410340790902672E-016   3.3841443448758214E-016   2.9275775601483007E-016  -5.6968016755750797E-017  -7.7702612522412824E-016   2.1669913436647663     
