  0.83669278411331960       -5.6394896841992503E-017   7.9742005276226017E-017  -3.2309232537650326E-017  0.10459340091059370       -8.3981559903956231E-015   2.7695736244156198E-017  -3.5226658400566326E-017  -8.1966928864253349E-015  -2.4991363920981470E-017  -8.2994835053070474E-015   4.9660275466740127E-016   3.2009164210549721E-016  -1.0283888748837636E-016  0.22806578298326521       -4.5999933251683237E-002
  -5.6394896841992503E-017   1.8693265308516215E-004   1.5092006228981040E-017  -1.4493461646460108E-018  -4.4791103496355410E-017   3.7203639839332142E-018  -8.6456117279546947E-018  -3.6831759327781847E-018   1.0822801893698867E-018   1.8696986188107112E-018   3.1914740158067294E-018   1.9311826229210655E-002   2.9981472321894808E-016  -9.3559871221920998E-017   1.2616381210856847E-015  -1.0356554772195996E-015
   7.9742005276226017E-017   1.5092006228981040E-017   1.8693265308507943E-004  -1.3426765924458695E-017   1.3278291570127819E-017   1.1897585639345828E-020  -8.5556480587313329E-018   1.1190113821247479E-017   1.9617234960696348E-018  -9.7954112838896114E-018  -4.7596336179146536E-018   1.2548608883906432E-015   1.9311826229206405E-002  -6.1508800948352396E-016   5.3334300890143797E-017   4.7136758607134563E-016
  -3.2309232537650326E-017  -1.4493461646460108E-018  -1.3426765924458695E-017   1.8693265308512201E-004   1.3342359008372103E-017  -1.1013267140270188E-018   3.3820994725845619E-018  -5.2903941682032062E-019   1.2257408940974127E-018   8.9551836837893186E-018   9.4141902054780784E-019  -2.8809284602013263E-017  -7.5545936829369068E-016   1.9311826229208597E-002  -9.8675742131835416E-016   5.9658703893659720E-016
  0.10459340091059370       -4.4791103496355410E-017   1.3278291570127819E-017   1.3342359008372103E-017   1.4010098688438976E-002  -1.1241084843321489E-015   3.6159665369146121E-018  -3.9975025060908105E-018  -1.0958656298746979E-015  -3.4226004547191879E-018  -1.1064083591083719E-015  -6.8579692687122617E-016   1.1547773805780423E-016  -4.9711748512928882E-016  -1.3698527188415237E-002   1.7784069954538517E-002
  -8.3981559903956231E-015   3.7203639839332142E-018   1.1897585639345828E-020  -1.1013267140270188E-018  -1.1241084843321489E-015   9.0862853514369377E-029  -4.8978110699339701E-031   2.5667554706651659E-031   8.8563068152228318E-029   2.5325973341147622E-031   8.9442580853737103E-029   3.8434709817307698E-016   1.2291277239728416E-018  -1.1377696604542746E-016   1.4031625429672648E-015  -4.5774279451217957E-016
   2.7695736244156198E-017  -8.6456117279546947E-018  -8.5556480587313329E-018   3.3820994725845619E-018   3.6159665369146121E-018  -4.8978110699339701E-031   8.5365590337035569E-031  -3.5253827182029093E-031  -4.0811194892654149E-031   5.2305665256955771E-031  -2.0605571872084611E-031  -8.9316953769130623E-016  -8.8387548061629443E-016   3.4940132837414034E-016  -3.4588113428409651E-018  -9.0202236175995173E-018
  -3.5226658400566326E-017  -3.6831759327781847E-018   1.1190113821247479E-017  -5.2903941682032062E-019  -3.9975025060908105E-018   2.5667554706651659E-031  -3.5253827182029093E-031   7.4562644791191718E-031   4.1189200429605233E-031  -6.4767303506021798E-031  -2.5983982259153463E-032  -3.8050523764310855E-016   1.1560395149509877E-015  -5.4654535296063899E-017  -2.5146274828422326E-017   1.9950194330264192E-017
  -8.1966928864253349E-015   1.0822801893698867E-018   1.9617234960696348E-018   1.2257408940974127E-018  -1.0958656298746979E-015   8.8563068152228318E-029  -4.0811194892654149E-031   4.1189200429605233E-031   8.6410004886017312E-029   2.2891472352707294E-031   8.7168247198853169E-029   1.1180928855085077E-016   2.0266370075333004E-016   1.2663007108818267E-016   1.3381500866219267E-015  -3.4118493803769672E-016
  -2.4991363920981470E-017   1.8696986188107112E-018  -9.7954112838896114E-018   8.9551836837893186E-018  -3.4226004547191879E-018   2.5325973341147622E-031   5.2305665256955771E-031  -6.4767303506021798E-031   2.2891472352707294E-031   9.6188040682430546E-031   5.9103462024996693E-031   1.9315670232862847E-016  -1.0119541847618451E-015   9.2515110815457888E-016   3.7020494962933334E-018  -1.4408974858271967E-017
  -8.2994835053070474E-015   3.1914740158067294E-018  -4.7596336179146536E-018   9.4141902054780784E-019  -1.1064083591083719E-015   8.9442580853737103E-029  -2.0605571872084611E-031  -2.5983982259153463E-032   8.7168247198853169E-029   5.9103462024996693E-031   8.8210967282272496E-029   3.2970800227273184E-016  -4.9171300908039990E-016   9.7257061479963580E-017   1.1989378001744161E-015  -2.9720621490690923E-016
   4.9660275466740127E-016   1.9311826229210655E-002   1.2548608883906432E-015  -2.8809284602013263E-017  -6.8579692687122617E-016   3.8434709817307698E-016  -8.9316953769130623E-016  -3.8050523764310855E-016   1.1180928855085077E-016   1.9315670232862847E-016   3.2970800227273184E-016   1.9950855356304331       -4.6127381428395786E-016   2.8266234838869586E-015  -1.4226605886368278E-016   2.2736147629570873E-017
   3.2009164210549721E-016   2.9981472321894808E-016   1.9311826229206405E-002  -7.5545936829369068E-016   1.1547773805780423E-016   1.2291277239728416E-018  -8.8387548061629443E-016   1.1560395149509877E-015   2.0266370075333004E-016  -1.0119541847618451E-015  -4.9171300908039990E-016  -4.6127381428395786E-016   1.9950855356304378        1.7105728725846925E-015   1.9913491687654318E-016  -1.0103104266569763E-017
  -1.0283888748837636E-016  -9.3559871221920998E-017  -6.1508800948352396E-016   1.9311826229208597E-002  -4.9711748512928882E-016  -1.1377696604542746E-016   3.4940132837414034E-016  -5.4654535296063899E-017   1.2663007108818267E-016   9.2515110815457888E-016   9.7257061479963580E-017   2.8266234838869586E-015   1.7105728725846925E-015   1.9950855356304362        2.9405062739628718E-016  -2.8815374044947556E-016
  0.22806578298326521        1.2616381210856847E-015   5.3334300890143797E-017  -9.8675742131835416E-016  -1.3698527188415237E-002   1.4031625429672648E-015  -3.4588113428409651E-018  -2.5146274828422326E-017   1.3381500866219267E-015   3.7020494962933334E-018   1.1989378001744161E-015  -1.4226605886368278E-016   1.9913491687654318E-016   2.9405062739628718E-016   2.1637490264572588      -0.52612322223173136     
  -4.5999933251683237E-002  -1.0356554772195996E-015   4.7136758607134563E-016   5.9658703893659720E-016   1.7784069954538517E-002  -4.5774279451217957E-016  -9.0202236175995173E-018   1.9950194330264192E-017  -3.4118493803769672E-016  -1.4408974858271967E-017  -2.9720621490690923E-016   2.2736147629570873E-017  -1.0103104266569763E-017  -2.8815374044947556E-016 -0.52612322223173136        2.1287347791357978     
