  0.35350760109848151       0.19929075739259730        4.4993661612362405E-017   1.1292394964896580E-017   1.3892423685307887E-017  -7.9108030867203362E-017  -8.6351026626922522E-020  -1.5887819794118967E-019  -1.2018296718964483E-016  -1.3242678631958159E-019  -1.1211302138740351E-016  0.11718537349220474       -5.1000493022203910E-018  -4.8980987977268416E-018  -1.2884440056181614E-018
  0.19929075739259730       0.11235064213244632        2.5365284573035033E-017   6.3661147266353895E-018   7.8318871494154132E-018  -4.4597342004450741E-017  -4.8680598223724159E-020  -8.9567964882457784E-020  -6.7753435803043825E-017  -7.4655918183057209E-020  -6.3203984515296700E-017   6.6063535171595480E-002  -2.8751650177274083E-018  -2.7613149367920212E-018  -7.2636339625993478E-019
   4.4993661612362405E-017   2.5365284573035033E-017   5.7266932280864900E-033   1.4372709278807194E-033   1.7681968034915807E-033  -1.0068694309822458E-032  -1.0990566708774899E-035  -2.0221663844100376E-035  -1.5296620894423425E-032  -1.6854986974992861E-035  -1.4269496132387551E-032   1.4915093832332343E-017  -6.4912293766080200E-034  -6.2341912638943621E-034  -1.6399028879469640E-034
   1.1292394964896580E-017   6.3661147266353895E-018   1.4372709278807194E-033   3.6072260864257098E-034   4.4377754477329305E-034  -2.5270153362242024E-033  -2.7583845305319489E-036  -5.0751818543305411E-036  -3.8391070781547221E-033  -4.2302218407917060E-036  -3.5813219129671958E-033   3.7433523847037368E-018  -1.6291522694889302E-034  -1.5646414965093708E-034  -4.1157866355299154E-035
   1.3892423685307887E-017   7.8318871494154132E-018   1.7681968034915807E-033   4.4377754477329305E-034   5.4595554735564818E-034  -3.1088504979881301E-033  -3.3934915227701554E-036  -6.2437221527871117E-036  -4.7230461092429808E-033  -5.2042134797628960E-036  -4.4059069420685360E-033   4.6052442810733932E-018  -2.0042580556186200E-034  -1.9248939354931104E-034  -5.0634300267439437E-035
  -7.9108030867203362E-017  -4.4597342004450741E-017  -1.0068694309822458E-032  -2.5270153362242024E-033  -3.1088504979881301E-033   1.7702817501632731E-032   1.9323657139452182E-035   3.5553808030724312E-035   2.6894578358732078E-032   2.9634503663460283E-035   2.5088683606719328E-032  -2.6223775994065631E-017   1.1412904740113739E-033   1.0960979330490868E-033   2.8832836366284989E-034
  -8.6351026626922522E-020  -4.8680598223724159E-020  -1.0990566708774899E-035  -2.7583845305319489E-036  -3.3934915227701554E-036   1.9323657139452182E-035   2.1092898077306751E-038   3.8809053774872475E-038   2.9356999871141258E-035   3.2347788042086007E-038   2.7385760489917793E-035  -2.8624779991342307E-020   1.2457850742846228E-036   1.1964547817063176E-036   3.1472721460786285E-037
  -1.5887819794118967E-019  -8.9567964882457784E-020  -2.0221663844100376E-035  -5.0751818543305411E-036  -6.2437221527871117E-036   3.5553808030724312E-035   3.8809053774872475E-038   7.1405202328330570E-038   5.4014265014336965E-035   5.9517048867463496E-038   5.0387360125844943E-035  -5.2667045652350817E-020   2.2921335779771955E-036   2.2013702333488272E-036   5.7907004297685203E-037
  -1.2018296718964483E-016  -6.7753435803043825E-017  -1.5296620894423425E-032  -3.8391070781547221E-033  -4.7230461092429808E-033   2.6894578358732078E-032   2.9356999871141258E-035   5.4014265014336965E-035   4.0858939263609773E-032   4.5021504674358043E-035   3.8115377233941306E-032  -3.9839838956097666E-017   1.7338780157758740E-033   1.6652203383169982E-033   4.3803590975619107E-034
  -1.3242678631958159E-019  -7.4655918183057209E-020  -1.6854986974992861E-035  -4.2302218407917060E-036  -5.2042134797628960E-036   2.9634503663460283E-035   3.2347788042086007E-038   5.9517048867463496E-038   4.5021504674358043E-035   4.9608137648068965E-038   4.1998438168734872E-035  -4.3898582002227898E-020   1.9105194260768388E-036   1.8348671452698737E-036   4.8266147173794098E-037
  -1.1211302138740351E-016  -6.3203984515296700E-017  -1.4269496132387551E-032  -3.5813219129671958E-033  -4.4059069420685360E-033   2.5088683606719328E-032   2.7385760489917793E-035   5.0387360125844943E-035   3.8115377233941306E-032   4.1998438168734872E-035   3.5556037622825502E-032  -3.7164706625254100E-017   1.6174530186052714E-033   1.5534055096998695E-033   4.0862303924859302E-034
  0.11718537349220474        6.6063535171595480E-002   1.4915093832332343E-017   3.7433523847037368E-018   4.6052442810733932E-018  -2.6223775994065631E-017  -2.8624779991342307E-020  -5.2667045652350817E-020  -3.9839838956097666E-017  -4.3898582002227898E-020  -3.7164706625254100E-017   3.8846156964760410E-002  -1.6906317727036899E-018  -1.6236865493973801E-018  -4.2711045406939949E-019
  -5.1000493022203910E-018  -2.8751650177274083E-018  -6.4912293766080200E-034  -1.6291522694889302E-034  -2.0042580556186200E-034   1.1412904740113739E-033   1.2457850742846228E-036   2.2921335779771955E-036   1.7338780157758740E-033   1.9105194260768388E-036   1.6174530186052714E-033  -1.6906317727036899E-018   7.3578341184897433E-035   7.0664804032301809E-035   1.8588363959880848E-035
  -4.8980987977268416E-018  -2.7613149367920212E-018  -6.2341912638943621E-034  -1.5646414965093708E-034  -1.9248939354931104E-034   1.0960979330490868E-033   1.1964547817063176E-036   2.2013702333488272E-036   1.6652203383169982E-033   1.8348671452698737E-036   1.5534055096998695E-033  -1.6236865493973801E-018   7.0664804032301809E-035   6.7866636411049963E-035   1.7852306471618273E-035
  -1.2884440056181614E-018  -7.2636339625993478E-019  -1.6399028879469640E-034  -4.1157866355299154E-035  -5.0634300267439437E-035   2.8832836366284989E-034   3.1472721460786285E-037   5.7907004297685203E-037   4.3803590975619107E-034   4.8266147173794098E-037   4.0862303924859302E-034  -4.2711045406939949E-019   1.8588363959880848E-035   1.7852306471618273E-035   4.6960459986004622E-036
