   7.5460410867279307E-004  -1.7210860800898903E-017   2.5274258771096445E-017   2.0649290432595352E-018   1.4408614503521157E-002  -4.6810367916568570E-016   5.7662625505195591E-016   1.5363181762479492E-016   2.9255438155679627E-002  -9.7262839863476703E-016   1.1405353691920726E-015   3.5984782767952804E-016  -6.7707352886448997E-018   3.9983901313164761E-018   4.5476730587040320E-018   7.5416249342625107E-018   5.2173995242853672E-018   5.7806802851613552E-018  -7.0123901052464984E-003  -8.2200195899263329E-016  -1.1722929769601310E-015  -1.8838153545995182E-016  -4.6456485765955315E-016
  -1.7210860800898903E-017   7.5460410867284424E-004  -1.5333452701762185E-018   9.6950077865125873E-018   2.1133072340322808E-016   1.4408614503521548E-002  -1.7289077427978754E-016  -1.6995133932274145E-016   3.9550572933616090E-016   2.9255438155680585E-002  -3.2650529386974762E-016  -3.5058982130197492E-016  -1.4956597752526654E-018  -9.7730221809563142E-019  -1.4937143635731238E-018   5.6616352869315039E-019  -9.9589951162324094E-019   9.3101611532137744E-020  -3.7385523633209596E-016  -7.0123901052461706E-003  -6.5106196941918263E-017   5.5028225592160187E-016   1.8770450879956445E-016
   2.5274258771096445E-017  -1.5333452701762185E-018   7.5460410867298725E-004   4.1350040145999987E-017  -9.6668111561429857E-017   1.9394814983333052E-016   1.4408614503522923E-002  -2.7351524252235718E-016  -4.7720883336241620E-017   3.1517417182921855E-016   2.9255438155683419E-002  -4.2472403088857390E-016  -1.3142208047931025E-017  -1.8078114238228789E-018  -4.4954296335198776E-018  -1.3243694667782493E-017   3.1316069853034909E-018  -1.1460297926502369E-017  -5.9358414582356262E-017  -5.5767313102379677E-016  -7.0123901052474092E-003   6.7601290064256782E-017   1.2980108110754369E-015
   2.0649290432595352E-018   9.6950077865125873E-018   4.1350040145999987E-017   2.3984499106899612E-004  -1.8496631098987492E-017   1.3184228459326149E-016   4.4394306095807331E-016  -7.4689346055269289E-003   1.0083764009138495E-016   2.4406039918404719E-016   1.1081269020225462E-015  -1.5396582374900960E-002  -2.1367498405904597E-016   3.9694581059323654E-018   1.6540356904220986E-018  -2.1257902853890545E-016  -3.0411299829588884E-018  -2.3092801783403876E-016   2.4760227172889973E-015  -1.3475586903721161E-015   4.8707395998872284E-015   1.5119868120879875E-002  -6.1507360085583601E-003
   1.4408614503521157E-002   2.1133072340322808E-016  -9.6668111561429857E-017  -1.8496631098987492E-017  0.28018111773792775        5.3859436984111941E-017  -1.0489893188022487E-015   3.2731250844340598E-016  0.56532505337959305        4.2577466346453013E-016  -2.0318795745325607E-015   7.3773280058283642E-016  -1.2531485410499118E-016   1.0156298362164635E-016   6.9138272430819194E-017   1.2710896423625941E-016   9.9530605566023318E-017   8.9578342431586736E-017 -0.23660309496970885        7.3515598854800510E-016   1.7550747130840125E-015  -9.5991769498451865E-016   1.2803534292003058E-015
  -4.6810367916568570E-016   1.4408614503521548E-002   1.9394814983333052E-016   1.3184228459326149E-016   5.3859436984111941E-017  0.28018111773792476        4.7766983104395935E-016   3.5649747863564681E-016  -2.4323906333122841E-016  0.56532505337959038        1.2073334462037308E-015   8.2125369050791609E-016  -2.0722260010558534E-017  -2.4526674873490597E-017  -2.1575702476443724E-017  -4.8557020668325594E-018  -8.3016487822497935E-018  -4.6075468086598358E-018   8.9779986694798683E-017 -0.23660309496970519       -6.6430906096124685E-016  -2.4436983613126755E-016  -1.0440641538880851E-015
   5.7662625505195591E-016  -1.7289077427978754E-016   1.4408614503522923E-002   4.4394306095807331E-016  -1.0489893188022487E-015   4.7766983104395935E-016  0.28018111773792426       -2.2654124346148768E-016   9.3748759569158707E-016  -3.8106275879429101E-016  0.56532505337959016        1.5994779381539397E-015  -2.8667457028002417E-016  -2.4686813520976840E-017  -6.5399592474115341E-017  -2.6551858766897621E-016  -6.8616658040072176E-018  -2.5778347216749018E-016  -1.7009692130287232E-017  -1.8919993029258994E-015 -0.23660309496970700        3.5461424376334938E-016  -1.2993353859094286E-015
   1.5363181762479492E-016  -1.6995133932274145E-016  -2.7351524252235718E-016  -7.4689346055269289E-003   3.2731250844340598E-016   3.5649747863564681E-016  -2.2654124346148768E-016  0.25591644867815033       -8.6090401469580420E-016  -1.5373523273560327E-016  -2.2179685381112614E-015  0.53878840410575113        7.3207544799640016E-015  -4.6103294852794695E-017  -6.4811892414030127E-017   7.2512864358951601E-015   1.8180420904944277E-016   7.8597293259454085E-015  -3.4714007438068978E-015   9.4562345959780532E-016  -9.5196368784648932E-015 -0.30089514763305014        7.5553655175306864E-002
   2.9255438155679627E-002   3.9550572933616090E-016  -4.7720883336241620E-017   1.0083764009138495E-016  0.56532505337959305       -2.4323906333122841E-016   9.3748759569158707E-016  -8.6090401469580420E-016   1.1431211948430831        7.7173171824339304E-017   1.9589330971150204E-015  -1.2391006245848302E-015  -2.5723135911584923E-016   1.8847877169001762E-016   1.5282581900917663E-016   2.6996522018691684E-016   2.0215282272713468E-016   1.9651029898654700E-016 -0.40816368428557287       -3.1879651980868014E-016  -1.4351601097849567E-015   1.8436620971910683E-015  -1.0682901214306809E-015
  -9.7262839863476703E-016   2.9255438155680585E-002   3.1517417182921855E-016   2.4406039918404719E-016   4.2577466346453013E-016  0.56532505337959038       -3.8106275879429101E-016  -1.5373523273560327E-016   7.7173171824339304E-017   1.1431211948430837        4.3311970966664580E-018  -3.4458720946309289E-016  -4.7586357744385697E-017  -4.5673589495738778E-017  -4.8692806255388822E-017   1.1596684685992452E-018  -2.4391655532872822E-017  -4.8641787201724873E-018   1.4837899653527206E-017 -0.40816368428557642        1.3678405516453655E-015   8.2741998604556229E-018   5.1131191818941263E-016
   1.1405353691920726E-015  -3.2650529386974762E-016   2.9255438155683419E-002   1.1081269020225462E-015  -2.0318795745325607E-015   1.2073334462037308E-015  0.56532505337959016       -2.2179685381112614E-015   1.9589330971150204E-015   4.3311970966664580E-018   1.1431211948430855        2.6714287968501584E-016  -5.5693460921216187E-016  -5.7039744927459736E-017  -1.4716271792728031E-016  -5.3022216045252244E-016   3.2951223855414330E-017  -4.9600633744622544E-016  -6.1060064068720749E-016   2.3032037092959000E-015 -0.40816368428557553       -1.4621949218108232E-015   1.1187757661958271E-015
   3.5984782767952804E-016  -3.5058982130197492E-016  -4.2472403088857390E-016  -1.5396582374900960E-002   7.3773280058283642E-016   8.2125369050791609E-016   1.5994779381539397E-015  0.53878840410575113       -1.2391006245848302E-015  -3.4458720946309289E-016   2.6714287968501584E-016   1.1392954028675073        1.5394231208768814E-014  -5.6184719329506301E-017  -1.3824581940405428E-016   1.5239883308431325E-014   4.1372551981581699E-016   1.6512747553969093E-014   2.1773989735642613E-015  -9.6151037828625870E-016   5.4205240677580763E-015 -0.53498733950682820       0.10819246022988653     
  -6.7707352886448997E-018  -1.4956597752526654E-018  -1.3142208047931025E-017  -2.1367498405904597E-016  -1.2531485410499118E-016  -2.0722260010558534E-017  -2.8667457028002417E-016   7.3207544799640016E-015  -2.5723135911584923E-016  -4.7586357744385697E-017  -5.5693460921216187E-016   1.5394231208768814E-014   2.1677167796268365E-028  -1.9513415230889886E-030  -2.6245086157288354E-030   2.1223121641806645E-028   6.7161554277658063E-030   2.2953222341694381E-028  -1.7623649581531383E-017  -1.4518673553470397E-016   8.4756459411005443E-016  -9.8948786217587873E-015  -9.5876046611699444E-016
   3.9983901313164761E-018  -9.7730221809563142E-019  -1.8078114238228789E-018   3.9694581059323654E-018   1.0156298362164635E-016  -2.4526674873490597E-017  -2.4686813520976840E-017  -4.6103294852794695E-017   1.8847877169001762E-016  -4.5673589495738778E-017  -5.7039744927459736E-017  -5.6184719329506301E-017  -1.9513415230889886E-030   5.4926325394695370E-031   1.9028563325816988E-032  -1.8241396063487708E-030   2.3458445971404215E-032  -2.0750301836019697E-030  -5.4908406516688688E-016   1.2816463681538307E-016  -1.8280215256265901E-016   9.2227631587354487E-016  -2.2550724167967172E-016
   4.5476730587040320E-018  -1.4937143635731238E-018  -4.4954296335198776E-018   1.6540356904220986E-018   6.9138272430819194E-017  -2.1575702476443724E-017  -6.5399592474115341E-017  -6.4811892414030127E-017   1.5282581900917663E-016  -4.8692806255388822E-017  -1.4716271792728031E-016  -1.3824581940405428E-016  -2.6245086157288354E-030   1.9028563325816988E-032   2.9496787834796969E-031  -2.1643843873857229E-030  -4.2046271443650367E-031  -2.3841709901036424E-030   3.1699371592832079E-016  -1.2712480629337338E-016  -3.7312739526603021E-016   1.3260308880427685E-016   3.2884940952777807E-016
   7.5416249342625107E-018   5.6616352869315039E-019  -1.3243694667782493E-017  -2.1257902853890545E-016   1.2710896423625941E-016  -4.8557020668325594E-018  -2.6551858766897621E-016   7.2512864358951601E-015   2.6996522018691684E-016   1.1596684685992452E-018  -5.3022216045252244E-016   1.5239883308431325E-014   2.1223121641806645E-028  -1.8241396063487708E-030  -2.1643843873857229E-030   2.0904425738886088E-028   5.9454888602196558E-030   2.2611665103865738E-028   2.7286220241012168E-016   3.1278083129565357E-016   3.7967622269394474E-016  -9.6666376623086181E-015   2.0368768840650833E-016
   5.2173995242853672E-018  -9.9589951162324094E-019   3.1316069853034909E-018  -3.0411299829588884E-018   9.9530605566023318E-017  -8.3016487822497935E-018  -6.8616658040072176E-018   1.8180420904944277E-016   2.0215282272713468E-016  -2.4391655532872822E-017   3.2951223855414330E-017   4.1372551981581699E-016   6.7161554277658063E-030   2.3458445971404215E-032  -4.2046271443650367E-031   5.9454888602196558E-030   1.5028523020011500E-030   6.6309821610918973E-030  -4.6620047000657127E-017  -2.0825882174923328E-016   1.3241232393110581E-015   2.2966462138250662E-016  -8.7429621504178529E-016
   5.7806802851613552E-018   9.3101611532137744E-020  -1.1460297926502369E-017  -2.3092801783403876E-016   8.9578342431586736E-017  -4.6075468086598358E-018  -2.5778347216749018E-016   7.8597293259454085E-015   1.9651029898654700E-016  -4.8641787201724873E-018  -4.9600633744622544E-016   1.6512747553969093E-014   2.2953222341694381E-028  -2.0750301836019697E-030  -2.3841709901036424E-030   2.2611665103865738E-028   6.6309821610918973E-030   2.4482935991750103E-028   3.6853634822593622E-016   1.2876306390302438E-016   8.9738083335166177E-016  -1.0499247749879365E-014   6.2225215612921495E-016
  -7.0123901052464984E-003  -3.7385523633209596E-016  -5.9358414582356262E-017   2.4760227172889973E-015 -0.23660309496970885        8.9779986694798683E-017  -1.7009692130287232E-017  -3.4714007438068978E-015 -0.40816368428557287        1.4837899653527206E-017  -6.1060064068720749E-016   2.1773989735642613E-015  -1.7623649581531383E-017  -5.4908406516688688E-016   3.1699371592832079E-016   2.7286220241012168E-016  -4.6620047000657127E-017   3.6853634822593622E-016   2.1502312268525556        1.0821798813239348E-017  -3.2391704573306920E-016  -1.0079159016266142E-015   5.9475763820619741E-016
  -8.2200195899263329E-016  -7.0123901052461706E-003  -5.5767313102379677E-016  -1.3475586903721161E-015   7.3515598854800510E-016 -0.23660309496970519       -1.8919993029258994E-015   9.4562345959780532E-016  -3.1879651980868014E-016 -0.40816368428557642        2.3032037092959000E-015  -9.6151037828625870E-016  -1.4518673553470397E-016   1.2816463681538307E-016  -1.2712480629337338E-016   3.1278083129565357E-016  -2.0825882174923328E-016   1.2876306390302438E-016   1.0821798813239348E-017   2.1502312268525552        6.2996916406564278E-016  -6.7094231572052414E-017   7.6676990946819018E-017
  -1.1722929769601310E-015  -6.5106196941918263E-017  -7.0123901052474092E-003   4.8707395998872284E-015   1.7550747130840125E-015  -6.6430906096124685E-016 -0.23660309496970700       -9.5196368784648932E-015  -1.4351601097849567E-015   1.3678405516453655E-015 -0.40816368428557553        5.4205240677580763E-015   8.4756459411005443E-016  -1.8280215256265901E-016  -3.7312739526603021E-016   3.7967622269394474E-016   1.3241232393110581E-015   8.9738083335166177E-016  -3.2391704573306920E-016   6.2996916406564278E-016   2.1502312268525605       -1.4616574311238795E-015   5.7085752249370777E-016
  -1.8838153545995182E-016   5.5028225592160187E-016   6.7601290064256782E-017   1.5119868120879875E-002  -9.5991769498451865E-016  -2.4436983613126755E-016   3.5461424376334938E-016 -0.30089514763305014        1.8436620971910683E-015   8.2741998604556229E-018  -1.4621949218108232E-015 -0.53498733950682820       -9.8948786217587873E-015   9.2227631587354487E-016   1.3260308880427685E-016  -9.6666376623086181E-015   2.2966462138250662E-016  -1.0499247749879365E-014  -1.0079159016266142E-015  -6.7094231572052414E-017  -1.4616574311238795E-015   2.4331788872091358      -0.64322171862255140     
  -4.6456485765955315E-016   1.8770450879956445E-016   1.2980108110754369E-015  -6.1507360085583601E-003   1.2803534292003058E-015  -1.0440641538880851E-015  -1.2993353859094286E-015   7.5553655175306864E-002  -1.0682901214306809E-015   5.1131191818941263E-016   1.1187757661958271E-015  0.10819246022988653       -9.5876046611699444E-016  -2.2550724167967172E-016   3.2884940952777807E-016   2.0368768840650833E-016  -8.7429621504178529E-016   6.2225215612921495E-016   5.9475763820619741E-016   7.6676990946819018E-017   5.7085752249370777E-016 -0.64322171862255140        2.1703360139277863     
