   3.8580241524651074E-002  -8.7289568657713259E-017   8.5719734262135059E-017   3.7954902878330619E-017   7.1443489543407721E-002  -3.6613281489382670E-017   4.7289284756576155E-017  -7.9156011980588334E-017   8.7465934769160106E-002  -5.6501615090913999E-017   3.5658957702142993E-017  -6.9455699516045602E-017   4.6885380156518109E-018  -2.0125443358486445E-018  -9.9699570679500181E-019   4.1447603834884919E-018  -2.1157740278058189E-019   3.3326398548069125E-018  -2.9874864117542481E-016
  -8.7289568657713259E-017   3.8580241524651303E-002   9.0597514661057887E-017   8.1042261852998835E-017  -8.5592114631416257E-017   7.1443489543407887E-002   1.9523544745579493E-017  -4.3402642159939101E-016  -1.2385202817026073E-016   8.7465934769160342E-002  -3.6266562669639489E-017  -2.8876071147815440E-016  -6.0199886160501024E-017  -1.2037528535415934E-019   1.8021162604003283E-018  -6.2719399767411359E-017   4.9698852110151582E-019  -6.1295725912566176E-017   9.6610181141209389E-016
   8.5719734262135059E-017   9.0597514661057887E-017   3.8580241524651532E-002  -3.2803931869217599E-017   1.2658512114673356E-016   1.4843857118589424E-016   7.1443489543408081E-002  -6.7620823776460684E-016   8.7305379939395306E-017   1.0654545099196153E-016   8.7465934769160661E-002  -7.7362018537642461E-016   7.6813753058151298E-017   3.4261636332347941E-019   1.6572844923747762E-018   8.4755785050320873E-017  -1.1846331047759857E-018   8.5978694640859765E-017   1.4677226761190325E-015
   3.7954902878330619E-017   8.1042261852998835E-017  -3.2803931869217599E-017   1.0288503305221275E-003   9.7335237258127076E-017   1.9418248417004765E-016   4.8144921960981370E-018   2.4281804483332416E-002   9.2539129190194337E-017   2.1853878060341235E-016  -4.0409034958478677E-017   2.3679068686850376E-002   2.1494014742723201E-016   1.0166430281913739E-018   2.2910205920401739E-018   2.1658270880994731E-016   5.0140525963906388E-019   2.2323132329787605E-016  -6.4081213398732382E-003
   7.1443489543407721E-002  -8.5592114631416257E-017   1.2658512114673356E-016   9.7335237258127076E-017  0.13230016185558785        7.3034568844055791E-017   2.8035661176855073E-017   5.0644597899562763E-016  0.16197077439476676        6.7787482080129730E-017  -6.8575787409715990E-018   5.0099024272964908E-016   8.6823074054957060E-018  -3.7268608109146936E-018  -1.8462521108820376E-018   7.6753315535540215E-018  -3.9180231553284377E-019   6.1714341644780878E-018  -1.0012851069557128E-015
  -3.6613281489382670E-017   7.1443489543407887E-002   1.4843857118589424E-016   1.9418248417004765E-016   7.3034568844055791E-017  0.13230016185558768        3.5462446058468886E-019   4.0462084841733524E-016   5.4110723425130635E-017  0.16197077439476665       -1.1098616239010032E-016   5.6114534700570676E-016  -1.1147908274948858E-016  -2.2291282015395571E-019   3.3371868375599992E-018  -1.1614475711844749E-016   9.2033105048941802E-019  -1.1350837579623924E-016  -1.6846195561213102E-015
   4.7289284756576155E-017   1.9523544745579493E-017   7.1443489543408081E-002   4.8144921960981370E-018   2.8035661176855073E-017   3.5462446058468886E-019  0.13230016185558763        4.6213240751993396E-016  -9.0996184834898015E-017  -1.3879143060530101E-016  0.16197077439476668        1.5687523332419918E-016   1.4224489911225242E-016   6.3446229476988131E-019   3.0689851235330436E-018   1.5695207711743388E-016  -2.1937219542742194E-018   1.5921668006162220E-016  -8.8264733126901603E-016
  -7.9156011980588334E-017  -4.3402642159939101E-016  -6.7620823776460684E-016   2.4281804483332416E-002   5.0644597899562763E-016   4.0462084841733524E-016   4.6213240751993396E-016  0.57868812787855084       -7.0535842396359459E-017  -1.0801911767654877E-016  -6.1239392276576917E-016  0.56155642924528226        4.9760230521612669E-015   2.6106694679059719E-017   8.2082577232768474E-017   4.9790831387793583E-015   1.7980994767183242E-017   5.1426106937948754E-015 -0.25855353433292860     
   8.7465934769160106E-002  -1.2385202817026073E-016   8.7305379939395306E-017   9.2539129190194337E-017  0.16197077439476676        5.4110723425130635E-017  -9.0996184834898015E-017  -7.0535842396359459E-017  0.19829553788964155        3.9769890939483965E-017  -1.6181717424346151E-016  -2.9431601894433545E-017   1.0629465862150446E-017  -4.5626741731750384E-018  -2.2603062606529647E-018   9.3966581599662859E-018  -4.7967079984224244E-019   7.5554856224389514E-018   1.2833753413296074E-016
  -5.6501615090913999E-017   8.7465934769160342E-002   1.0654545099196153E-016   2.1853878060341235E-016   6.7787482080129730E-017  0.16197077439476665       -1.3879143060530101E-016  -1.0801911767654877E-016   3.9769890939483965E-017  0.19829553788964152       -3.0632777130862291E-016   1.7271208314291266E-016  -1.3648020613506554E-016  -2.7290489744281935E-019   4.0856090332642401E-018  -1.4219223913649795E-016   1.1267312968975146E-018  -1.3896460344528818E-016   9.3182740433053011E-016
   3.5658957702142993E-017  -3.6266562669639489E-017   8.7465934769160661E-002  -4.0409034958478677E-017  -6.8575787409715990E-018  -1.1098616239010032E-016  0.16197077439476668       -6.1239392276576917E-016  -1.6181717424346151E-016  -3.0632777130862291E-016  0.19829553788964172       -9.1479703740366937E-016   1.7414579196104628E-016   7.7675150027647598E-019   3.7572584197379145E-018   1.9215131045210603E-016  -2.6857022603529415E-018   1.9492378999727229E-016   8.3926832617961875E-016
  -6.9455699516045602E-017  -2.8876071147815440E-016  -7.7362018537642461E-016   2.3679068686850376E-002   5.0099024272964908E-016   5.6114534700570676E-016   1.5687523332419918E-016  0.56155642924528226       -2.9431601894433545E-017   1.7271208314291266E-016  -9.1479703740366937E-016  0.54628230081937190        4.9001873937922620E-015   2.4417411402475638E-017   6.6241019760138343E-017   4.9207667903196625E-015   1.4505334454728147E-017   5.0769758070367188E-015 -0.19925197470331957     
   4.6885380156518109E-018  -6.0199886160501024E-017   7.6813753058151298E-017   2.1494014742723201E-016   8.6823074054957060E-018  -1.1147908274948858E-016   1.4224489911225242E-016   4.9760230521612669E-015   1.0629465862150446E-017  -1.3648020613506554E-016   1.7414579196104628E-016   4.9001873937922620E-015   4.6818502711408155E-029   1.7660609268578896E-031  -3.6940966921804123E-033   4.7796584127781067E-029  -4.3357752902435082E-033   4.9071710466280924E-029   5.1043353957586809E-016
  -2.0125443358486445E-018  -1.2037528535415934E-019   3.4261636332347941E-019   1.0166430281913739E-018  -3.7268608109146936E-018  -2.2291282015395571E-019   6.3446229476988131E-019   2.6106694679059719E-017  -4.5626741731750384E-018  -2.7290489744281935E-019   7.7675150027647598E-019   2.4417411402475638E-017   1.7660609268578896E-031   1.9080673482432880E-033   1.2865536563678523E-032   1.6490041090417099E-031   2.8075753019448278E-033   1.7400773407686588E-031  -4.6713303157233764E-017
  -9.9699570679500181E-019   1.8021162604003283E-018   1.6572844923747762E-018   2.2910205920401739E-018  -1.8462521108820376E-018   3.3371868375599992E-018   3.0689851235330436E-018   8.2082577232768474E-017  -2.2603062606529647E-018   4.0856090332642401E-018   3.7572584197379145E-018   6.6241019760138343E-017  -3.6940966921804123E-033   1.2865536563678523E-032   1.4502164166500891E-031  -1.7791638303226182E-031   3.1760275180483455E-032  -1.2997667072658476E-031  -5.4961179076971184E-016
   4.1447603834884919E-018  -6.2719399767411359E-017   8.4755785050320873E-017   2.1658270880994731E-016   7.6753315535540215E-018  -1.1614475711844749E-016   1.5695207711743388E-016   4.9790831387793583E-015   9.3966581599662859E-018  -1.4219223913649795E-016   1.9215131045210603E-016   4.9207667903196625E-015   4.7796584127781067E-029   1.6490041090417099E-031  -1.7791638303226182E-031   4.9006131425417382E-029  -4.2896820461060252E-032   5.0249985984562095E-029   1.1825740990264201E-015
  -2.1157740278058189E-019   4.9698852110151582E-019  -1.1846331047759857E-018   5.0140525963906388E-019  -3.9180231553284377E-019   9.2033105048941802E-019  -2.1937219542742194E-018   1.7980994767183242E-017  -4.7967079984224244E-019   1.1267312968975146E-018  -2.6857022603529415E-018   1.4505334454728147E-017  -4.3357752902435082E-033   2.8075753019448278E-033   3.1760275180483455E-032  -4.2896820461060252E-032   7.0179971682599397E-033  -3.2430657378769910E-032  -1.2060483111724959E-016
   3.3326398548069125E-018  -6.1295725912566176E-017   8.5978694640859765E-017   2.2323132329787605E-016   6.1714341644780878E-018  -1.1350837579623924E-016   1.5921668006162220E-016   5.1426106937948754E-015   7.5554856224389514E-018  -1.3896460344528818E-016   1.9492378999727229E-016   5.0769758070367188E-015   4.9071710466280924E-029   1.7400773407686588E-031  -1.2997667072658476E-031   5.0249985984562095E-029  -3.2430657378769910E-032   5.1544704077569461E-029   1.0147603464199921E-015
  -2.9874864117542481E-016   9.6610181141209389E-016   1.4677226761190325E-015  -6.4081213398732382E-003  -1.0012851069557128E-015  -1.6846195561213102E-015  -8.8264733126901603E-016 -0.25855353433292860        1.2833753413296074E-016   9.3182740433053011E-016   8.3926832617961875E-016 -0.19925197470331957        5.1043353957586809E-016  -4.6713303157233764E-017  -5.4961179076971184E-016   1.1825740990264201E-015  -1.2060483111724959E-016   1.0147603464199921E-015   2.0908187720082019     
