   2.8720719581709762E-007  -3.0719752486504823E-019  -6.3643995104467818E-019  -1.1772720225937719E-016  -1.1330836802010478E-006   1.9417834076903233E-018   1.3133780703448965E-018  -4.2255183561102094E-016  -2.1335407560294358E-016   7.0188394492279407E-006  -1.2150321445845369E-017  -7.5288700843541346E-018  -1.0008485317329612E-019  -1.5953342845645746E-019   1.3938533387385191E-019   2.6764822724967338E-019   1.5368276472240846E-019  -1.1408250653853106E-019   7.5662533321845188E-004  -1.3116828677755301E-015  -8.0269130599703281E-016   5.5929963870693520E-016   5.5567644935120365E-016
  -3.0719752486504823E-019   2.8720719581515616E-007   2.5089987410020925E-019  -3.8224152927988102E-017  -4.7893975247967078E-019  -1.1330836801946500E-006  -1.0960945223029620E-018  -1.3162317030859184E-016  -7.4473404024785629E-017   4.6317358014447732E-018   7.0188394492015200E-006   1.3267570052489219E-017  -6.5550928818098138E-020  -5.3795119219866179E-020  -5.1312056933176867E-020  -4.2301741288842731E-019   1.0335714410488636E-019  -1.9031485647704582E-019   5.0240370761012593E-016   7.5662533321589533E-004   1.5262809893399284E-015   1.4610092833592953E-015  -2.3159866383196886E-016
  -6.3643995104467818E-019   2.5089987410020925E-019   2.8720719581578599E-007  -1.9115359133679746E-016   1.9424142968895464E-018   2.9426353170550635E-019  -1.1330836801969869E-006  -6.9349886556495007E-016  -3.3598734239538580E-016  -8.4223639119214210E-018  -7.3322983149002156E-018   7.0188394492103605E-006   5.8991322790910419E-019  -1.1320415547081231E-019  -1.7318218109025367E-020  -2.6733189788954720E-019   6.9065643827290845E-020  -1.1600006806572857E-019  -8.7393245876474720E-016  -8.6588889327691623E-016   7.5662533321672551E-004  -9.3992591885968738E-016  -3.5847212592315192E-017
  -1.1772720225937719E-016  -3.8224152927988102E-017  -1.9115359133679746E-016   2.8578398889846004E-002   6.7936068511039619E-018   2.0335203892831268E-017   1.4625993892265976E-016  0.10376057017912339        5.1181494987456291E-002  -2.1560565895034732E-017   1.4363237688413588E-017  -9.5498186297856437E-017  -6.0324382297128564E-016  -6.9534126457245367E-018   2.3071829305761783E-018  -5.9404489546162305E-016  -6.7490349146710305E-018  -5.8289241029616614E-016   5.3693115264078467E-016   5.2324067605843029E-015  -7.6597233842669202E-015  -3.4999753684892908E-002   5.8017633845570613E-003
  -1.1330836802010478E-006  -4.7893975247967078E-019   1.9424142968895464E-018   6.7936068511039619E-018   4.4702174772653108E-006  -9.8982385019821894E-019  -2.9388546589866448E-018   3.6786386477201795E-017   1.0859505648028238E-017  -2.7690575130771313E-005   6.6128341956898400E-018   1.5810695926192538E-017   3.9485262006139002E-019   6.2938786654128665E-019  -5.4990003513813121E-019  -1.0559200561276625E-018  -6.0630595323331123E-019   4.5007586244799411E-019  -2.9850220662384630E-003   7.2030615102387752E-016   1.6692095240742436E-015   5.6572119629295972E-016  -8.6277913207115297E-016
   1.9417834076903233E-018  -1.1330836801946500E-006   2.9426353170550635E-019   2.0335203892831268E-017  -9.8982385019821894E-019   4.4702174772450481E-006  -7.4174805471992394E-019   1.1856097907047745E-016   3.6861231527784780E-017  -4.3715616494029371E-019  -2.7690575130697909E-005  -2.0961581007574152E-017   2.5861012101687155E-019   2.1223135266005587E-019   2.0243522848811752E-019   1.6688792410725158E-018  -4.0776239217901496E-019   7.5082609737953295E-019  -5.9379822016609122E-017  -2.9850220662317002E-003  -2.6385661289100653E-015  -2.1168936533479265E-016   1.3611340452821858E-015
   1.3133780703448965E-018  -1.0960945223029620E-018  -1.1330836801969869E-006   1.4625993892265976E-016  -2.9388546589866448E-018  -7.4174805471992394E-019   4.4702174772536844E-006   4.6454921399452417E-016   2.5769633568272613E-016   3.9631480203451401E-018   2.6330670156541833E-017  -2.7690575130729175E-005  -2.3273130374524674E-018   4.4661061061042550E-019   6.8323463322424898E-020   1.0546720803346233E-018  -2.7247629942148743E-019   4.5764098513395581E-019   2.9312089315203831E-016   3.1361795624553640E-015  -2.9850220662345863E-003  -2.8270305655947376E-016  -6.6378969711743258E-016
  -4.2255183561102094E-016  -1.3162317030859184E-016  -6.9349886556495007E-016  0.10376057017912339        3.6786386477201795E-017   1.1856097907047745E-016   4.6454921399452417E-016  0.37709385663065936       0.18571563562365856       -1.1912485917616331E-016  -2.4656267714479676E-016   5.9273054842503049E-017  -2.2011697252307598E-015  -3.2469561357309642E-017   8.1736251449704426E-018  -2.1647982796074229E-015  -2.5245969021468927E-017  -2.1237762930815248E-015  -1.6701476988137636E-015  -1.1380733488611993E-014   1.4974441243898178E-014  -9.9401501848669208E-002   1.7048215303445857E-002
  -2.1335407560294358E-016  -7.4473404024785629E-017  -3.3598734239538580E-016   5.1181494987456291E-002   1.0859505648028238E-017   3.6861231527784780E-017   2.5769633568272613E-016  0.18571563562365856        9.1697205712245614E-002  -3.7255836169767821E-017   2.2915983618226425E-017  -1.4009825417364776E-016  -1.0794936803712549E-015  -1.0616773984278169E-017   4.1578518665636320E-018  -1.0634307446521195E-015  -1.1813885672137315E-017  -1.0437837868469783E-015   1.0067065791239382E-015   8.3390498549370005E-015  -9.9257991797022230E-015  -7.0857021133500675E-002   9.5555277168915317E-003
   7.0188394492279407E-006   4.6317358014447732E-018  -8.4223639119214210E-018  -2.1560565895034732E-017  -2.7690575130771313E-005  -4.3715616494029371E-019   3.9631480203451401E-018  -1.1912485917616331E-016  -3.7255836169767821E-017   1.7152810908474341E-004  -2.7414006270922661E-019  -9.7205401765229769E-018  -2.4458980344900415E-018  -3.8987168059511667E-018   3.4063327600604355E-018   6.5408526083907145E-018   3.7557368597015807E-018  -2.7879760989437109E-018   1.8490594297159879E-002  -7.5687528974414477E-017  -8.3000141755584171E-016  -6.2462696332084212E-016   1.3395419500107967E-015
  -1.2150321445845369E-017   7.0188394492015200E-006  -7.3322983149002156E-018   1.4363237688413588E-017   6.6128341956898400E-018  -2.7690575130697909E-005   2.6330670156541833E-017  -2.4656267714479676E-016   2.2915983618226425E-017  -2.7414006270922661E-019   1.7152810908461154E-004  -4.7967475803010735E-018  -1.6019495745014774E-018  -1.3146582343747526E-018  -1.2539765530609083E-018  -1.0337802633580326E-017   2.5258670777373193E-018  -4.6509608459496292E-018   4.6359330813089523E-017   1.8490594297152788E-002   1.8301447021003194E-015  -1.0834981652027683E-015  -1.5000903280685222E-015
  -7.5288700843541346E-018   1.3267570052489219E-017   7.0188394492103605E-006  -9.5498186297856437E-017   1.5810695926192538E-017  -2.0961581007574152E-017  -2.7690575130729175E-005   5.9273054842503049E-017  -1.4009825417364776E-016  -9.7205401765229769E-018  -4.7967475803010735E-018   1.7152810908466749E-004   1.4416443236626679E-017  -2.7665107414183420E-018  -4.2322683492511342E-019  -6.5331220746015431E-018   1.6878430364691088E-018  -2.8348379349197223E-018  -2.1716909651552536E-016  -2.3615121868354651E-015   1.8490594297155820E-002   5.7848185501838376E-016   1.4189184794844357E-015
  -1.0008485317329612E-019  -6.5550928818098138E-020   5.8991322790910419E-019  -6.0324382297128564E-016   3.9485262006139002E-019   2.5861012101687155E-019  -2.3273130374524674E-018  -2.2011697252307598E-015  -1.0794936803712549E-015  -2.4458980344900415E-018  -1.6019495745014774E-018   1.4416443236626679E-017   1.7263709828631585E-029   6.1358151356342766E-031  -7.2352214125956268E-032   1.4587957769948118E-029   1.7032053746844021E-031   1.4927486624619187E-029  -2.6366587079708696E-016  -1.7268889527607462E-016   1.5540811620841545E-015  -3.0594738803066392E-016   2.4640988535940347E-015
  -1.5953342845645746E-019  -5.3795119219866179E-020  -1.1320415547081231E-019  -6.9534126457245367E-018   6.2938786654128665E-019   2.1223135266005587E-019   4.4661061061042550E-019  -3.2469561357309642E-017  -1.0616773984278169E-017  -3.8987168059511667E-018  -1.3146582343747526E-018  -2.7665107414183420E-018   6.1358151356342766E-031   3.4602309604229576E-031  -5.1510077300972830E-032   6.7062792491410548E-031  -1.2403257528871965E-031   7.9454686630850831E-031  -4.2027858362710272E-016  -1.4171911636500051E-016  -2.9822766665634708E-016  -5.6734010557200683E-016   4.2631590696400490E-016
   1.3938533387385191E-019  -5.1312056933176867E-020  -1.7318218109025367E-020   2.3071829305761783E-018  -5.4990003513813121E-019   2.0243522848811752E-019   6.8323463322424898E-020   8.1736251449704426E-018   4.1578518665636320E-018   3.4063327600604355E-018  -1.2539765530609083E-018  -4.2322683492511342E-019  -7.2352214125956268E-032  -5.1510077300972830E-032   7.8776124100499190E-032   2.1226294922828407E-031   5.0963230210662672E-032  -2.0184077625797668E-032   3.6719997348238533E-016  -1.3517767918349007E-016  -4.5623517579904859E-017  -2.1324137179260204E-017   3.8510006491997918E-017
   2.6764822724967338E-019  -4.2301741288842731E-019  -2.6733189788954720E-019  -5.9404489546162305E-016  -1.0559200561276625E-018   1.6688792410725158E-018   1.0546720803346233E-018  -2.1647982796074229E-015  -1.0634307446521195E-015   6.5408526083907145E-018  -1.0337802633580326E-017  -6.5331220746015431E-018   1.4587957769948118E-029   6.7062792491410548E-031   2.1226294922828407E-031   1.5530218574128021E-029   3.5865691437557785E-032   1.4607744537873227E-029   7.0509873037473091E-016  -1.1144069356425914E-015  -7.0426538495610063E-016  -4.9461345433313085E-017   1.9424607406816333E-015
   1.5368276472240846E-019   1.0335714410488636E-019   6.9065643827290845E-020  -6.7490349146710305E-018  -6.0630595323331123E-019  -4.0776239217901496E-019  -2.7247629942148743E-019  -2.5245969021468927E-017  -1.1813885672137315E-017   3.7557368597015807E-018   2.5258670777373193E-018   1.6878430364691088E-018   1.7032053746844021E-031  -1.2403257528871965E-031   5.0963230210662672E-032   3.5865691437557785E-032   1.4031677370474725E-031  -5.5981096557093936E-032   4.0486545867140228E-016   2.7228647031800642E-016   1.8194814244254523E-016  -4.3332409780709941E-017  -4.2724417086237100E-017
  -1.1408250653853106E-019  -1.9031485647704582E-019  -1.1600006806572857E-019  -5.8289241029616614E-016   4.5007586244799411E-019   7.5082609737953295E-019   4.5764098513395581E-019  -2.1237762930815248E-015  -1.0437837868469783E-015  -2.7879760989437109E-018  -4.6509608459496292E-018  -2.8348379349197223E-018   1.4927486624619187E-029   7.9454686630850831E-031  -2.0184077625797668E-032   1.4607744537873227E-029  -5.5981096557093936E-032   1.4479633380690196E-029  -3.0054161519566137E-016  -5.0136989530944609E-016  -3.0559328399615281E-016  -3.7970397078193245E-017   2.1066436629885506E-015
   7.5662533321845188E-004   5.0240370761012593E-016  -8.7393245876474720E-016   5.3693115264078467E-016  -2.9850220662384630E-003  -5.9379822016609122E-017   2.9312089315203831E-016  -1.6701476988137636E-015   1.0067065791239382E-015   1.8490594297159879E-002   4.6359330813089523E-017  -2.1716909651552536E-016  -2.6366587079708696E-016  -4.2027858362710272E-016   3.6719997348238533E-016   7.0509873037473091E-016   4.0486545867140228E-016  -3.0054161519566137E-016   1.9932714193989325        2.4137050864958546E-017   7.5030178467785924E-017   3.7127873098764697E-016  -3.0102808161743705E-016
  -1.3116828677755301E-015   7.5662533321589533E-004  -8.6588889327691623E-016   5.2324067605843029E-015   7.2030615102387752E-016  -2.9850220662317002E-003   3.1361795624553640E-015  -1.1380733488611993E-014   8.3390498549370005E-015  -7.5687528974414477E-017   1.8490594297152788E-002  -2.3615121868354651E-015  -1.7268889527607462E-016  -1.4171911636500051E-016  -1.3517767918349007E-016  -1.1144069356425914E-015   2.7228647031800642E-016  -5.0136989530944609E-016   2.4137050864958546E-017   1.9932714193989363       -1.5394586647121677E-015   2.1088249489933300E-016  -4.3170224152957372E-016
  -8.0269130599703281E-016   1.5262809893399284E-015   7.5662533321672551E-004  -7.6597233842669202E-015   1.6692095240742436E-015  -2.6385661289100653E-015  -2.9850220662345863E-003   1.4974441243898178E-014  -9.9257991797022230E-015  -8.3000141755584171E-016   1.8301447021003194E-015   1.8490594297155820E-002   1.5540811620841545E-015  -2.9822766665634708E-016  -4.5623517579904859E-017  -7.0426538495610063E-016   1.8194814244254523E-016  -3.0559328399615281E-016   7.5030178467785924E-017  -1.5394586647121677E-015   1.9932714193989396       -5.0591272759101983E-016   1.3246691904656354E-015
   5.5929963870693520E-016   1.4610092833592953E-015  -9.3992591885968738E-016  -3.4999753684892908E-002   5.6572119629295972E-016  -2.1168936533479265E-016  -2.8270305655947376E-016  -9.9401501848669208E-002  -7.0857021133500675E-002  -6.2462696332084212E-016  -1.0834981652027683E-015   5.7848185501838376E-016  -3.0594738803066392E-016  -5.6734010557200683E-016  -2.1324137179260204E-017  -4.9461345433313085E-017  -4.3332409780709941E-017  -3.7970397078193245E-017   3.7127873098764697E-016   2.1088249489933300E-016  -5.0591272759101983E-016   2.1468755218455522      -0.49332872410858081     
   5.5567644935120365E-016  -2.3159866383196886E-016  -3.5847212592315192E-017   5.8017633845570613E-003  -8.6277913207115297E-016   1.3611340452821858E-015  -6.6378969711743258E-016   1.7048215303445857E-002   9.5555277168915317E-003   1.3395419500107967E-015  -1.5000903280685222E-015   1.4189184794844357E-015   2.4640988535940347E-015   4.2631590696400490E-016   3.8510006491997918E-017   1.9424607406816333E-015  -4.2724417086237100E-017   2.1066436629885506E-015  -3.0102808161743705E-016  -4.3170224152957372E-016   1.3246691904656354E-015 -0.49332872410858081        2.1134491000297664     
