   3.7336540621689322E-003  -2.9090622755947086E-017   4.9374577061058746E-017   5.1814615436763674E-017   2.8661947142146024E-002  -2.0528245017749965E-016  -5.3026964483588694E-017   9.0492188410133496E-017   4.9053463077299943E-002  -3.8945818788954829E-016   1.7368428781422868E-017   3.9576629627855109E-016  -2.0012571371017424E-019  -2.5368882707948757E-018  -8.1636895107023315E-019   6.0965631362240170E-018  -5.9933838021978636E-018  -6.5356585180744697E-018  -1.3215935262569225E-002  -8.3686327557784777E-016  -9.3656647383122644E-016   3.0396676354416398E-016   2.0958862516472075E-015
  -2.9090622755947086E-017   3.7336540621697419E-003  -7.3760425029452454E-017   3.1226174868138106E-017   4.1418623751975287E-017   2.8661947142149157E-002  -3.4084574272453578E-016  -7.6708152238492258E-017  -5.9801844050595753E-018   4.9053463077305265E-002  -5.7520640166739182E-016   1.1658086318903167E-016  -2.2397547944471917E-017  -2.1140265556522181E-018  -2.7222722614249541E-019  -2.0450350505588288E-017   3.3208500852391985E-019  -1.8452481826998741E-017  -1.9226488526326061E-016  -1.3215935262577850E-002  -1.3412071259400034E-015   4.2173743066121211E-016   6.0834916882639651E-016
   4.9374577061058746E-017  -7.3760425029452454E-017   3.7336540621688932E-003  -2.2893691665453579E-017   3.9702700581717161E-016  -2.3084235659289174E-016   2.8661947142146350E-002  -4.3914538495721168E-016   7.5394523541338000E-016  -3.6590256232885068E-016   4.9053463077299006E-002  -1.2769526811768360E-015  -3.7909315955273667E-018   3.2295681317453128E-019   4.2019570006366445E-018   5.6352945026678170E-019  -2.4984775420056434E-018  -3.0467160174510851E-018  -1.2436761977223247E-015  -4.7703825989684892E-016  -1.3215935262572526E-002  -6.8263250328235118E-016   2.5963673500875353E-015
   5.1814615436763674E-017   3.1226174868138106E-017  -2.2893691665453579E-017   6.9131338414312292E-005   4.1933697670090577E-016   2.5352824783306454E-016   8.7332307606931930E-017  -3.3543578991141946E-003   7.1826780873088248E-016   4.1157327705227149E-016  -1.8387012391076166E-016  -7.6877801253733159E-003   1.9644308902596667E-018   2.9119648597697633E-018  -2.3046818544492331E-018  -3.6909856601263608E-018   3.0100234930000195E-018  -1.2554766409130019E-017   6.9586659960809413E-017  -7.6081418949587900E-016  -1.1077241686835156E-014   9.4064018745003419E-003  -4.5406479614462916E-003
   2.8661947142146024E-002   4.1418623751975287E-017   3.9702700581717161E-016   4.1933697670090577E-016  0.22147501103701989        1.9312389275278923E-016  -7.5222447584905129E-016  -4.6652689072527258E-016  0.37719886231639849        3.3233774106013637E-016  -6.6893818755931288E-017   2.8088653982345800E-016   8.3142762670152415E-018  -3.5402261255128255E-018   1.6847032316353240E-017   4.7667047797211655E-017  -5.3471195220471096E-017  -5.9269216177471665E-017 -0.15548914559628493        5.5221554195895555E-016   1.1895054143672781E-015  -1.0605830779146429E-017  -1.5097201878410103E-015
  -2.0528245017749965E-016   2.8661947142149157E-002  -2.3084235659289174E-016   2.5352824783306454E-016   1.9312389275278923E-016  0.22147501103701675       -4.7222921427771918E-016  -3.3963346659442084E-016  -1.6126459002158833E-016  0.37719886231639571       -3.2913510321378176E-016   1.4211871204221201E-015  -1.6686563489508420E-016   6.6516304160316714E-018  -5.3759494150357013E-018  -1.7578703835829263E-016   3.6399929839302665E-018  -1.4524206957151047E-016   4.7631930759564144E-016 -0.15548914559627258       -3.3286987517143446E-017   5.2588958934419259E-017  -1.4943330071118365E-015
  -5.3026964483588694E-017  -3.4084574272453578E-016   2.8661947142146350E-002   8.7332307606931930E-017  -7.5222447584905129E-016  -4.7222921427771918E-016  0.22147501103702558        1.4402410195400916E-015  -2.8573834588966765E-016  -4.7326672265608510E-016  0.37719886231639799        3.8802099298789769E-015  -5.1835289068208616E-017   2.8809672679746984E-017   3.4631491280360240E-017  -1.3157464083867200E-017  -3.1421388275866792E-017  -4.3097770574251457E-017   1.7623995716675530E-015   4.0609418160150951E-016 -0.15548914559628127       -8.2518298418368899E-016  -1.8379655844884602E-016
   9.0492188410133496E-017  -7.6708152238492258E-017  -4.3914538495721168E-016  -3.3543578991141946E-003  -4.6652689072527258E-016  -3.3963346659442084E-016   1.4402410195400916E-015  0.21301544519556909       -4.4093191254690094E-016  -1.3341090842652941E-015   1.7734057577104972E-016  0.50351743785586744        1.5529338820177889E-015  -6.7764397454691947E-017   7.0855694667075127E-017   1.9145187132863188E-015  -6.5969952626508180E-017   2.4973944270540555E-015  -7.7143681809069801E-016  -1.6540127165636173E-016   2.0306394977646465E-014 -0.25442725761331997        6.2505766232801130E-002
   4.9053463077299943E-002  -5.9801844050595753E-018   7.5394523541338000E-016   7.1826780873088248E-016  0.37719886231639849       -1.6126459002158833E-016  -2.8573834588966765E-016  -4.4093191254690094E-016  0.64475039173152759       -3.4588987006660482E-016   1.3389303840958451E-015   1.4056593001284829E-015   1.6768888603751095E-018  -2.6364323723813531E-017  -6.2131847615355696E-019   8.0476335219933345E-017  -8.2004283611812900E-017  -8.9843607235341567E-017 -0.19725493074296216       -1.0728378137764139E-017  -2.0509206634285974E-015  -5.7713189283776394E-016  -5.8401654236248045E-016
  -3.8945818788954829E-016   4.9053463077305265E-002  -3.6590256232885068E-016   4.1157327705227149E-016   3.3233774106013637E-016  0.37719886231639571       -4.7326672265608510E-016  -1.3341090842652941E-015  -3.4588987006660482E-016  0.64475039173152571        3.6413091511299384E-017   5.3256163208173335E-016  -2.9204585693503083E-016  -1.7772373095892612E-017  -5.0131175870992926E-018  -2.7689769531714688E-016   4.8397933210363923E-018  -2.4400111835262583E-016  -8.8296549659840902E-017 -0.19725493074296674        1.5795781685006283E-015  -1.8676470730836612E-015   1.9113665998997243E-015
   1.7368428781422868E-017  -5.7520640166739182E-016   4.9053463077299006E-002  -1.8387012391076166E-016  -6.6893818755931288E-017  -3.2913510321378176E-016  0.37719886231639799        1.7734057577104972E-016   1.3389303840958451E-015   3.6413091511299384E-017  0.64475039173150872       -8.7324981378429412E-016  -5.9744002268484835E-017   1.5753428266189045E-017   5.6244150733432624E-017  -2.3914901577584039E-019  -3.8176831911538086E-017  -4.8644221818649414E-017  -1.4149545623446790E-015  -6.1466701646221890E-016 -0.19725493074296008        1.0537898300384226E-015  -4.2496368317405119E-015
   3.9576629627855109E-016   1.1658086318903167E-016  -1.2769526811768360E-015  -7.6877801253733159E-003   2.8088653982345800E-016   1.4211871204221201E-015   3.8802099298789769E-015  0.50351743785586744        1.4056593001284829E-015   5.3256163208173335E-016  -8.7324981378429412E-016   1.1937937449595324        4.0757373399097700E-015  -1.3555819589939361E-016   1.4814825212639209E-016   4.9315603078196010E-015  -1.2665842900170982E-016   6.3128760408525418E-015   6.4033148992725719E-016  -1.8050359902040689E-016  -1.3044276482502949E-014 -0.51835736385209141       0.10205954828271488     
  -2.0012571371017424E-019  -2.2397547944471917E-017  -3.7909315955273667E-018   1.9644308902596667E-018   8.3142762670152415E-018  -1.6686563489508420E-016  -5.1835289068208616E-017   1.5529338820177889E-015   1.6768888603751095E-018  -2.9204585693503083E-016  -5.9744002268484835E-017   4.0757373399097700E-015   6.0679053172078030E-029   1.1807865721230930E-030  -2.0344333484935940E-030   6.3363822943893971E-029   2.9154077757063030E-030   6.7672567534739646E-029  -3.6705375991220859E-016  -1.1009526726517888E-016   8.6215862768189095E-016   8.2278443266380326E-015  -2.4469138009171272E-015
  -2.5368882707948757E-018  -2.1140265556522181E-018   3.2295681317453128E-019   2.9119648597697633E-018  -3.5402261255128255E-018   6.6516304160316714E-018   2.8809672679746984E-017  -6.7764397454691947E-017  -2.6364323723813531E-017  -1.7772373095892612E-017   1.5753428266189045E-017  -1.3555819589939361E-016   1.1807865721230930E-030   1.4518269199897623E-030   2.2424939574774807E-031   6.4203579288523154E-031  -5.0534801623394122E-032   6.7478765708306124E-031  -5.8592302598709673E-016  -8.4673109250643893E-016  -9.8416654954130796E-016   4.4599283574044758E-016  -9.4776989893088525E-016
  -8.1636895107023315E-019  -2.7222722614249541E-019   4.2019570006366445E-018  -2.3046818544492331E-018   1.6847032316353240E-017  -5.3759494150357013E-018   3.4631491280360240E-017   7.0855694667075127E-017  -6.2131847615355696E-019  -5.0131175870992926E-018   5.6244150733432624E-017   1.4814825212639209E-016  -2.0344333484935940E-030   2.2424939574774807E-031   5.8495032858498811E-031  -2.0223660363432069E-030  -3.1588802141882557E-031  -1.9935902252654274E-030  -8.6005091196597812E-016   1.2364928740238007E-016  -1.0352515436796697E-016  -6.4144557864663162E-016  -6.9023824677636761E-017
   6.0965631362240170E-018  -2.0450350505588288E-017   5.6352945026678170E-019  -3.6909856601263608E-018   4.7667047797211655E-017  -1.7578703835829263E-016  -1.3157464083867200E-017   1.9145187132863188E-015   8.0476335219933345E-017  -2.7689769531714688E-016  -2.3914901577584039E-019   4.9315603078196010E-015   6.3363822943893971E-029   6.4203579288523154E-031  -2.0223660363432069E-030   6.7156489140415549E-029   2.7813602633488072E-030   7.2216068348159230E-029  -5.3906718313880408E-017   7.7415292722341998E-016   6.5073521925966575E-016   7.8600656422922199E-015  -2.2393337665335248E-015
  -5.9933838021978636E-018   3.3208500852391985E-019  -2.4984775420056434E-018   3.0100234930000195E-018  -5.3471195220471096E-017   3.6399929839302665E-018  -3.1421388275866792E-017  -6.5969952626508180E-017  -8.2004283611812900E-017   4.8397933210363923E-018  -3.8176831911538086E-017  -1.2665842900170982E-016   2.9154077757063030E-030  -5.0534801623394122E-032  -3.1588802141882557E-031   2.7813602633488072E-030   4.1336477111686367E-031   2.7389774336565729E-030   2.9980535132189672E-016  -4.1895522121634594E-017   4.6586748619713564E-016   7.4420473726927907E-016  -4.2180430238568906E-016
  -6.5356585180744697E-018  -1.8452481826998741E-017  -3.0467160174510851E-018  -1.2554766409130019E-017  -5.9269216177471665E-017  -1.4524206957151047E-016  -4.3097770574251457E-017   2.4973944270540555E-015  -8.9843607235341567E-017  -2.4400111835262583E-016  -4.8644221818649414E-017   6.3128760408525418E-015   6.7672567534739646E-029   6.7478765708306124E-031  -1.9935902252654274E-030   7.2216068348159230E-029   2.7389774336565729E-030   7.9191599960558731E-029   3.6277238165403083E-016   1.9930291720883846E-016   7.4660970441618788E-016   7.1646971609620864E-015  -2.3580781089565471E-015
  -1.3215935262569225E-002  -1.9226488526326061E-016  -1.2436761977223247E-015   6.9586659960809413E-017 -0.15548914559628493        4.7631930759564144E-016   1.7623995716675530E-015  -7.7143681809069801E-016 -0.19725493074296216       -8.8296549659840902E-017  -1.4149545623446790E-015   6.4033148992725719E-016  -3.6705375991220859E-016  -5.8592302598709673E-016  -8.6005091196597812E-016  -5.3906718313880408E-017   2.9980535132189672E-016   3.6277238165403083E-016   2.0641303884216784        2.6990690747042516E-016   4.0007624853346702E-016   6.7907390698523433E-016  -2.6068641050027078E-017
  -8.3686327557784777E-016  -1.3215935262577850E-002  -4.7703825989684892E-016  -7.6081418949587900E-016   5.5221554195895555E-016 -0.15548914559627258        4.0609418160150951E-016  -1.6540127165636173E-016  -1.0728378137764139E-017 -0.19725493074296674       -6.1466701646221890E-016  -1.8050359902040689E-016  -1.1009526726517888E-016  -8.4673109250643893E-016   1.2364928740238007E-016   7.7415292722341998E-016  -4.1895522121634594E-017   1.9930291720883846E-016   2.6990690747042516E-016   2.0641303884216837       -1.9372657119799371E-015   1.1740335961768535E-015  -1.6069325444163420E-016
  -9.3656647383122644E-016  -1.3412071259400034E-015  -1.3215935262572526E-002  -1.1077241686835156E-014   1.1895054143672781E-015  -3.3286987517143446E-017 -0.15548914559628127        2.0306394977646465E-014  -2.0509206634285974E-015   1.5795781685006283E-015 -0.19725493074296008       -1.3044276482502949E-014   8.6215862768189095E-016  -9.8416654954130796E-016  -1.0352515436796697E-016   6.5073521925966575E-016   4.6586748619713564E-016   7.4660970441618788E-016   4.0007624853346702E-016  -1.9372657119799371E-015   2.0641303884216793        1.7540736239396206E-016  -9.3315210039960617E-016
   3.0396676354416398E-016   4.2173743066121211E-016  -6.8263250328235118E-016   9.4064018745003419E-003  -1.0605830779146429E-017   5.2588958934419259E-017  -8.2518298418368899E-016 -0.25442725761331997       -5.7713189283776394E-016  -1.8676470730836612E-015   1.0537898300384226E-015 -0.51835736385209141        8.2278443266380326E-015   4.4599283574044758E-016  -6.4144557864663162E-016   7.8600656422922199E-015   7.4420473726927907E-016   7.1646971609620864E-015   6.7907390698523433E-016   1.1740335961768535E-015   1.7540736239396206E-016   2.3899055538259564      -0.61421687070127251     
   2.0958862516472075E-015   6.0834916882639651E-016   2.5963673500875353E-015  -4.5406479614462916E-003  -1.5097201878410103E-015  -1.4943330071118365E-015  -1.8379655844884602E-016   6.2505766232801130E-002  -5.8401654236248045E-016   1.9113665998997243E-015  -4.2496368317405119E-015  0.10205954828271488       -2.4469138009171272E-015  -9.4776989893088525E-016  -6.9023824677636761E-017  -2.2393337665335248E-015  -4.2180430238568906E-016  -2.3580781089565471E-015  -2.6068641050027078E-017  -1.6069325444163420E-016  -9.3315210039960617E-016 -0.61421687070127251        2.1581385075646211     
