   2.9853244541745212E-002   5.8769422042441493E-017   2.5073342942020017E-017  -1.2207340366659683E-016   6.0843629881194107E-002   9.1649854887556885E-017  -1.9917644663818288E-016  -7.1628205667268617E-016   7.4784991318450109E-002   5.9353918252573984E-017  -6.4344096832012877E-017  -1.7059374915732927E-015   1.7833665968489708E-017   7.4404799693187191E-018   1.1068766358802680E-018  -6.1155083965208287E-019  -3.3602291857633377E-019   1.1913800996306640E-017  -2.0522464595675152E-002  -2.7392490862030621E-016   1.8041088857119306E-015  -1.3545775019165903E-015  -3.5273590998547636E-015
   5.8769422042441493E-017   2.9853244541746551E-002   5.1043681453649640E-017  -1.6349025116419741E-017   1.4037419560885047E-017   6.0843629881194954E-002   3.0809940958058177E-017   3.1276964802194170E-016   1.6967155832085296E-017   7.4784991318452093E-002   6.1935310630172211E-017   3.7656810503399647E-016   3.7727590128122266E-017   1.2226021377620075E-018   5.1833423380459115E-019   3.6997430406311947E-017  -1.0890241639192464E-018   3.9009644325527834E-017  -8.9472266683669320E-017  -2.0522464595676460E-002  -8.8542786990400358E-016  -1.2638546665597072E-015   1.8048786721458903E-015
   2.5073342942020017E-017   5.1043681453649640E-017   2.9853244541748709E-002   2.6392001235653815E-017   2.1060296438577093E-016   2.5295102033703576E-017   6.0843629881196237E-002   1.5522282636647495E-015   2.5893968258514342E-016   6.8011081200618143E-017   7.4784991318455188E-002   3.4293476406566731E-015  -5.8851026285958262E-017   1.0630194586256521E-017  -4.9959071112759364E-020  -6.7079684712771152E-017  -1.7456500586525136E-018  -5.7447531450600638E-017   9.0638256945819719E-016   7.6059367614991182E-018  -2.0522464595674507E-002  -4.0366629258145595E-015  -8.0641773751437858E-016
  -1.2207340366659683E-016  -1.6349025116419741E-017   2.6392001235653815E-017   1.1943167781432183E-005  -2.4158699102175044E-016  -9.2411514253390342E-017   5.0605051065132384E-017   4.3724598527391606E-004  -3.0960066136624459E-016   2.6902662034053740E-017   6.6901046755431424E-017   9.5860689408536464E-004   2.2037791382420362E-018  -1.9769329192536870E-019  -8.6873342795318645E-019   4.3658422208138237E-018   1.1089157553896825E-018   1.4354564789176669E-018  -2.6307590655903683E-016   4.3587999967148177E-015   3.5685819751314481E-016   3.7038638611688619E-003  -3.4886663994249719E-003
   6.0843629881194107E-002   1.4037419560885047E-017   2.1060296438577093E-016  -2.4158699102175044E-016  0.12453755384761632       -3.9573639323394106E-017   3.3051334789700002E-017   9.6337603656520635E-016  0.15198948701060108       -1.4601151773420477E-016   2.5353778180068667E-016   1.1905598199222645E-015   3.1315280137321272E-017   2.3135375300902391E-017   3.3024947259991610E-019   7.1597792564110163E-018   8.5407572311067964E-018   1.9128569919769775E-017  -7.4372201390901088E-002   1.6586284403337905E-016  -1.1197445925713194E-015   2.0188700466566402E-015   3.9386843192167277E-015
   9.1649854887556885E-017   6.0843629881194954E-002   2.5295102033703576E-017  -9.2411514253390342E-017  -3.9573639323394106E-017  0.12453755384761406       -1.7310708669732520E-016  -2.9119879461667863E-016  -5.4151839816111307E-017  0.15198948701060050       -2.8922568641277492E-018  -9.0518584645494762E-016   1.7103716325295996E-017   2.9140106417864767E-019   1.9132116865847622E-019   1.0300031995818808E-017   2.8721195873057921E-019   7.2901111681129860E-018  -1.4590195014851491E-016  -7.4372201390897300E-002   1.9702180906015090E-015   1.4322157607032354E-015  -3.2869964630530335E-015
  -1.9917644663818288E-016   3.0809940958058177E-017   6.0843629881196237E-002   5.0605051065132384E-017   3.3051334789700002E-017  -1.7310708669732520E-016  0.12453755384761063       -1.7624395510896624E-015  -5.1309331799837116E-017  -3.8106140662972346E-017  0.15198948701059894       -2.2055509798844078E-015  -1.1679500468938637E-016   2.8680855507966443E-017  -8.4826371287331385E-019  -1.1310631058335322E-016   1.0055166269250029E-017  -1.1547951967662734E-016  -3.0182557943572836E-016   9.5911873487513389E-016  -7.4372201390900394E-002   4.0470706549642942E-015  -1.0228474614092394E-015
  -7.1628205667268617E-016   3.1276964802194170E-016   1.5522282636647495E-015   4.3724598527391606E-004   9.6337603656520635E-016  -2.9119879461667863E-016  -1.7624395510896624E-015  0.27414089579269474       -1.1538065917855144E-016   1.7786394981223757E-016   8.0713317917815799E-016  0.52701619459510340       -2.2141004943525335E-015  -6.9019782804342155E-017  -3.1001581995000162E-017  -2.0559908844062492E-015  -1.3551016910304617E-016  -2.2524273224921827E-015  -5.8420298712097241E-016  -4.1078942585389781E-015   2.5025183806937264E-015 -0.24445850577510800        5.9098578496708930E-002
   7.4784991318450109E-002   1.6967155832085296E-017   2.5893968258514342E-016  -3.0960066136624459E-016  0.15198948701060108       -5.4151839816111307E-017  -5.1309331799837116E-017  -1.1538065917855144E-016  0.18768865365020318       -1.5416933830239425E-016   2.2960718859917163E-016  -1.0123662895506877E-015   4.8728075197261030E-017   1.2217740850328004E-017   4.3241092179908738E-018  -8.3038720585990863E-018  -8.2737680727122648E-018   3.3996162787045515E-017  -2.5192383743396683E-002   5.2887059042531795E-016  -3.7325212681550230E-016  -1.0468599903842321E-015  -2.1009362000374619E-015
   5.9353918252573984E-017   7.4784991318452093E-002   6.8011081200618143E-017   2.6902662034053740E-017  -1.4601151773420477E-016  0.15198948701060050       -3.8106140662972346E-017   1.7786394981223757E-016  -1.5416933830239425E-016  0.18768865365020479       -6.1383667050513174E-018  -9.5119101222566901E-017   1.4267563539815070E-016   4.8353118144739893E-018   1.9953765771640689E-018   1.4512864728349759E-016  -4.7474933360564627E-018   1.5589792656326915E-016   4.8437627175503425E-016  -2.5192383743397037E-002  -1.8718629452836853E-015   4.5710820989433048E-016  -4.9062601068381005E-016
  -6.4344096832012877E-017   6.1935310630172211E-017   7.4784991318455188E-002   6.6901046755431424E-017   2.5353778180068667E-016  -2.8922568641277492E-018  0.15198948701059894        8.0713317917815799E-016   2.2960718859917163E-016  -6.1383667050513174E-018  0.18768865365020657        2.5990577252993014E-015  -1.4996355241265190E-016   2.0977949647932620E-017   4.7617063034803600E-019  -1.8705887466268252E-016  -1.5339394096266758E-017  -1.4520307512924166E-016  -4.6858229689718483E-016  -1.1046170076498334E-015  -2.5192383743395594E-002  -2.9856072036551556E-015   2.1816817316371105E-015
  -1.7059374915732927E-015   3.7656810503399647E-016   3.4293476406566731E-015   9.5860689408536464E-004   1.1905598199222645E-015  -9.0518584645494762E-016  -2.2055509798844078E-015  0.52701619459510340       -1.0123662895506877E-015  -9.5119101222566901E-017   2.5990577252993014E-015   1.0144235949156635       -4.1938108152170701E-015  -1.3333506533679875E-016  -6.6638831846164420E-017  -3.8693914484231326E-015  -2.4905871398450452E-016  -4.2716297620332484E-015   5.9857445936669553E-016  -6.7171285920759977E-015  -3.6123857146391445E-015 -0.42241853133712698        8.1801854295834489E-002
   1.7833665968489708E-017   3.7727590128122266E-017  -5.8851026285958262E-017   2.2037791382420362E-018   3.1315280137321272E-017   1.7103716325295996E-017  -1.1679500468938637E-016  -2.2141004943525335E-015   4.8728075197261030E-017   1.4267563539815070E-016  -1.4996355241265190E-016  -4.1938108152170701E-015   2.7933909652895414E-029   7.3037503752445473E-031   5.7018805089564745E-032   2.8256032872245246E-029   1.3071695301447864E-030   2.9501227881031378E-029   2.9513461024069742E-016   3.6268892615756370E-015  -1.5191796906263912E-016   4.3909357593585451E-015  -1.8874915100627176E-015
   7.4404799693187191E-018   1.2226021377620075E-018   1.0630194586256521E-017  -1.9769329192536870E-019   2.3135375300902391E-017   2.9140106417864767E-019   2.8680855507966443E-017  -6.9019782804342155E-017   1.2217740850328004E-017   4.8353118144739893E-018   2.0977949647932620E-017  -1.3333506533679875E-016   7.3037503752445473E-031   2.4665373027979854E-031  -8.2068504610313380E-033   1.1639444752673148E-030   3.1046818461729065E-031   7.9990032669550235E-031  -4.9210897447511740E-016   1.3359294653229642E-016  -4.3592790198019504E-016   6.5994576794572564E-017   5.9128829342912479E-017
   1.1068766358802680E-018   5.1833423380459115E-019  -4.9959071112759364E-020  -8.6873342795318645E-019   3.3024947259991610E-019   1.9132116865847622E-019  -8.4826371287331385E-019  -3.1001581995000162E-017   4.3241092179908738E-018   1.9953765771640689E-018   4.7617063034803600E-019  -6.6638831846164420E-017   5.7018805089564745E-032  -8.2068504610313380E-033   1.4421030408400437E-031  -1.5004449756317252E-031  -2.5056482356443257E-031   2.8624141348799444E-031   1.1688904523946705E-016   5.2497051095945699E-017   4.5638798366451780E-017  -6.0860508003762419E-017   5.2038570238202669E-016
  -6.1155083965208287E-019   3.6997430406311947E-017  -6.7079684712771152E-017   4.3658422208138237E-018   7.1597792564110163E-018   1.0300031995818808E-017  -1.1310631058335322E-016  -2.0559908844062492E-015  -8.3038720585990863E-018   1.4512864728349759E-016  -1.8705887466268252E-016  -3.8693914484231326E-015   2.8256032872245246E-029   1.1639444752673148E-030  -1.5004449756317252E-031   3.0190365596414998E-029   2.1549496163023216E-030   2.9786547696731808E-029  -5.1316102366808829E-016   3.9521487576985302E-015  -1.3962461931432694E-015   5.0016256101848514E-015  -2.3903193267977303E-015
  -3.3602291857633377E-019  -1.0890241639192464E-018  -1.7456500586525136E-018   1.1089157553896825E-018   8.5407572311067964E-018   2.8721195873057921E-019   1.0055166269250029E-017  -1.3551016910304617E-016  -8.2737680727122648E-018  -4.7474933360564627E-018  -1.5339394096266758E-017  -2.4905871398450452E-016   1.3071695301447864E-030   3.1046818461729065E-031  -2.5056482356443257E-031   2.1549496163023216E-030   9.2061944258086291E-031   9.0490467118981430E-031  -5.6341392417224115E-016  -1.5240260887839680E-016  -8.3049369035680735E-016   2.7246902483479137E-016  -8.7088431520747345E-016
   1.1913800996306640E-017   3.9009644325527834E-017  -5.7447531450600638E-017   1.4354564789176669E-018   1.9128569919769775E-017   7.2901111681129860E-018  -1.1547951967662734E-016  -2.2524273224921827E-015   3.3996162787045515E-017   1.5589792656326915E-016  -1.4520307512924166E-016  -4.2716297620332484E-015   2.9501227881031378E-029   7.9990032669550235E-031   2.8624141348799444E-031   2.9786547696731808E-029   9.0490467118981430E-031   3.1731793811587363E-029   3.0662649999304629E-016   4.3852169610143785E-015  -5.8492016597537229E-017   4.6096392790471466E-015  -1.1098293241080826E-015
  -2.0522464595675152E-002  -8.9472266683669320E-017   9.0638256945819719E-016  -2.6307590655903683E-016  -7.4372201390901088E-002  -1.4590195014851491E-016  -3.0182557943572836E-016  -5.8420298712097241E-016  -2.5192383743396683E-002   4.8437627175503425E-016  -4.6858229689718483E-016   5.9857445936669553E-016   2.9513461024069742E-016  -4.9210897447511740E-016   1.1688904523946705E-016  -5.1316102366808829E-016  -5.6341392417224115E-016   3.0662649999304629E-016   2.0025022281732738       -1.1150765234129222E-016   1.1112524520003856E-015   3.8874891148465945E-016   1.8489227609139869E-016
  -2.7392490862030621E-016  -2.0522464595676460E-002   7.6059367614991182E-018   4.3587999967148177E-015   1.6586284403337905E-016  -7.4372201390897300E-002   9.5911873487513389E-016  -4.1078942585389781E-015   5.2887059042531795E-016  -2.5192383743397037E-002  -1.1046170076498334E-015  -6.7171285920759977E-015   3.6268892615756370E-015   1.3359294653229642E-016   5.2497051095945699E-017   3.9521487576985302E-015  -1.5240260887839680E-016   4.3852169610143785E-015  -1.1150765234129222E-016   2.0025022281732703        2.4761974126923003E-016  -6.0910272220725360E-016   5.3935145853014221E-016
   1.8041088857119306E-015  -8.8542786990400358E-016  -2.0522464595674507E-002   3.5685819751314481E-016  -1.1197445925713194E-015   1.9702180906015090E-015  -7.4372201390900394E-002   2.5025183806937264E-015  -3.7325212681550230E-016  -1.8718629452836853E-015  -2.5192383743395594E-002  -3.6123857146391445E-015  -1.5191796906263912E-016  -4.3592790198019504E-016   4.5638798366451780E-017  -1.3962461931432694E-015  -8.3049369035680735E-016  -5.8492016597537229E-017   1.1112524520003856E-015   2.4761974126923003E-016   2.0025022281732681        6.4688326167512994E-016  -3.0943772060688230E-016
  -1.3545775019165903E-015  -1.2638546665597072E-015  -4.0366629258145595E-015   3.7038638611688619E-003   2.0188700466566402E-015   1.4322157607032354E-015   4.0470706549642942E-015 -0.24445850577510800       -1.0468599903842321E-015   4.5710820989433048E-016  -2.9856072036551556E-015 -0.42241853133712698        4.3909357593585451E-015   6.5994576794572564E-017  -6.0860508003762419E-017   5.0016256101848514E-015   2.7246902483479137E-016   4.6096392790471466E-015   3.8874891148465945E-016  -6.0910272220725360E-016   6.4688326167512994E-016   2.3230010458738937      -0.57717564218841810     
  -3.5273590998547636E-015   1.8048786721458903E-015  -8.0641773751437858E-016  -3.4886663994249719E-003   3.9386843192167277E-015  -3.2869964630530335E-015  -1.0228474614092394E-015   5.9098578496708930E-002  -2.1009362000374619E-015  -4.9062601068381005E-016   2.1816817316371105E-015   8.1801854295834489E-002  -1.8874915100627176E-015   5.9128829342912479E-017   5.2038570238202669E-016  -2.3903193267977303E-015  -8.7088431520747345E-016  -1.1098293241080826E-015   1.8489227609139869E-016   5.3935145853014221E-016  -3.0943772060688230E-016 -0.57717564218841810        2.1434185406192463     
