  0.37282482743210710       -3.5821100257741321E-016   7.3412651452839814E-017   5.4075117094857833E-017  0.64172532504171920       -8.6994205380961019E-016   1.7219597862979685E-017   2.3214862008657420E-017  -1.1374557641269141E-015   9.2145171096022117E-018   6.4027841210068237E-016   2.5866697364645439E-016   8.3627267094833892E-017   3.8373735949961560E-016 -0.50408636390502159        1.8630449538226022E-016  -4.7181770463152063E-017   2.1307885885320469E-016   9.0114875751571982E-002
  -3.5821100257741321E-016  0.85608569355383046        9.6358468079649207E-017  -1.5443917845969768E-015  -8.6602069135941086E-016   1.1792584536416663E-017  -4.1283612619318878E-017  -1.5181761915920617E-016   3.4423300227043997E-016  -2.6882693767714861E-017  -6.2620884706015621E-017  0.64807538516795404       -4.8434021550358697E-016   1.6178193767285576E-015   1.8681477334059808E-016  0.39005045251626380       -3.6451554665320463E-016   3.6774782437992704E-016   3.0895132287055916E-016
   7.3412651452839814E-017   9.6358468079649207E-017  0.85608569355383235       -1.9987267049770274E-016  -1.7006633502817016E-016  -2.8402513823259731E-016  -1.5860534172378984E-017  -7.6036167001448905E-017   2.1898737669388536E-016   3.8818263179975729E-017   1.3898451812413168E-016   5.8697350365649603E-016  0.64807538516795382        1.7278116871272120E-016  -7.4217667450374138E-016  -6.4913894572138364E-016  0.39005045251626563       -1.7827773491404381E-015   4.0641041961890505E-016
   5.4075117094857833E-017  -1.5443917845969768E-015  -1.9987267049770274E-016  0.85608569355383057       -3.2674975524714438E-016  -1.0851321609980572E-016   2.7373938073713451E-016   3.4381903145542457E-016  -1.9124497497782445E-016  -2.8569907534801843E-017  -2.3620742686081097E-016   1.4717231339861359E-015   1.1243176528674681E-016  0.64807538516795571        7.4096400117343817E-016   1.3355473411219565E-015  -1.6341061262383633E-015  0.39005045251625842        9.9927018073215061E-016
  0.64172532504171920       -8.6602069135941086E-016  -1.7006633502817016E-016  -3.2674975524714438E-016   1.1087624404724359       -1.5954475399206139E-015   3.0625121667605628E-017   3.9036742229188140E-017  -2.0411438936267142E-015   1.5639438424046220E-017   1.0314957267216060E-015   3.0004509639685051E-016  -4.9184428488229607E-017   2.9433858668819722E-016 -0.78110473287758098        6.8631262103154684E-017   7.6617288781172463E-017   6.2273281447322211E-016   9.6195663076511922E-002
  -8.6994205380961019E-016   1.1792584536416663E-017  -2.8402513823259731E-016  -1.0851321609980572E-016  -1.5954475399206139E-015   9.6940473663224431E-030   1.0492335514767304E-030   4.2534331650691141E-031   3.9287857478289374E-030  -7.4861963221297283E-031  -4.1637545340740165E-030  -1.3093007005525470E-016  -2.1942948838085788E-016  -2.3496441309737465E-017  -8.5052840654076134E-016   2.9388888559907660E-015  -3.6775257468768732E-017  -1.2796369217782236E-015   1.1637927732272582E-015
   1.7219597862979685E-017  -4.1283612619318878E-017  -1.5860534172378984E-017   2.7373938073713451E-016   3.0625121667605628E-017   1.0492335514767304E-030   4.2772119133831677E-031   1.8839041826287357E-031  -1.0839043086117606E-031   3.6815116545740355E-032  -1.1278041082045576E-030  -5.6696165273655714E-017   1.1868676038383458E-018   2.3276403239589365E-016  -2.3122167869306376E-019   5.1487096910745955E-016  -2.8396371345413072E-016  -4.1092723206147475E-016  -3.9356295256050317E-018
   2.3214862008657420E-017  -1.5181761915920617E-016  -7.6036167001448905E-017   3.4381903145542457E-016   3.9036742229188140E-017   4.2534331650691141E-031   1.8839041826287357E-031   3.6578787748384812E-031  -2.4479659138647581E-031  -1.6250951329471287E-032  -3.4960839743650370E-031  -1.2237497321515780E-016  -8.0441785806840246E-017   2.7648160400993373E-016  -5.2632678302599038E-017   8.7003851837586588E-017   4.4528178168390928E-016  -1.8321122154860786E-016   1.3846848682763182E-017
  -1.1374557641269141E-015   3.4423300227043997E-016   2.1898737669388536E-016  -1.9124497497782445E-016  -2.0411438936267142E-015   3.9287857478289374E-030  -1.0839043086117606E-031  -2.4479659138647581E-031   5.8832162794710838E-030   5.7852762498068202E-031  -2.1802368918841648E-031   2.9244934331251507E-016   1.8350451199122182E-016  -1.1446163696872029E-016  -1.3788812057537155E-016  -5.1137367707681172E-016  -2.7203571664653707E-016  -7.2299307362646978E-016   9.9024183386201998E-016
   9.2145171096022117E-018  -2.6882693767714861E-017   3.8818263179975729E-017  -2.8569907534801843E-017   1.5639438424046220E-017  -7.4861963221297283E-031   3.6815116545740355E-032  -1.6250951329471287E-032   5.7852762498068202E-031   7.0418461740068033E-031   3.5951289203599760E-031   1.7439329164701294E-017   4.4842034859496430E-017   1.5747646227030683E-017  -1.7617103269979912E-017  -8.0489824409582700E-016  -3.0649934151473622E-016  -7.9697437022434200E-016   4.0652496130969829E-018
   6.4027841210068237E-016  -6.2620884706015621E-017   1.3898451812413168E-016  -2.3620742686081097E-016   1.0314957267216060E-015  -4.1637545340740165E-030  -1.1278041082045576E-030  -3.4960839743650370E-031  -2.1802368918841648E-031   3.5951289203599760E-031   6.1026006978740847E-030   6.1340440681739162E-017   8.4043575706368614E-017  -2.4210722142936780E-016  -2.3092367965549082E-015  -2.3094814736736806E-015   5.0738122101757145E-016   1.2199555408344287E-015   1.1766898810095308E-015
   2.5866697364645439E-016  0.64807538516795404        5.8697350365649603E-016   1.4717231339861359E-015   3.0004509639685051E-016  -1.3093007005525470E-016  -5.6696165273655714E-017  -1.2237497321515780E-016   2.9244934331251507E-016   1.7439329164701294E-017   6.1340440681739162E-017  0.49498169065852116       -3.3583162292738500E-017   3.1018753104267160E-015   2.7638198881272200E-017  0.20351895632616943        1.5048387340919900E-016   3.7727220165203329E-015  -4.2291520877316756E-016
   8.3627267094833892E-017  -4.8434021550358697E-016  0.64807538516795382        1.1243176528674681E-016  -4.9184428488229607E-017  -2.1942948838085788E-016   1.1868676038383458E-018  -8.0441785806840246E-017   1.8350451199122182E-016   4.4842034859496430E-017   8.4043575706368614E-017  -3.3583162292738500E-017  0.49498169065852016        1.4972832002024816E-016   4.8434947976714805E-016   1.5632501261346465E-016  0.20351895632616682        1.0993471215824113E-015   4.4330089483676640E-017
   3.8373735949961560E-016   1.6178193767285576E-015   1.7278116871272120E-016  0.64807538516795571        2.9433858668819722E-016  -2.3496441309737465E-017   2.3276403239589365E-016   2.7648160400993373E-016  -1.1446163696872029E-016   1.5747646227030683E-017  -2.4210722142936780E-016   3.1018753104267160E-015   1.4972832002024816E-016  0.49498169065852304       -1.1090219495292651E-015   2.5782903644109428E-015   3.7377869896437765E-016  0.20351895632617248       -2.2070774344591784E-016
 -0.50408636390502159        1.8681477334059808E-016  -7.4217667450374138E-016   7.4096400117343817E-016 -0.78110473287758098       -8.5052840654076134E-016  -2.3122167869306376E-019  -5.2632678302599038E-017  -1.3788812057537155E-016  -1.7617103269979912E-017  -2.3092367965549082E-015   2.7638198881272200E-017   4.8434947976714805E-016  -1.1090219495292651E-015   2.7627732801951788        4.6269481269597294E-017   5.2692480322869567E-017  -7.9859598069235801E-016 -0.71002081317198407     
   1.8630449538226022E-016  0.39005045251626380       -6.4913894572138364E-016   1.3355473411219565E-015   6.8631262103154684E-017   2.9388888559907660E-015   5.1487096910745955E-016   8.7003851837586588E-017  -5.1137367707681172E-016  -8.0489824409582700E-016  -2.3094814736736806E-015  0.20351895632616943        1.5632501261346465E-016   2.5782903644109428E-015   4.6269481269597294E-017   2.1023380461029242        1.2473017546111090E-015   4.9465453570230258E-016  -5.9740548745140676E-016
  -4.7181770463152063E-017  -3.6451554665320463E-016  0.39005045251626563       -1.6341061262383633E-015   7.6617288781172463E-017  -3.6775257468768732E-017  -2.8396371345413072E-016   4.4528178168390928E-016  -2.7203571664653707E-016  -3.0649934151473622E-016   5.0738122101757145E-016   1.5048387340919900E-016  0.20351895632616682        3.7377869896437765E-016   5.2692480322869567E-017   1.2473017546111090E-015   2.1023380461029233       -1.5344865813117850E-015  -1.7692173597165455E-016
   2.1307885885320469E-016   3.6774782437992704E-016  -1.7827773491404381E-015  0.39005045251625842        6.2273281447322211E-016  -1.2796369217782236E-015  -4.1092723206147475E-016  -1.8321122154860786E-016  -7.2299307362646978E-016  -7.9697437022434200E-016   1.2199555408344287E-015   3.7727220165203329E-015   1.0993471215824113E-015  0.20351895632617248       -7.9859598069235801E-016   4.9465453570230258E-016  -1.5344865813117850E-015   2.1023380461029237       -2.5070115587228191E-016
   9.0114875751571982E-002   3.0895132287055916E-016   4.0641041961890505E-016   9.9927018073215061E-016   9.6195663076511922E-002   1.1637927732272582E-015  -3.9356295256050317E-018   1.3846848682763182E-017   9.9024183386201998E-016   4.0652496130969829E-018   1.1766898810095308E-015  -4.2291520877316756E-016   4.4330089483676640E-017  -2.2070774344591784E-016 -0.71002081317198407       -5.9740548745140676E-016  -1.7692173597165455E-016  -2.5070115587228191E-016   2.1930544972404102     
