  0.28343135086555526       -3.0653744207320935E-016  -7.1933890746358615E-016  -1.3595264417422922E-016  0.53365869416105760        2.3435278310390615E-016  -1.6782563990081003E-017  -4.1269970859462375E-017   9.5690680390276858E-015   2.8001226648237586E-018   7.1542538156768623E-018   9.4060244604054119E-015  -1.3349100868037810E-018   9.4907323035903646E-015  0.23466433595539857     
  -3.0653744207320935E-016  0.14140986367673991       -1.8067099827207843E-016   7.2253886811002235E-017  -5.7055189624566829E-016 -0.10484407802631257        1.5792759894966981E-016  -6.8029451158729095E-017  -1.5293400603001873E-017  -1.1846932250999526E-019  -2.5614662514138660E-019  -1.5230829482524294E-017  -3.6183579615446478E-019  -1.5238447015835508E-017  -2.2531421951003315E-016
  -7.1933890746358615E-016  -1.8067099827207843E-016  0.14140986367673955        1.8958856114077436E-017  -1.4339203553387246E-015   1.3866494035184295E-016 -0.10484407802631196       -1.7632967207308228E-017   1.8594547040700681E-017  -8.3683794677464539E-021  -3.7514546152899445E-020   1.8991897330910872E-017   3.3947439574464460E-019   1.8458773577433504E-017   4.4981593421332219E-016
  -1.3595264417422922E-016   7.2253886811002235E-017   1.8958856114077436E-017  0.14140986367673947       -2.1002100879979004E-016  -5.7515231184461489E-017  -7.8751476549390978E-018 -0.10484407802631196       -3.2606578158188532E-017  -1.5332521513881609E-019   1.2124390992494054E-019  -3.2148988455284141E-017   8.8094146378705995E-019  -3.2877632554790099E-017  -4.7991495101554565E-016
  0.53365869416105760       -5.7055189624566829E-016  -1.4339203553387246E-015  -2.1002100879979004E-016   1.0079649357625540        4.6634458293382130E-016  -3.1192545044817104E-017  -1.1704333279267905E-016   1.8210693320627015E-014   5.2708800275675070E-018   1.3542547899470888E-017   1.7896016019515235E-014  -2.5180940593807989E-018   1.8053842514903815E-014  0.36330575736345944     
   2.3435278310390615E-016 -0.10484407802631257        1.3866494035184295E-016  -5.7515231184461489E-017   4.6634458293382130E-016   7.7733479202806183E-002  -1.2058361037112247E-016   5.3360534578178974E-017   1.1338830576730268E-017   8.7835505742060948E-020   1.8991218896788790E-019   1.1292439106807406E-017   2.6827223687488543E-019   1.1298086897110584E-017  -5.7119372208272595E-016
  -1.6782563990081003E-017   1.5792759894966981E-016 -0.10484407802631196       -7.8751476549390978E-018  -3.1192545044817104E-017  -1.2058361037112247E-016   7.7733479202805475E-002   8.4917876405402531E-018  -1.3786366029309460E-017   6.2044825379019610E-021   2.7814028680243184E-020  -1.4080969416564986E-017  -2.5169305103602001E-019  -1.3685700890353710E-017   6.6339260055612963E-016
  -4.1269970859462375E-017  -6.8029451158729095E-017  -1.7632967207308228E-017 -0.10484407802631196       -1.1704333279267905E-016   5.3360534578178974E-017   8.4917876405402531E-018   7.7733479202805489E-002   2.4175163851386703E-017   1.1367835596081630E-019  -8.9892639889992880E-020   2.3835897768611861E-017  -6.5314747616927658E-019   2.4376128957835299E-017   3.6878972462728854E-016
   9.5690680390276858E-015  -1.5293400603001873E-017   1.8594547040700681E-017  -3.2606578158188532E-017   1.8210693320627015E-014   1.1338830576730268E-017  -1.3786366029309460E-017   2.4175163851386703E-017   3.3491426252944123E-028   9.4502044399674381E-032   2.4594565466232016E-031   3.2893934063885981E-028  -4.5472795070385876E-032   3.3169745289066226E-028   3.1206083215324108E-015
   2.8001226648237586E-018  -1.1846932250999526E-019  -8.3683794677464539E-021  -1.5332521513881609E-019   5.2708800275675070E-018   8.7835505742060948E-020   6.2044825379019610E-021   1.1367835596081630E-019   9.4502044399674381E-032   2.7929992216431797E-035   7.0734527292107177E-035   9.2893937521770352E-032  -1.3858233846562085E-035   9.3732325612393339E-032   2.3513457975938049E-018
   7.1542538156768623E-018  -2.5614662514138660E-019  -3.7514546152899445E-020   1.2124390992494054E-019   1.3542547899470888E-017   1.8991218896788790E-019   2.7814028680243184E-020  -8.9892639889992880E-020   2.4594565466232016E-031   7.0734527292107177E-035   1.8280743347841676E-034   2.4165504318998278E-031  -3.2480752441935973E-035   2.4375476471716089E-031   4.1331770871805671E-018
   9.4060244604054119E-015  -1.5230829482524294E-017   1.8991897330910872E-017  -3.2148988455284141E-017   1.7896016019515235E-014   1.1292439106807406E-017  -1.4080969416564986E-017   2.3835897768611861E-017   3.2893934063885981E-028   9.2893937521770352E-032   2.4165504318998278E-031   3.2307689568195881E-028  -4.4689927245613049E-032   3.2579032249981887E-028   3.1764019147554387E-015
  -1.3349100868037810E-018  -3.6183579615446478E-019   3.3947439574464460E-019   8.8094146378705995E-019  -2.5180940593807989E-018   2.6827223687488543E-019  -2.5169305103602001E-019  -6.5314747616927658E-019  -4.5472795070385876E-032  -1.3858233846562085E-035  -3.2480752441935973E-035  -4.4689927245613049E-032   1.3522855359138055E-035  -4.5092234140140443E-032  -9.8965718430107892E-019
   9.4907323035903646E-015  -1.5238447015835508E-017   1.8458773577433504E-017  -3.2877632554790099E-017   1.8053842514903815E-014   1.1298086897110584E-017  -1.3685700890353710E-017   2.4376128957835299E-017   3.3169745289066226E-028   9.3732325612393339E-032   2.4375476471716089E-031   3.2579032249981887E-028  -4.5092234140140443E-032   3.2852994772973395E-028   3.2878551045987690E-015
  0.23466433595539857       -2.2531421951003315E-016   4.4981593421332219E-016  -4.7991495101554565E-016  0.36330575736345944       -5.7119372208272595E-016   6.6339260055612963E-016   3.6878972462728854E-016   3.1206083215324108E-015   2.3513457975938049E-018   4.1331770871805671E-018   3.1764019147554387E-015  -9.8965718430107892E-019   3.2878551045987690E-015   2.1424354722143919     
