  0.41318974757309784        2.6742100694239143E-017   4.1777650192052220E-016  -2.2524816169691820E-016  -1.6202049179656100E-016 -0.63383739684034734       -3.6889978918819288E-017   4.7005987528758991E-017  -1.3967513627917917E-017   7.6154519108556944E-017  -1.6859156020326462E-017   2.2431900311840357E-017   5.7373951961049391E-017  -8.4643866839204771E-018   1.3342233167216469E-015
   2.6742100694239143E-017  0.41318974757309468       -1.1949940819863669E-017   2.1188254332129163E-016  -3.2527365209987145E-016   3.2620932864657615E-017 -0.63383739684034590        3.5629593893304889E-017  -1.2059392769763807E-016  -7.9567579652268306E-018  -6.1247922820170610E-018  -1.9012058773947393E-016   1.7950264989846765E-017  -2.1302655519929985E-016   1.6069136960175146E-016
   4.1777650192052220E-016  -1.1949940819863669E-017  0.41318974757309751        1.7949356021223677E-016   2.0919600726983724E-016  -3.6969615897728954E-016   1.2061071542543433E-016 -0.63383739684034657        1.2601797279758089E-017  -3.3238419036637750E-017  -4.9730805461393269E-018  -1.8187008831549160E-017  -6.3974847077334099E-018   5.5852115517957041E-018  -3.0618129869113484E-016
  -2.2524816169691820E-016   2.1188254332129163E-016   1.7949356021223677E-016  0.42440792609721534       0.59243784812523570        1.8949202417448872E-016  -4.0786251109180048E-016  -2.5981628787194730E-016   7.4322119022237945E-016   1.1806443380751625E-016   8.4990454054936864E-017   6.7349743543379754E-016  -4.1844675526069535E-017   6.3913858866772213E-016  0.31459382507339345     
  -1.6202049179656100E-016  -3.2527365209987145E-016   2.0919600726983724E-016  0.59243784812523570       0.83084895785328872       -1.5272399522069113E-016   3.4660064710727899E-016  -2.3949866872898114E-016   1.0255558787767051E-015   1.5348542547685295E-016   1.1809477246186798E-016   8.9794198159327538E-016  -5.8294533205459391E-017   8.1778772904765086E-016  0.35277516914544182     
 -0.63383739684034734        3.2620932864657615E-017  -3.6969615897728954E-016   1.8949202417448872E-016  -1.5272399522069113E-016  0.97231319991131671       -5.6380207035140739E-017  -4.8809617134994935E-016   2.1426312076355346E-017  -1.1682182927555965E-016   2.5862121767574900E-017  -3.4410769829962940E-017  -8.8012242731170822E-017   1.2984457753609850E-017   1.9472435535200707E-015
  -3.6889978918819288E-017 -0.63383739684034590        1.2061071542543433E-016  -4.0786251109180048E-016   3.4660064710727899E-016  -5.6380207035140739E-017  0.97231319991131981       -2.1153462011549995E-016   1.8499234711311862E-016   1.2205749986756192E-017   9.3954954570472976E-018   2.9164697121926294E-016  -2.7535894345360403E-017   3.2678496501538796E-016   5.1528504874901337E-016
   4.7005987528758991E-017   3.5629593893304889E-017 -0.63383739684034657       -2.5981628787194730E-016  -2.3949866872898114E-016  -4.8809617134994935E-016  -2.1153462011549995E-016  0.97231319991131493       -1.9331288905949041E-017   5.0988082644872417E-017   7.6287576014568529E-018   2.7899061876074044E-017   9.8138084918439184E-018  -8.5677729701340536E-018  -8.5698059999825165E-016
  -1.3967513627917917E-017  -1.2059392769763807E-016   1.2601797279758089E-017   7.4322119022237945E-016   1.0255558787767051E-015   2.1426312076355346E-017   1.8499234711311862E-016  -1.9331288905949041E-017   1.3744230526057585E-030   2.4049030586652955E-031   1.5272478558335424E-031   1.3640686426838144E-030  -8.1013839415385985E-032   1.4118718487648082E-030   8.1791988710914250E-016
   7.6154519108556944E-017  -7.9567579652268306E-018  -3.3238419036637750E-017   1.1806443380751625E-016   1.5348542547685295E-016  -1.1682182927555965E-016   1.2205749986756192E-017   5.0988082644872417E-017   2.4049030586652955E-031   8.2959027169914221E-032   2.2653749474792554E-032   3.2056029221281580E-031  -1.2410798215580275E-033   3.9837813545237503E-031   3.4117033420274258E-016
  -1.6859156020326462E-017  -6.1247922820170610E-018  -4.9730805461393269E-018   8.4990454054936864E-017   1.1809477246186798E-016   2.5862121767574900E-017   9.3954954570472976E-018   7.6287576014568529E-018   1.5272478558335424E-031   2.2653749474792554E-032   1.7935406769959728E-032   1.4295742775608074E-031  -1.0926297638110926E-032   1.4193962676042628E-031   7.5203638785313486E-017
   2.2431900311840357E-017  -1.9012058773947393E-016  -1.8187008831549160E-017   6.7349743543379754E-016   8.9794198159327538E-016  -3.4410769829962940E-017   2.9164697121926294E-016   2.7899061876074044E-017   1.3640686426838144E-030   3.2056029221281580E-031   1.4295742775608074E-031   1.6202675269132463E-030  -7.2548884575866548E-032   1.9259537526858586E-030   1.4447046602901688E-015
   5.7373951961049391E-017   1.7950264989846765E-017  -6.3974847077334099E-018  -4.1844675526069535E-017  -5.8294533205459391E-017  -8.8012242731170822E-017  -2.7535894345360403E-017   9.8138084918439184E-018  -8.1013839415385985E-032  -1.2410798215580275E-033  -1.0926297638110926E-032  -7.2548884575866548E-032   1.2974848602868260E-032  -7.5792524852379644E-032  -3.3641335984731589E-017
  -8.4643866839204771E-018  -2.1302655519929985E-016   5.5852115517957041E-018   6.3913858866772213E-016   8.1778772904765086E-016   1.2984457753609850E-017   3.2678496501538796E-016  -8.5677729701340536E-018   1.4118718487648082E-030   3.9837813545237503E-031   1.4193962676042628E-031   1.9259537526858586E-030  -7.5792524852379644E-032   2.5081679798826138E-030   2.1404208194840854E-015
   1.3342233167216469E-015   1.6069136960175146E-016  -3.0618129869113484E-016  0.31459382507339345       0.35277516914544182        1.9472435535200707E-015   5.1528504874901337E-016  -8.5698059999825165E-016   8.1791988710914250E-016   3.4117033420274258E-016   7.5203638785313486E-017   1.4447046602901688E-015  -3.3641335984731589E-017   2.1404208194840854E-015   2.1681274477231329     
