  0.31141048054399600       -3.2886232322661501E-016   2.1188465594751960E-016   1.5709458703739556E-016  0.60028225154056580        6.5870236681526696E-015   1.9734554662728352E-017   1.8274478528440690E-017   5.9011225743024595E-015  -1.7870237037307928E-018   8.3854420085539892E-015   2.7360842771654016E-016  -7.4611211842799792E-017  -1.5445984870604943E-016 -0.42922500672354369        3.7331821622525695E-017   2.4539631437760406E-016   1.5095364186076427E-017  -7.7011334975249604E-002
  -3.2886232322661501E-016  0.63436789215073874        3.4517637936325483E-016   2.1076132590822429E-016  -6.2896416667422189E-016  -1.5058394513681735E-016   1.9555858604733080E-017   1.0787037228299486E-017  -3.4398403452559835E-017   5.3310303040416945E-017  -1.7364239825785203E-016  0.40902370749740163        6.8232409407023381E-016   4.7105528017277175E-016   7.4256444685154881E-016  0.24476831771994320       -1.1454146142521318E-015  -6.2481593583146275E-016   1.1972257522399133E-015
   2.1188465594751960E-016   3.4517637936325483E-016  0.63436789215073863        7.5813617052657297E-016   4.3517502124256736E-016   7.2060886024462961E-017  -2.5623287210343958E-017   1.3179161148845258E-016  -8.4231247995153569E-017   3.4678185601250335E-017  -2.3936672285444076E-016   5.5909323773242346E-016  0.40902370749740208       -3.4833285205282819E-016  -4.1039923099281967E-016  -2.1120181116493783E-015  0.24476831771994600        1.4098953757228868E-015   2.4875361844961021E-017
   1.5709458703739556E-016   2.1076132590822429E-016   7.5813617052657297E-016  0.63436789215074063        8.9181780744697057E-016  -1.2284784786349932E-016   9.4148199076990330E-017  -1.4427627150139987E-016  -3.6114291761999010E-017   9.1145380373565161E-018  -7.2660596750713310E-017   4.4585690805397843E-016  -6.8203751128102362E-016  0.40902370749740063        1.6133879479707849E-016   3.6196541279340506E-018   3.7171680901252353E-016  0.24476831771994551        5.9222460048123587E-016
  0.60028225154056580       -6.2896416667422189E-016   4.3517502124256736E-016   8.9181780744697057E-016   1.1610423021457030        1.2781535032052635E-014   3.7211077826227093E-017   3.5018188593851793E-017   1.1442641193622254E-014  -2.7430400865898400E-018   1.6232030173279427E-014   4.9287467770783567E-016  -9.2352100752073933E-017   1.6258546871071061E-017 -0.74349117251957908        2.3341043938323551E-016  -3.2301500097482928E-016  -3.3345035333268002E-016  -9.2518489405334609E-002
   6.5870236681526696E-015  -1.5058394513681735E-016   7.2060886024462961E-017  -1.2284784786349932E-016   1.2781535032052635E-014   1.4482627179524379E-028   4.6693823066752091E-031   2.9998292947814088E-031   1.2953881254589740E-028   3.8703695213131951E-032   1.8262464603394329E-028  -7.4008902739814695E-017   6.3275063486859782E-017  -8.2631993794206801E-017  -8.2656303837015374E-015  -5.6964452061682247E-016  -3.4475792134853231E-016   2.8453189760870416E-017   1.7283048616867193E-015
   1.9734554662728352E-017   1.9555858604733080E-017  -2.5623287210343958E-017   9.4148199076990330E-017   3.7211077826227093E-017   4.6693823066752091E-031   1.3157354422026803E-031  -1.6095834707004096E-031   4.1577750224525649E-031  -1.0091591790425350E-031   4.5540120273881946E-031   2.0382267948829903E-017  -1.3495746484572174E-017   4.1185231713238764E-017  -5.0046833362907764E-017  -1.6471063475460840E-016  -7.6932255965433392E-017   4.6887592057919241E-016  -5.5523765389004273E-018
   1.8274478528440690E-017   1.0787037228299486E-017   1.3179161148845258E-016  -1.4427627150139987E-016   3.5018188593851793E-017   2.9998292947814088E-031  -1.6095834707004096E-031   2.8307650703323556E-031   3.6021882202036933E-031   1.1201058015494263E-032   5.9233083992028261E-031  -3.4288398358622356E-019   6.6189164390628764E-017  -7.1441597286104240E-017  -3.5236898012230834E-017   1.6589028566457340E-016   4.6716907956965333E-016  -5.3397646765349231E-016   4.7430196894418355E-018
   5.9011225743024595E-015  -3.4398403452559835E-017  -8.4231247995153569E-017  -3.6114291761999010E-017   1.1442641193622254E-014   1.2953881254589740E-028   4.1577750224525649E-031   3.6021882202036933E-031   1.1709417086051427E-028  -2.7681358983895371E-031   1.6377865960787553E-028  -5.5275428654346417E-017  -7.0555900912271987E-017  -4.7248571991115465E-017  -7.7055058670949779E-015   7.2015237140332887E-016   3.2751281145991836E-016   5.1709489510338376E-016   1.7194401559733417E-015
  -1.7870237037307928E-018   5.3310303040416945E-017   3.4678185601250335E-017   9.1145380373565161E-018  -2.7430400865898400E-018   3.8703695213131951E-032  -1.0091591790425350E-031   1.1201058015494263E-032  -2.7681358983895371E-031   3.4142505065825659E-031  -2.6052260357522322E-032   3.1945829569093111E-017   4.9603903742533506E-017   2.9746893819035357E-017   2.0196598101479945E-017   7.4358305761476054E-017  -5.9036371042041101E-016  -5.2545287732899287E-016   4.4761990042602054E-018
   8.3854420085539892E-015  -1.7364239825785203E-016  -2.3936672285444076E-016  -7.2660596750713310E-017   1.6232030173279427E-014   1.8262464603394329E-028   4.5540120273881946E-031   5.9233083992028261E-031   1.6377865960787553E-028  -2.6052260357522322E-032   2.3137821907707689E-028  -9.9413692282774008E-017  -1.6256727375949113E-016  -2.8102844124262567E-017  -1.1186682875955245E-014  -3.4503097592039319E-016   9.0019246295734587E-017  -4.4347161973045603E-016   1.2633879998444557E-015
   2.7360842771654016E-016  0.40902370749740163        5.5909323773242346E-016   4.4585690805397843E-016   4.9287467770783567E-016  -7.4008902739814695E-017   2.0382267948829903E-017  -3.4288398358622356E-019  -5.5275428654346417E-017   3.1945829569093111E-017  -9.9413692282774008E-017  0.26766467985254339        3.3148971439323964E-016   4.9851644125315053E-016  -4.5466184931791175E-016   7.0575537150081011E-002   2.9461025632948612E-015  -2.0751883691256751E-016  -5.8987102576760946E-016
  -7.4611211842799792E-017   6.8232409407023381E-016  0.40902370749740208       -6.8203751128102362E-016  -9.2352100752073933E-017   6.3275063486859782E-017  -1.3495746484572174E-017   6.6189164390628764E-017  -7.0555900912271987E-017   4.9603903742533506E-017  -1.6256727375949113E-016   3.3148971439323964E-016  0.26766467985254455       -7.3228511154544439E-016  -5.7219349060340841E-017   2.4119627397233522E-015   7.0575537150077805E-002  -2.6547740514162171E-015   7.7872262690307820E-017
  -1.5445984870604943E-016   4.7105528017277175E-016  -3.4833285205282819E-016  0.40902370749740063        1.6258546871071061E-017  -8.2631993794206801E-017   4.1185231713238764E-017  -7.1441597286104240E-017  -4.7248571991115465E-017   2.9746893819035357E-017  -2.8102844124262567E-017   4.9851644125315053E-016  -7.3228511154544439E-016  0.26766467985254189       -1.5931519229517143E-015   2.1492557534767440E-016  -2.2788201718432904E-015   7.0575537150075585E-002  -6.2273965637567521E-016
 -0.42922500672354369        7.4256444685154881E-016  -4.1039923099281967E-016   1.6133879479707849E-016 -0.74349117251957908       -8.2656303837015374E-015  -5.0046833362907764E-017  -3.5236898012230834E-017  -7.7055058670949779E-015   2.0196598101479945E-017  -1.1186682875955245E-014  -4.5466184931791175E-016  -5.7219349060340841E-017  -1.5931519229517143E-015   2.6711378863681490       -1.5076336566588106E-016   1.4941779499001329E-016  -6.0173781883282289E-016  0.67745521768011063     
   3.7331821622525695E-017  0.24476831771994320       -2.1120181116493783E-015   3.6196541279340506E-018   2.3341043938323551E-016  -5.6964452061682247E-016  -1.6471063475460840E-016   1.6589028566457340E-016   7.2015237140332887E-016   7.4358305761476054E-017  -3.4503097592039319E-016   7.0575537150081011E-002   2.4119627397233522E-015   2.1492557534767440E-016  -1.5076336566588106E-016   2.0278156724395480        3.3797179284077511E-017  -1.3122000073081554E-015  -6.6485458848410423E-017
   2.4539631437760406E-016  -1.1454146142521318E-015  0.24476831771994600        3.7171680901252353E-016  -3.2301500097482928E-016  -3.4475792134853231E-016  -7.6932255965433392E-017   4.6716907956965333E-016   3.2751281145991836E-016  -5.9036371042041101E-016   9.0019246295734587E-017   2.9461025632948612E-015   7.0575537150077805E-002  -2.2788201718432904E-015   1.4941779499001329E-016   3.3797179284077511E-017   2.0278156724395489       -3.2372153641162709E-015  -2.7159465623023696E-016
   1.5095364186076427E-017  -6.2481593583146275E-016   1.4098953757228868E-015  0.24476831771994551       -3.3345035333268002E-016   2.8453189760870416E-017   4.6887592057919241E-016  -5.3397646765349231E-016   5.1709489510338376E-016  -5.2545287732899287E-016  -4.4347161973045603E-016  -2.0751883691256751E-016  -2.6547740514162171E-015   7.0575537150075585E-002  -6.0173781883282289E-016  -1.3122000073081554E-015  -3.2372153641162709E-015   2.0278156724395435       -8.6858533612366662E-017
  -7.7011334975249604E-002   1.1972257522399133E-015   2.4875361844961021E-017   5.9222460048123587E-016  -9.2518489405334609E-002   1.7283048616867193E-015  -5.5523765389004273E-018   4.7430196894418355E-018   1.7194401559733417E-015   4.4761990042602054E-018   1.2633879998444557E-015  -5.8987102576760946E-016   7.7872262690307820E-017  -6.2273965637567521E-016  0.67745521768011063       -6.6485458848410423E-017  -2.7159465623023696E-016  -8.6858533612366662E-017   2.1801885290434453     
