   3.4121783547773898E-002   3.1118371645702264E-018   6.0394684980005988E-017  -6.4924280770625186E-017  0.13893846994431977        2.2728415411471180E-016  -5.8245892227236911E-019  -1.8981784882465828E-019   2.9197919834769727E-016   1.6472998561156196E-018   2.0485005745670086E-016  -1.3262904754977966E-017   4.5693611937786715E-017  -1.0734811238080509E-017  0.11725752092402048       -5.2080097555238535E-002   1.2279808974058303E-018  -1.0466658814486999E-018  -8.7291344553862944E-019  -2.6819071068736707E-002
   3.1118371645702264E-018   5.9651919906316503E-034  -1.1693873786142359E-032   6.5607654480676147E-034   1.2454992681877885E-017   7.3599340328168790E-033  -4.7654505523279640E-035  -1.2647003895872571E-035   1.1472934777973547E-032   1.2983696988482259E-034   5.9602865932462036E-033   7.0302563231046770E-034  -5.3726970873767982E-034   1.3808104605481268E-035   1.0786503514724184E-017   8.7716575732074838E-018   4.8901883232476401E-034  -1.1062578312949487E-033  -1.1370039006123230E-033   1.1230164130117937E-017
   6.0394684980005988E-017  -1.1693873786142359E-032   1.0530930133920743E-030  -4.7668965613063589E-031   2.5779400013204167E-016   1.1376002898241016E-030  -1.3315200597340449E-033  -5.9251968956508112E-034   1.3504073005992616E-030   4.0374353343690110E-033   1.0623424507540192E-030  -1.2867776773508677E-031   3.3964772834570435E-031  -7.3610165581540721E-032   2.0243517315997789E-016  -8.3592809391432663E-016  -1.8565316645897295E-032   5.3747522176903549E-032   5.6617886786317380E-032  -7.9972900297341304E-016
  -6.4924280770625186E-017   6.5607654480676147E-034  -4.7668965613063589E-031   2.6185665370534198E-031  -2.6890226463419379E-016  -7.1360353515983022E-031   1.2231845417946940E-033   4.5926066303278843E-034  -8.7428437040316935E-031  -3.5632547616171309E-033  -6.5732521276535502E-031   6.5459603864725635E-032  -1.8588269153193847E-031   4.1305276472875759E-032  -2.2115561515296255E-016   3.8346376778404010E-016   5.5929189074092209E-033  -1.9267023376519150E-032  -2.0577515734345401E-032   3.3865369390891910E-016
  0.13893846994431977        1.2454992681877885E-017   2.5779400013204167E-016  -2.6890226463419379E-016  0.56588439956090675        9.3469438922928626E-016  -2.3754528480004300E-018  -7.7612818368206630E-019   1.1993561308908012E-015   6.7216228019204002E-018   8.4290010234718919E-016  -5.5324920154252228E-017   1.8930515605921576E-016  -4.4395893591873489E-017  0.47738984608778146      -0.22139723405360590        4.7398333752625371E-018  -3.5639757964447978E-018  -2.8243154569633303E-018 -0.11864520051350987     
   2.2728415411471180E-016   7.3599340328168790E-033   1.1376002898241016E-030  -7.1360353515983022E-031   9.3469438922928626E-016   2.0853634811148905E-030  -4.1133315092811837E-033  -1.4637400825145895E-033   2.5926854220791524E-030   1.1844359718922798E-032   1.9083037869478917E-030  -1.7009956826694138E-031   5.0546148497924710E-031  -1.1394294299965599E-031   7.7707947196265043E-016  -9.2488930361016795E-016  -7.9371190257750318E-033   3.6236449346751070E-032   3.9385447754076504E-032  -7.6324149203115066E-016
  -5.8245892227236911E-019  -4.7654505523279640E-035  -1.3315200597340449E-033   1.2231845417946940E-033  -2.3754528480004300E-018  -4.1133315092811837E-033   1.0038062664651158E-035   3.3216896186554522E-036  -5.2489030002529670E-033  -2.8475766139970304E-035  -3.7190880686493476E-033   2.5981808564891352E-034  -8.6219515924219034E-034   2.0059141914074980E-034  -1.9999635776087832E-018   1.1252772986112952E-018  -1.4373438102458516E-035   2.0383803590509757E-037  -3.5762621679760847E-036   6.9677565672300378E-019
  -1.8981784882465828E-019  -1.2647003895872571E-035  -5.9251968956508112E-034   4.5926066303278843E-034  -7.7612818368206630E-019  -1.4637400825145895E-033   3.3216896186554522E-036   1.1255064934229163E-036  -1.8502876745280309E-033  -9.4679978826927516E-036  -1.3293014067033996E-033   1.0230506778749227E-034  -3.2435333504920706E-034   7.4523881826939380E-035  -6.5091311576017649E-019   4.9137519211959211E-019  -1.2081790222037703E-036  -9.2525854461961003E-036  -1.0914034378193739E-035   3.5315728885887166E-019
   2.9197919834769727E-016   1.1472934777973547E-032   1.3504073005992616E-030  -8.7428437040316935E-031   1.1993561308908012E-015   2.5926854220791524E-030  -5.2489030002529670E-033  -1.8502876745280309E-033   3.2328814682494252E-030   1.5084184224572291E-032   2.3693973610142650E-030  -2.0617539924868898E-031   6.1897999493303443E-031  -1.3996949706238713E-031   9.9886959882493515E-016  -1.1008998653521284E-015  -7.7633763976971598E-033   4.0028150750770916E-032   4.3772831578220631E-032  -8.9224136602095801E-016
   1.6472998561156196E-018   1.2983696988482259E-034   4.0374353343690110E-033  -3.5632547616171309E-033   6.7216228019204002E-018   1.1844359718922798E-032  -2.8475766139970304E-035  -9.4679978826927516E-036   1.5084184224572291E-032   8.0856708002813482E-035   1.0719161031353594E-032  -7.6501670663840068E-034   2.5127384411305244E-033  -5.8298760615376115E-034   5.6547946355815174E-018  -3.3960200603741772E-018   3.4696556528336447E-035   1.5386376430860272E-035   2.6812979302696933E-035  -2.1865833057895772E-018
   2.0485005745670086E-016   5.9602865932462036E-033   1.0623424507540192E-030  -6.5732521276535502E-031   8.4290010234718919E-016   1.9083037869478917E-030  -3.7190880686493476E-033  -1.3293014067033996E-033   2.3693973610142650E-030   1.0719161031353594E-032   1.7473295409888583E-030  -1.5742695544849071E-031   4.6569680362078893E-031  -1.0483333523086374E-031   7.0017790812406328E-016  -8.6270436744629632E-016  -7.9652917802932421E-033   3.4835619791382433E-032   3.7774091517242754E-032  -7.1734513853092652E-016
  -1.3262904754977966E-017   7.0302563231046770E-034  -1.2867776773508677E-031   6.5459603864725635E-032  -5.5324920154252228E-017  -1.7009956826694138E-031   2.5981808564891352E-034   1.0230506778749227E-034  -2.0617539924868898E-031  -7.6501670663840068E-034  -1.5742695544849071E-031   1.6852166478276308E-032  -4.6532262740428656E-032   1.0244339352353462E-032  -4.5009306307103606E-017   1.0293673574210428E-016   1.8285362199111868E-033  -5.7750626173175234E-033  -6.1275468620576946E-033   9.4064384483602696E-017
   4.5693611937786715E-017  -5.3726970873767982E-034   3.3964772834570435E-031  -1.8588269153193847E-031   1.8930515605921576E-016   5.0546148497924710E-031  -8.6219515924219034E-034  -3.2435333504920706E-034   6.1897999493303443E-031   2.5127384411305244E-033   4.6569680362078893E-031  -4.6532262740428656E-032   1.3196009215397029E-031  -2.9310355589636446E-032   1.5562656694458929E-016  -2.7314664085792383E-016  -4.0273414317672167E-033   1.3804213708245124E-032   1.4737788330039884E-032  -2.4164675076561927E-016
  -1.0734811238080509E-017   1.3808104605481268E-035  -7.3610165581540721E-032   4.1305276472875759E-032  -4.4395893591873489E-017  -1.1394294299965599E-031   2.0059141914074980E-034   7.4523881826939380E-035  -1.3996949706238713E-031  -5.8298760615376115E-034  -1.0483333523086374E-031   1.0244339352353462E-032  -2.9310355589636446E-032   6.5290156323469309E-033  -3.6594765050213233E-017   5.9310041613286053E-017   8.1061689724395362E-034  -2.8796826127323052E-033  -3.0822595384402011E-033   5.1854137411450568E-017
  0.11725752092402048        1.0786503514724184E-017   2.0243517315997789E-016  -2.2115561515296255E-016  0.47738984608778146        7.7707947196265043E-016  -1.9999635776087832E-018  -6.5091311576017649E-019   9.9886959882493515E-016   5.6547946355815174E-018   7.0017790812406328E-016  -4.5009306307103606E-017   1.5562656694458929E-016  -3.6594765050213233E-017  0.40297620966140701      -0.17495541038392276        4.3318345890499220E-018  -3.8969401357799148E-018  -3.3136843636577040E-018  -8.8101414813551562E-002
  -5.2080097555238535E-002   8.7716575732074838E-018  -8.3592809391432663E-016   3.8346376778404010E-016 -0.22139723405360590       -9.2488930361016795E-016   1.1252772986112952E-018   4.9137519211959211E-019  -1.1008998653521284E-015  -3.3960200603741772E-018  -8.6270436744629632E-016   1.0293673574210428E-016  -2.7314664085792383E-016   5.9310041613286053E-017 -0.17495541038392276       0.66410511096179503        1.4427262514942567E-017  -4.2106358048668066E-017  -4.4386040606031614E-017  0.63224018284493455     
   1.2279808974058303E-018   4.8901883232476401E-034  -1.8565316645897295E-032   5.5929189074092209E-033   4.7398333752625371E-018  -7.9371190257750318E-033  -1.4373438102458516E-035  -1.2081790222037703E-036  -7.7633763976971598E-033   3.4696556528336447E-035  -7.9652917802932421E-033   1.8285362199111868E-033  -4.0273414317672167E-033   8.1061689724395362E-034   4.3318345890499220E-018   1.4427262514942567E-017   4.9874800304176067E-034  -1.2563156510306563E-033  -1.3062349036399932E-033   1.5522933847428848E-017
  -1.0466658814486999E-018  -1.1062578312949487E-033   5.3747522176903549E-032  -1.9267023376519150E-032  -3.5639757964447978E-018   3.6236449346751070E-032   2.0383803590509757E-037  -9.2525854461961003E-036   4.0028150750770916E-032   1.5386376430860272E-035   3.4835619791382433E-032  -5.7750626173175234E-033   1.3804213708245124E-032  -2.8796826127323052E-033  -3.8969401357799148E-018  -4.2106358048668066E-017  -1.2563156510306563E-033   3.2992625396456551E-033   3.4445288987876244E-033  -4.3381421522718507E-017
  -8.7291344553862944E-019  -1.1370039006123230E-033   5.6617886786317380E-032  -2.0577515734345401E-032  -2.8243154569633303E-018   3.9385447754076504E-032  -3.5762621679760847E-036  -1.0914034378193739E-035   4.3772831578220631E-032   2.6812979302696933E-035   3.7774091517242754E-032  -6.1275468620576946E-033   1.4737788330039884E-032  -3.0822595384402011E-033  -3.3136843636577040E-018  -4.4386040606031614E-017  -1.3062349036399932E-033   3.4445288987876244E-033   3.5976215951142931E-033  -4.5555527750038837E-017
  -2.6819071068736707E-002   1.1230164130117937E-017  -7.9972900297341304E-016   3.3865369390891910E-016 -0.11864520051350987       -7.6324149203115066E-016   6.9677565672300378E-019   3.5315728885887166E-019  -8.9224136602095801E-016  -2.1865833057895772E-018  -7.1734513853092652E-016   9.4064384483602696E-017  -2.4164675076561927E-016   5.1854137411450568E-017  -8.8101414813551562E-002  0.63224018284493455        1.5522933847428848E-017  -4.3381421522718507E-017  -4.5555527750038837E-017  0.61915306793145863     
