  0.35533996765256959       0.19930210323312406        4.2564086846294910E-017   1.6047369703629792E-017  -1.8168869402367022E-017   1.3303503603375099E-015   4.7077165111573126E-020  -7.2981552456420231E-020   1.3303503603375099E-015  -3.2541266077901969E-020   1.3192461658539780E-015  0.11698157863581136       -1.0361807930192342E-017  -8.7122086457788917E-018   2.9986053843421441E-018
  0.19930210323312406       0.11178401522224486        2.3873227902576417E-017   9.0006045602503562E-018  -1.0190505473339246E-017   7.4616324925050373E-016   2.6404510820925450E-020  -4.0933692311259321E-020   7.4616324925050373E-016  -1.8251655770779370E-020   7.3993515920508156E-016   6.5612305915567617E-002  -5.8117023182828668E-018  -4.8864796110052334E-018   1.6818495364132113E-018
   4.2564086846294910E-017   2.3873227902576417E-017   5.0985018685832425E-033   1.9222201269172679E-033  -2.1763421104869002E-033   1.5935485289617131E-031   5.6390969963884190E-036  -8.7420313494533370E-036   1.5935485289617131E-031  -3.8979270600442797E-036   1.5802474668414698E-031   1.4012535953568084E-017  -1.2411800888566462E-033  -1.0435842831632916E-033   3.5918532001921731E-034
   1.6047369703629792E-017   9.0006045602503562E-018   1.9222201269172679E-033   7.2470900503025099E-034  -8.2051722558218811E-034   6.0079433812991609E-032   2.1260334944446348E-036  -3.2958914291288488E-036   6.0079433812991609E-032  -1.4695834268968525E-036   5.9577961616336066E-032   5.2829594522802624E-018  -4.6794556703617992E-034  -3.9344865706373269E-034   1.3541884836574847E-034
  -1.8168869402367022E-017  -1.0190505473339246E-017  -2.1763421104869002E-033  -8.2051722558218811E-034   9.2899151632452585E-034  -6.8022075073741959E-032  -2.4071000805125893E-036   3.7316159623765547E-036  -6.8022075073741959E-032   1.6638657831340678E-036  -6.7454307083210037E-032  -5.9813790122109142E-018   5.2980906228974327E-034   4.4546348708540744E-034  -1.5332153592870124E-034
   1.3303503603375099E-015   7.4616324925050373E-016   1.5935485289617131E-031   6.0079433812991609E-032  -6.8022075073741959E-032   4.9806727144765766E-030   1.7625127841257872E-034  -2.7323420793272378E-034   4.9806727144765766E-030  -1.2183061010154461E-034   4.9390999377635775E-030   4.3796504603491377E-016  -3.8793370204720251E-032  -3.2617467682610411E-032   1.1226420095444960E-032
   4.7077165111573126E-020   2.6404510820925450E-020   5.6390969963884190E-036   2.1260334944446348E-036  -2.4071000805125893E-036   1.7625127841257872E-034   6.2370115289402103E-039  -9.6689506046477665E-039   1.7625127841257872E-034  -4.3112250113864908E-039   1.7478014078461741E-034   1.5498287819497816E-020  -1.3727826509541957E-036  -1.1542357242088352E-036   3.9726980816622048E-037
  -7.2981552456420231E-020  -4.0933692311259321E-020  -8.7420313494533370E-036  -3.2958914291288488E-036   3.7316159623765547E-036  -2.7323420793272378E-034  -9.6689506046477665E-039   1.4989327077771803E-038  -2.7323420793272378E-034   6.6834928053597951E-039  -2.7095357128624742E-034  -2.4026279042136277E-020   2.1281614730715334E-036   1.7893582770707840E-036  -6.1586901580247226E-037
   1.3303503603375099E-015   7.4616324925050373E-016   1.5935485289617131E-031   6.0079433812991609E-032  -6.8022075073741959E-032   4.9806727144765766E-030   1.7625127841257872E-034  -2.7323420793272378E-034   4.9806727144765766E-030  -1.2183061010154461E-034   4.9390999377635775E-030   4.3796504603491377E-016  -3.8793370204720251E-032  -3.2617467682610411E-032   1.1226420095444960E-032
  -3.2541266077901969E-020  -1.8251655770779370E-020  -3.8979270600442797E-036  -1.4695834268968525E-036   1.6638657831340678E-036  -1.2183061010154461E-034  -4.3112250113864908E-039   6.6834928053597951E-039  -1.2183061010154461E-034   2.9800588010076494E-039  -1.2081371197534595E-034  -1.0712920085372846E-020   9.4891197050534026E-037   7.9784523407646786E-037  -2.7460579883294642E-037
   1.3192461658539780E-015   7.3993515920508156E-016   1.5802474668414698E-031   5.9577961616336066E-032  -6.7454307083210037E-032   4.9390999377635775E-030   1.7478014078461741E-034  -2.7095357128624742E-034   4.9390999377635775E-030  -1.2081371197534595E-034   4.8978741615187291E-030   4.3430943079764133E-016  -3.8469568941333073E-032  -3.2345215563539960E-032   1.1132715191977254E-032
  0.11698157863581136        6.5612305915567617E-002   1.4012535953568084E-017   5.2829594522802624E-018  -5.9813790122109142E-018   4.3796504603491377E-016   1.5498287819497816E-020  -2.4026279042136277E-020   4.3796504603491377E-016  -1.0712920085372846E-020   4.3430943079764133E-016   3.8511541019519084E-002  -3.4112139346512484E-018  -2.8681488533940015E-018   9.8717178898705087E-019
  -1.0361807930192342E-017  -5.8117023182828668E-018  -1.2411800888566462E-033  -4.6794556703617992E-034   5.2980906228974327E-034  -3.8793370204720251E-032  -1.3727826509541957E-036   2.1281614730715334E-036  -3.8793370204720251E-032   9.4891197050534026E-037  -3.8469568941333073E-032  -3.4112139346512484E-018   3.0215307411513605E-034   2.5405032040636307E-034  -8.7440130239931926E-035
  -8.7122086457788917E-018  -4.8864796110052334E-018  -1.0435842831632916E-033  -3.9344865706373269E-034   4.4546348708540744E-034  -3.2617467682610411E-032  -1.1542357242088352E-036   1.7893582770707840E-036  -3.2617467682610411E-032   7.9784523407646786E-037  -3.2345215563539960E-032  -2.8681488533940015E-018   2.5405032040636307E-034   2.1360552259012279E-034  -7.3519666046369802E-035
   2.9986053843421441E-018   1.6818495364132113E-018   3.5918532001921731E-034   1.3541884836574847E-034  -1.5332153592870124E-034   1.1226420095444960E-032   3.9726980816622048E-037  -6.1586901580247226E-037   1.1226420095444960E-032  -2.7460579883294642E-037   1.1132715191977254E-032   9.8717178898705087E-019  -8.7440130239931926E-035  -7.3519666046369802E-035   2.5304314373656911E-035
