   3.4504123428365485E-004   2.1992594249566952E-017   6.2341870800374235E-018   8.0552121170378140E-018   1.9230557745017875E-017  -6.9082886932495415E-018   1.6867295428061898E-017   5.9879035470522413E-003  -6.4686518475685125E-018  -3.0462560102478757E-019   8.9218832789571390E-019   1.2988736809240972E-002   4.8120338574209432E-018   2.2742180060753915E-019  -6.6147603322341096E-019  -3.6202737917204283E-017  -3.3046636147825939E-018   1.1810355306535136E-018  -3.5383372174685902E-017   2.1408802715048836E-018  -3.6777733847119431E-017  -1.4440156675125571E-002
   2.1992594249566952E-017   3.1819297066434964E-030   1.7852497187068531E-031  -7.6842262972099597E-032   3.7412603498776029E-030   5.0848372681621668E-031   3.7542833203735772E-030   9.2455061719423267E-016   1.0944845353002206E-019  -2.0549818211099041E-018  -1.4584102957238960E-018   1.7966176194607962E-015  -8.1159446058712399E-020   1.5238331916334740E-018   1.0814567763153015E-018  -5.6031408395416942E-030  -6.1642905522645065E-032   8.4476621424610241E-033  -5.6956455310412173E-030  -1.3179814655136089E-032  -6.0227398668541657E-030   7.3350732827484921E-016
   6.2341870800374235E-018   1.7852497187068531E-031   1.3967281364918022E-031   2.1821181337499360E-031   3.8116646850891881E-032  -2.4158145978443203E-031  -2.4620739114874629E-032   4.1451607230206440E-017  -3.5993897133321554E-018   1.6049320381190736E-018  -1.8128430536496420E-018   1.1559341552083727E-016   2.6690598712144480E-018  -1.1901072237616678E-018   1.3442797342516082E-018  -2.4899860565526993E-031  -7.8017797170428379E-032   2.9564620551497641E-032  -2.1638822380061105E-031   5.7086023029497772E-032  -2.1231602178563890E-031  -4.6422015106793638E-016
   8.0552121170378140E-018  -7.6842262972099597E-032   2.1821181337499360E-031   3.8393136719849512E-031  -3.8503510086053023E-031  -4.7606860581579323E-031  -4.9462259792711582E-031  -4.0208176363263052E-017  -2.3271479536320465E-018   4.5798917948816669E-018  -3.6131272378051636E-019  -1.7960838080002955E-017   1.7256528778785599E-018  -3.3961327829951841E-018   2.6792466745952822E-019   2.4748886065024211E-031  -1.2653302709516799E-031   4.9747117119591784E-032   3.1464203571962185E-031   9.9601878689232871E-032   3.6104795370111343E-031  -8.8548465771631157E-016
   1.9230557745017875E-017   3.7412603498776029E-030   3.8116646850891881E-032  -3.8503510086053023E-031   4.6273113879254883E-030   9.5558659353030133E-031   4.7260515087518350E-030   1.1009371797581686E-015   4.7563704388298142E-018   5.6130664321902746E-018   2.7073986875897403E-018   2.0929189324027326E-015  -3.5269972084125380E-018  -4.1622640396864963E-018  -2.0076206712650579E-018  -6.6750992775893616E-030   2.6407686835612714E-032  -2.8601204271825167E-032  -6.8338851398284729E-030  -9.2151849063421235E-032  -7.2482689967364872E-030   1.5324900504129903E-015
  -6.9082886932495415E-018   5.0848372681621668E-031  -2.4158145978443203E-031  -4.7606860581579323E-031   9.5558659353030133E-031   6.4426694144968734E-031   1.0903012822382988E-030   1.6945642032878394E-016   1.5878332375999689E-018  -5.9859132239149791E-018   1.9384948476526030E-018   2.5624963415513011E-016  -1.1774279292294869E-018   4.4387415787030177E-018  -1.4374544632555791E-018  -1.0316107277848633E-030   1.4555234381725754E-031  -5.9291014323300116E-032  -1.1251949178748283E-030  -1.2261642657431547E-031  -1.2242094063746640E-030   1.1706033213355408E-015
   1.6867295428061898E-017   3.7542833203735772E-030  -2.4620739114874629E-032  -4.9462259792711582E-031   4.7260515087518350E-030   1.0903012822382988E-030   4.8568175582835454E-030   1.1097821481604409E-015   8.7670103254946273E-019  -3.2863758681668569E-018  -2.0380369220693201E-018   2.0929218117946327E-015  -6.5010119253350112E-019   2.4369503304857208E-018   1.5112680198535251E-018  -6.7297729584296741E-030   6.2690901388416055E-032  -4.2848349675242369E-032  -6.9075450405793757E-030  -1.2055540669112499E-031  -7.3342331886882922E-030   1.7832846625710460E-015
   5.9879035470522413E-003   9.2455061719423267E-016   4.1451607230206440E-017  -4.0208176363263052E-017   1.1009371797581686E-015   1.6945642032878394E-016   1.1097821481604409E-015  0.26948280400536495        1.5013509421222204E-018   3.8448786061474176E-020  -2.2072289360434735E-019  0.52084768627211686       -1.5403332554457362E-018  -1.0642911658666339E-019   1.6418394874072970E-019  -1.6333559450709098E-015  -1.1907917039960177E-017   1.1531117735028338E-019  -1.6632691346903223E-015  -8.4812151156003638E-018  -1.7601204251756139E-015  0.25380586862852184     
  -6.4686518475685125E-018   1.0944845353002206E-019  -3.5993897133321554E-018  -2.3271479536320465E-018   4.7563704388298142E-018   1.5878332375999689E-018   8.7670103254946273E-019   1.5013509421222204E-018  0.14139267815584328        3.6866261996296168E-017  -2.2881183348496164E-018  -8.1535218043334352E-019 -0.10484708614670514       -1.9484016541374917E-017  -9.3619728216860297E-018   8.3371393729873847E-019   1.5591687934578207E-021   2.2200631806647178E-020   6.0063412316092343E-019  -5.8298056141122659E-019   9.3890382466108765E-019  -2.0944993494173248E-018
  -3.0462560102478757E-019  -2.0549818211099041E-018   1.6049320381190736E-018   4.5798917948816669E-018   5.6130664321902746E-018  -5.9859132239149791E-018  -3.2863758681668569E-018   3.8448786061474176E-020   3.6866261996296168E-017  0.14139267815584328       -5.7959641137454250E-017  -9.2523081986451178E-020  -3.1676773472784817E-017 -0.10484708614670520        1.6339830241166954E-017  -6.0093688524967564E-019   5.9046949122593158E-019   5.3499470294809125E-019   6.9404138253278757E-019   2.4915034299750497E-020   2.2500848810511436E-020  -2.3364778136317889E-019
   8.9218832789571390E-019  -1.4584102957238960E-018  -1.8128430536496420E-018  -3.6131272378051636E-019   2.7073986875897403E-018   1.9384948476526030E-018  -2.0380369220693201E-018  -2.2072289360434735E-019  -2.2881183348496164E-018  -5.7959641137454250E-017  0.14139267815584322        1.0000551395026886E-019  -2.7985968577282083E-018   3.2684177991385934E-017 -0.10484708614670520       -3.8878027230216015E-019  -6.4956349471361047E-020  -4.0255742425729738E-019  -1.0749003606968377E-019   3.7955144009067892E-019   1.7461843918356307E-019   6.9799207054064965E-020
   1.2988736809240972E-002   1.7966176194607962E-015   1.1559341552083727E-016  -1.7960838080002955E-017   2.0929189324027326E-015   2.5624963415513011E-016   2.0929218117946327E-015  0.52084768627211686       -8.1535218043334352E-019  -9.2523081986451178E-020   1.0000551395026886E-019   1.0161293395694326       -5.5052461323825020E-020  -6.0196101138556912E-020  -7.2514354631234016E-020  -3.1562941221296273E-015  -4.3314525974713355E-017   8.0918232031050805E-018  -3.2042000996602604E-015  -8.3869728864858241E-019  -3.3863319918554490E-015  0.35647063450737210     
   4.8120338574209432E-018  -8.1159446058712399E-020   2.6690598712144480E-018   1.7256528778785599E-018  -3.5269972084125380E-018  -1.1774279292294869E-018  -6.5010119253350112E-019  -1.5403332554457362E-018 -0.10484708614670514       -3.1676773472784817E-017  -2.7985968577282083E-018  -5.5052461323825020E-020   7.7747388456269301E-002   1.7665719147935688E-017   1.0276203716089172E-017  -6.1822491903946408E-019  -1.1561723487887730E-021  -1.6462461747681416E-020  -4.4538895843172853E-019   4.3229829112343901E-019  -6.9622650530184716E-019  -1.1995548121423871E-018
   2.2742180060753915E-019   1.5238331916334740E-018  -1.1901072237616678E-018  -3.3961327829951841E-018  -4.1622640396864963E-018   4.4387415787030177E-018   2.4369503304857208E-018  -1.0642911658666339E-019  -1.9484016541374917E-017 -0.10484708614670520        3.2684177991385934E-017  -6.0196101138556912E-020   1.7665719147935688E-017   7.7747388456269356E-002  -4.4791102250807402E-018   4.4561346597494698E-019  -4.3785156643917737E-019  -3.9671527861014177E-019  -5.1465335810096331E-019  -1.8475275959444031E-020  -1.6685082030975755E-020  -2.0927032553089794E-019
  -6.6147603322341096E-019   1.0814567763153015E-018   1.3442797342516082E-018   2.6792466745952822E-019  -2.0076206712650579E-018  -1.4374544632555791E-018   1.5112680198535251E-018   1.6418394874072970E-019  -9.3619728216860297E-018   1.6339830241166954E-017 -0.10484708614670520       -7.2514354631234016E-020   1.0276203716089172E-017  -4.4791102250807402E-018   7.7747388456269384E-002   2.8829271242231959E-019   4.8167161536418022E-020   2.9850890081861238E-019   7.9707218356022117E-020  -2.8144924514713175E-019  -1.2948502549547076E-019  -6.0570671650887833E-020
  -3.6202737917204283E-017  -5.6031408395416942E-030  -2.4899860565526993E-031   2.4748886065024211E-031  -6.6750992775893616E-030  -1.0316107277848633E-030  -6.7297729584296741E-030  -1.6333559450709098E-015   8.3371393729873847E-019  -6.0093688524967564E-019  -3.8878027230216015E-019  -3.1562941221296273E-015  -6.1822491903946408E-019   4.4561346597494698E-019   2.8829271242231959E-019   9.8999427583001014E-030   7.0876016252980281E-032  -1.9737713656759927E-034   1.0081874121768524E-029   5.2394069659718005E-032   1.0669224410226141E-029  -1.5468999835010984E-015
  -3.3046636147825939E-018  -6.1642905522645065E-032  -7.8017797170428379E-032  -1.2653302709516799E-031   2.6407686835612714E-032   1.4555234381725754E-031   6.2690901388416055E-032  -1.1907917039960177E-017   1.5591687934578207E-021   5.9046949122593158E-019  -6.4956349471361047E-020  -4.3314525974713355E-017  -1.1561723487887730E-021  -4.3785156643917737E-019   4.8167161536418022E-020   7.0876016252980281E-032   4.4125173434952130E-032  -1.6902715250532005E-032   5.0921095014185461E-032  -3.3029386459825662E-032   4.4332340198322618E-032   2.7674045612013742E-016
   1.1810355306535136E-018   8.4476621424610241E-033   2.9564620551497641E-032   4.9747117119591784E-032  -2.8601204271825167E-032  -5.9291014323300116E-032  -4.2848349675242369E-032   1.1531117735028338E-019   2.2200631806647178E-020   5.3499470294809125E-019  -4.0255742425729738E-019   8.0918232031050805E-018  -1.6462461747681416E-020  -3.9671527861014177E-019   2.9850890081861238E-019  -1.9737713656759927E-034  -1.6902715250532005E-032   6.5544691043522061E-033   8.0437853768836757E-033   1.2944276449145011E-032   1.2211025405701147E-032  -1.1151647495340934E-016
  -3.5383372174685902E-017  -5.6956455310412173E-030  -2.1638822380061105E-031   3.1464203571962185E-031  -6.8338851398284729E-030  -1.1251949178748283E-030  -6.9075450405793757E-030  -1.6632691346903223E-015   6.0063412316092343E-019   6.9404138253278757E-019  -1.0749003606968377E-019  -3.2042000996602604E-015  -4.4538895843172853E-019  -5.1465335810096331E-019   7.9707218356022117E-020   1.0081874121768524E-029   5.0921095014185461E-032   8.0437853768836757E-033   1.0277527712999864E-029   6.9643936385966978E-032   1.0880926647136001E-029  -1.7156410272845623E-015
   2.1408802715048836E-018  -1.3179814655136089E-032   5.7086023029497772E-032   9.9601878689232871E-032  -9.2151849063421235E-032  -1.2261642657431547E-031  -1.2055540669112499E-031  -8.4812151156003638E-018  -5.8298056141122659E-019   2.4915034299750497E-020   3.7955144009067892E-019  -8.3869728864858241E-019   4.3229829112343901E-019  -1.8475275959444031E-020  -2.8144924514713175E-019   5.2394069659718005E-032  -3.3029386459825662E-032   1.2944276449145011E-032   6.9643936385966978E-032   2.5864896604990549E-032   8.1016555616656597E-032  -2.2862239275718485E-016
  -3.6777733847119431E-017  -6.0227398668541657E-030  -2.1231602178563890E-031   3.6104795370111343E-031  -7.2482689967364872E-030  -1.2242094063746640E-030  -7.3342331886882922E-030  -1.7601204251756139E-015   9.3890382466108765E-019   2.2500848810511436E-020   1.7461843918356307E-019  -3.3863319918554490E-015  -6.9622650530184716E-019  -1.6685082030975755E-020  -1.2948502549547076E-019   1.0669224410226141E-029   4.4332340198322618E-032   1.2211025405701147E-032   1.0880926647136001E-029   8.1016555616656597E-032   1.1521846190580569E-029  -1.8786248634121544E-015
  -1.4440156675125571E-002   7.3350732827484921E-016  -4.6422015106793638E-016  -8.8548465771631157E-016   1.5324900504129903E-015   1.1706033213355408E-015   1.7832846625710460E-015  0.25380586862852184       -2.0944993494173248E-018  -2.3364778136317889E-019   6.9799207054064965E-020  0.35647063450737210       -1.1995548121423871E-018  -2.0927032553089794E-019  -6.0570671650887833E-020  -1.5468999835010984E-015   2.7674045612013742E-016  -1.1151647495340934E-016  -1.7156410272845623E-015  -2.2862239275718485E-016  -1.8786248634121544E-015   2.1409933602454272     
