   1.0419912793653367E-030   1.5348427767975489E-030   2.0080023955958528E-030  -4.3356907385860798E-016  -1.3258244583687795E-030  -1.3675897793294850E-030  -1.0363956964945162E-030  -8.2590623060418298E-016  -3.5189579095690276E-031   4.3540858619447632E-032  -9.0667955715379490E-031  -5.5291336671425572E-016
   1.5348427767975489E-030   2.2613601870156308E-030   2.9790247429241172E-030  -6.3088892943775633E-016  -1.9603864158903217E-030  -2.0158430604787583E-030  -1.5639062979148420E-030  -1.2033453915136211E-015  -5.0888216440726629E-031   7.4337530737620240E-032  -1.3501387928758770E-030  -8.4615745010763671E-016
   2.0080023955958528E-030   2.9790247429241172E-030   4.6880947517600212E-030  -5.3695500322954040E-016  -2.8422272195646634E-030  -2.6892464134324996E-030  -3.4336791916463181E-030  -1.0830811759422743E-015  -3.1399625694207638E-031   4.7674603518160238E-031  -2.3097595075862505E-030  -2.2869496706546819E-015
  -4.3356907385860798E-016  -6.3088892943775633E-016  -5.3695500322954040E-016  0.28931537094605825        4.4688900825537231E-016   5.4942886034312446E-016  -9.2737038350558069E-017  0.52914526213995938        2.7924851890518789E-016   1.2517885102354131E-016   1.7207801425748106E-016 -0.21547968850563404     
  -1.3258244583687795E-030  -1.9603864158903217E-030  -2.8422272195646634E-030   4.4688900825537231E-016   1.7877841906753601E-030   1.7589915652918180E-030   1.8228285527146529E-030   8.7241877878557349E-016   3.1995744578282317E-031  -1.9326762742649098E-031   1.3510680672601917E-030   1.1321872221611575E-015
  -1.3675897793294850E-030  -2.0158430604787583E-030  -2.6892464134324996E-030   5.4942886034312446E-016   1.7589915652918180E-030   1.7984651774447499E-030   1.4546439051681756E-030   1.0505660647629532E-015   4.3792570540281597E-031  -8.2962152073808748E-032   1.2269623137782936E-030   8.0595418487742053E-016
  -1.0363956964945162E-030  -1.5639062979148420E-030  -3.4336791916463181E-030  -9.2737038350558069E-017   1.8228285527146529E-030   1.4546439051681756E-030   3.5517734574815606E-030  -7.0944362376079680E-017  -2.8904095395621605E-031  -7.3272790101037049E-031   1.8890052502306625E-030   2.6935347506547661E-015
  -8.2590623060418298E-016  -1.2033453915136211E-015  -1.0830811759422743E-015  0.52914526213995938        8.7241877878557349E-016   1.0505660647629532E-015  -7.0944362376079680E-017  0.97054783288748969        5.0514371469761599E-016   2.0954390408524462E-016   3.6918756858437696E-016 -0.32058048245068760     
  -3.5189579095690276E-031  -5.0888216440726629E-031  -3.1399625694207638E-031   2.7924851890518789E-016   3.1995744578282317E-031   4.3792570540281597E-031  -2.8904095395621605E-031   5.0514371469761599E-016   2.8083574591391657E-031   1.6006049272639273E-031   5.5949924370021937E-032  -3.5666294823294533E-016
   4.3540858619447632E-032   7.4337530737620240E-032   4.7674603518160238E-031   1.2517885102354131E-016  -1.9326762742649098E-031  -8.2962152073808748E-032  -7.3272790101037049E-031   2.0954390408524462E-016   1.6006049272639273E-031   1.9036038855593168E-031  -3.0786205751538845E-031  -6.0932759360264919E-016
  -9.0667955715379490E-031  -1.3501387928758770E-030  -2.3097595075862505E-030   1.7207801425748106E-016   1.3510680672601917E-030   1.2269623137782936E-030   1.8890052502306625E-030   3.6918756858437696E-016   5.5949924370021937E-032  -3.0786205751538845E-031   1.1755220271845935E-030   1.3205370350004036E-015
  -5.5291336671425572E-016  -8.4615745010763671E-016  -2.2869496706546819E-015 -0.21547968850563404        1.1321872221611575E-015   8.0595418487742053E-016   2.6935347506547661E-015 -0.32058048245068760       -3.5666294823294533E-016  -6.0932759360264919E-016   1.3205370350004036E-015   2.1161159296773944     
