   1.5489169009181951E-004  -1.1041629787545583E-015  -1.2074538115300379E-016  -2.3140039748313312E-016  -3.3011102042759273E-004  -4.0933649314421103E-016  -3.7810609885618404E-017  -7.8417034431696978E-017  -1.4872287790371079E-016  -1.8990455521820851E-017  -3.1306945797757943E-017  -1.7540029562011304E-002
  -1.1041629787545583E-015  0.54090760530880622        5.6890277729425044E-002  0.11147656083041721       -8.4388143377333880E-016  0.19616466575928557        2.0631734895600638E-002   4.0427906874796214E-002   7.3915718522914495E-002   7.7741294706660932E-003   1.5233415118168787E-002  -8.3505177061120815E-017
  -1.2074538115300379E-016   5.6890277729425044E-002   5.9834686522541739E-003   1.1724613304970904E-002  -7.8921375948617966E-017   2.0631734895600856E-002   2.1699549363527531E-003   4.2520290481281656E-003   7.7741294706660906E-003   8.1764867114080811E-004   1.6021834567208207E-003   5.1375317551944394E-016
  -2.3140039748313312E-016  0.11147656083041721        1.1724613304970904E-002   2.2974392470379617E-002  -1.6572961378194939E-016   4.0427906874796242E-002   4.2520290481281231E-003   8.3318555253105268E-003   1.5233415118168841E-002   1.6021834567208268E-003   3.1394802188186074E-003   4.1781388815136291E-016
  -3.3011102042759273E-004  -8.4388143377333880E-016  -7.8921375948617966E-017  -1.6572961378194939E-016   7.0354507555019509E-004  -2.8706719290369682E-016  -4.1363554094000723E-017  -7.1829842826815204E-017  -1.1992609164838856E-016  -5.4769785509807715E-018  -2.3316832426554615E-017   3.7381973517193211E-002
  -4.0933649314421103E-016  0.19616466575928557        2.0631734895600856E-002   4.0427906874796242E-002  -2.8706719290369682E-016   7.1140756230416685E-002   7.4822711681399191E-003   1.4661518458248254E-002   2.6806153354281360E-002   2.8193530544130397E-003   5.5245253638503012E-003   9.7784710070546769E-016
  -3.7810609885618404E-017   2.0631734895600638E-002   2.1699549363527531E-003   4.2520290481281231E-003  -4.1363554094000723E-017   7.4822711681399191E-003   7.8695230132571226E-004   1.5420338868199800E-003   2.8193530544130094E-003   2.9652712720001326E-004   5.8104522692607166E-004  -4.9071613292455165E-016
  -7.8417034431696978E-017   4.0427906874796214E-002   4.2520290481281656E-003   8.3318555253105268E-003  -7.1829842826815204E-017   1.4661518458248254E-002   1.5420338868199800E-003   3.0216170714480917E-003   5.5245253638503177E-003   5.8104522692607958E-004   1.1385587515095974E-003  -4.7155496206198442E-016
  -1.4872287790371079E-016   7.3915718522914495E-002   7.7741294706660906E-003   1.5233415118168841E-002  -1.1992609164838856E-016   2.6806153354281360E-002   2.8193530544130094E-003   5.5245253638503177E-003   1.0100677807330092E-002   1.0623447702984145E-003   2.0816657280580166E-003  -2.5628375705175790E-016
  -1.8990455521820851E-017   7.7741294706660932E-003   8.1764867114080811E-004   1.6021834567208268E-003  -5.4769785509807715E-018   2.8193530544130397E-003   2.9652712720001326E-004   5.8104522692607958E-004   1.0623447702984145E-003   1.1173274036732262E-004   2.1894042577093404E-004   3.5222445383082464E-016
  -3.1306945797757943E-017   1.5233415118168787E-002   1.6021834567208207E-003   3.1394802188186074E-003  -2.3316832426554615E-017   5.5245253638503012E-003   5.8104522692607166E-004   1.1385587515095974E-003   2.0816657280580166E-003   2.1894042577093404E-004   4.2901400143924984E-004   2.1512846533364793E-017
  -1.7540029562011304E-002  -8.3505177061120815E-017   5.1375317551944394E-016   4.1781388815136291E-016   3.7381973517193211E-002   9.7784710070546769E-016  -4.9071613292455165E-016  -4.7155496206198442E-016  -2.5628375705175790E-016   3.5222445383082464E-016   2.1512846533364793E-017   1.9862436574476952     
