   6.6312766604483992E-005   4.2595320503827067E-004   1.9600832715146841E-003   1.7326750821118397E-017   7.7823218722497609E-005   1.2103854764688629E-003   5.5697581247171855E-003  -1.0983560443238942E-018   1.5039880412235060E-018   2.7021362396400308E-018   8.5291492291490892E-020  -3.2477645855213022E-018  -2.4989850156094322E-018  -2.8311158124976057E-018   4.8601390200631833E-005   6.1927057753302813E-004   2.8496602096344309E-003   6.8386872262181948E-003   3.3513597788693221E-004   1.5421750938130745E-003   1.6241456595662063E-015   1.2023979890289863E-015
   4.2595320503827067E-004   4.2320523520751798E-003   1.9367602282379985E-002   5.7027253626768341E-017   1.2103854764683420E-003   1.1915158008942436E-002   5.5034835374732534E-002   2.3880252424206293E-016   2.7219285782620083E-017  -4.2554074954382438E-018  -2.6441241980344251E-018  -1.2721487538667882E-017   7.2428657596970907E-018  -2.1463525175189785E-017   6.1927057753282191E-004   6.1049473184226254E-003   2.8157520847302397E-002   3.3513597788726831E-004   1.0116251975317762E-002   1.5238247425916635E-002   1.4452232091783410E-016   2.2305458354366550E-016
   1.9600832715146841E-003   1.9367602282379985E-002   8.9145936279596327E-002   2.2009613757255449E-016   5.5697581247140830E-003   5.5034835374725574E-002  0.25320582243113759        1.1384102345908814E-015   1.3036989384351298E-016  -3.1334995102503337E-017  -1.1591023394599676E-017  -5.2780664440154033E-017   2.9840330068129131E-017  -8.5018606720239693E-017   2.8496602096332586E-003   2.8157520847300152E-002  0.12955670051194115        1.5421750938125324E-003   1.5238247425918179E-002   7.6925697683564526E-002  -1.1394725263391978E-015  -2.3353261600688773E-015
   1.7326750821118397E-017   5.7027253626768341E-017   2.2009613757255449E-016   1.4551929126222819E-004  -1.1478271729256537E-018   1.2801106361118046E-016   6.9853872960857317E-016  -3.4215403341959571E-004  -1.1705037485216221E-007   1.8522434862182523E-009   8.5233575961898203E-009  -1.0136268709954026E-007   8.4219381094069494E-008   2.1841306194756657E-007   9.0486150424988275E-018   6.9496763096040903E-017   3.3056971792016139E-016   1.2181560554088761E-015   2.0333434686104260E-015  -2.0931246237332992E-015   1.6560886155797764E-002  -9.8541603209962424E-003
   7.7823218722497609E-005   1.2103854764683420E-003   5.5697581247140830E-003  -1.1478271729256537E-018   4.3437973061972031E-004   3.4423086873199269E-003   1.5840265065736658E-002   9.7803142205521621E-017   1.0061379376863969E-017  -8.3631218554047049E-018  -1.3435210332513003E-018   4.3112805636813159E-019   7.8515229923179274E-018  -3.1220032288283908E-018   2.0515349697713714E-004   1.7594467569064193E-003   8.0963404302203737E-003  -1.3011274124235537E-002   8.8092980018322201E-004   4.0537217334985880E-003  -1.6434724257790516E-015  -1.3622666459218668E-015
   1.2103854764688629E-003   1.1915158008942436E-002   5.5034835374725574E-002   1.2801106361118046E-016   3.4423086873199269E-003   3.4099489875515081E-002  0.15651781651282762        7.0194901953327516E-016   7.5777569971658399E-017  -2.3044004596686007E-017  -6.5735906817146244E-018  -3.2897673611678968E-017   1.5989405905533068E-017  -4.3668618213971799E-017   1.7594467569065988E-003   1.7412200931020593E-002   8.0000020241055916E-002   8.8092980018246198E-004  -4.3959518370899940E-003   4.0054864728904752E-002  -5.7818079865568272E-016  -1.8356035515486496E-016
   5.5697581247171855E-003   5.5034835374732534E-002  0.25320582243113759        6.9853872960857317E-016   1.5840265065736658E-002  0.15651781651282762       0.72032463587887030        3.0916971245547557E-015   3.3883977811526278E-016  -8.3413086883808428E-017  -3.1357946186926484E-017  -1.6248000953411884E-016   8.0301871082456324E-017  -2.2739564035303360E-016   8.0963404302215585E-003   8.0000020241059538E-002  0.36815837662719492        4.0537217334994735E-003   4.0054864728902823E-002  0.17121763650147234        3.2459611770707644E-015   1.8314121871924061E-015
  -1.0983560443238942E-018   2.3880252424206293E-016   1.1384102345908814E-015  -3.4215403341959571E-004   9.7803142205521621E-017   7.0194901953327516E-016   3.0916971245547557E-015   8.0951143362167227E-004   2.9163881302674207E-007  -4.6149881408274527E-009  -2.1236513728693859E-008   2.5255189304664553E-007  -2.0983820314338304E-007  -5.4419070606138043E-007   2.5755006884743903E-017   3.5013938379319844E-016   1.6363174657016803E-015  -9.5979282453468807E-016  -7.3461558369472087E-016   4.0107475838274028E-015  -4.0016711860199207E-002   2.0453782680305101E-002
   1.5039880412235060E-018   2.7219285782620083E-017   1.3036989384351298E-016  -1.1705037485216221E-007   1.0061379376863969E-017   7.5777569971658399E-017   3.3883977811526278E-016   2.9163881302674207E-007   1.4790338839991207E-010  -2.3404716841947525E-012  -1.0770007965166798E-011   1.2808062253277509E-010  -1.0641855567629171E-010  -2.7598401092188937E-010   4.8640986683410399E-018   4.0762202522046893E-017   1.8452823390272661E-016  -3.6307590031231464E-016  -1.2619784787341850E-017   1.4352432211541371E-015  -1.6848420690765019E-005  -9.6308503543737326E-007
   2.7021362396400308E-018  -4.2554074954382438E-018  -3.1334995102503337E-017   1.8522434862182523E-009  -8.3631218554047049E-018  -2.3044004596686007E-017  -8.3413086883808428E-017  -4.6149881408274527E-009  -2.3404716841947525E-012   3.7036390875009040E-014   1.7042813524236894E-013  -2.0267897414321488E-012   1.6840020970974021E-012   4.3672614254560335E-012  -3.0217775714502304E-018  -1.1089758368127375E-017  -4.3904784218880474E-017   9.8748423556029896E-016   6.8042787859579552E-016  -3.1543758746474610E-016   2.6661492994701345E-007   1.5240173480541721E-008
   8.5291492291490892E-020  -2.6441241980344251E-018  -1.1591023394599676E-017   8.5233575961898203E-009  -1.3435210332513003E-018  -6.5735906817146244E-018  -3.1357946186926484E-017  -2.1236513728693859E-008  -1.0770007965166798E-011   1.7042813524236894E-013   7.8424891291959907E-013  -9.3265566109392094E-012   7.7491712980653349E-012   2.0096564575319736E-011  -5.7081543423483678E-019  -3.5398946515207761E-018  -1.6643005560793248E-017   9.7795908966336454E-017  -5.2634559119790077E-017  -7.2690126151739294E-017   1.2268659087182857E-006   7.0129790182216956E-008
  -3.2477645855213022E-018  -1.2721487538667882E-017  -5.2780664440154033E-017  -1.0136268709954026E-007   4.3112805636813159E-019  -3.2897673611678968E-017  -1.6248000953411884E-016   2.5255189304664553E-007   1.2808062253277509E-010  -2.0267897414321488E-012  -9.3265566109392094E-012   1.1091460476907480E-010  -9.2155798508172179E-011  -2.3899522729249925E-010  -4.8904080985980000E-019  -1.6409990345475763E-017  -7.8954997350173602E-017  -5.9655419085928038E-016  -2.5693856217502308E-016   5.0034481851946662E-016  -1.4590309486135447E-005  -8.3400747006801724E-007
  -2.4989850156094322E-018   7.2428657596970907E-018   2.9840330068129131E-017   8.4219381094069494E-008   7.8515229923179274E-018   1.5989405905533068E-017   8.0301871082456324E-017  -2.0983820314338304E-007  -1.0641855567629171E-010   1.6840020970974021E-012   7.7491712980653349E-012  -9.2155798508172179E-011   7.6569638564377407E-011   1.9857435417669471E-010   2.8707063027836077E-018   8.8598547619039576E-018   4.2843746608394060E-017  -9.2449941801654675E-016   2.6551206107442720E-016   2.0383764706846151E-016   1.2122674231550504E-005   6.9295314765682868E-007
  -2.8311158124976057E-018  -2.1463525175189785E-017  -8.5018606720239693E-017   2.1841306194756657E-007  -3.1220032288283908E-018  -4.3668618213971799E-017  -2.2739564035303360E-016  -5.4419070606138043E-007  -2.7598401092188937E-010   4.3672614254560335E-012   2.0096564575319736E-011  -2.3899522729249925E-010   1.9857435417669471E-010   5.1497923819424016E-010  -2.0694335681724960E-018  -2.4758675765511358E-017  -1.2237608045887641E-016  -3.0443346935184182E-016  -1.0070465688525102E-015  -5.8890854373791998E-016   3.1438730175939500E-005   1.7970925045499241E-006
   4.8601390200631833E-005   6.1927057753282191E-004   2.8496602096332586E-003   9.0486150424988275E-018   2.0515349697713714E-004   1.7594467569065988E-003   8.0963404302215585E-003   2.5755006884743903E-017   4.8640986683410399E-018  -3.0217775714502304E-018  -5.7081543423483678E-019  -4.8904080985980000E-019   2.8707063027836077E-018  -2.0694335681724960E-018   9.9615581034826495E-005   8.9998762356960263E-004   4.1414189743464230E-003  -4.0739383159583463E-003   5.1908518898288638E-004   2.3886431264791563E-003   9.3045542682226669E-016   8.0164606485025432E-016
   6.1927057753302813E-004   6.1049473184226254E-003   2.8157520847300152E-002   6.9496763096040903E-017   1.7594467569064193E-003   1.7412200931020593E-002   8.0000020241059538E-002   3.5013938379319844E-016   4.0762202522046893E-017  -1.1089758368127375E-017  -3.5398946515207761E-018  -1.6409990345475763E-017   8.8598547619039576E-018  -2.4758675765511358E-017   8.9998762356960263E-004   8.9013196780894002E-003   4.0921402037112121E-002   5.1908518898275270E-004   1.0026139775772551E-003   2.3602206467712099E-002   6.5272770090639426E-016   7.6800685046959451E-016
   2.8496602096344309E-003   2.8157520847302397E-002  0.12955670051194115        3.3056971792016139E-016   8.0963404302203737E-003   8.0000020241055916E-002  0.36815837662719492        1.6363174657016803E-015   1.8452823390272661E-016  -4.3904784218880474E-017  -1.6643005560793248E-017  -7.8954997350173602E-017   4.2843746608394060E-017  -1.2237608045887641E-016   4.1414189743464230E-003   4.0921402037112121E-002  0.18831409014231582        2.3886431264788428E-003   2.3602206467710978E-002  0.10448238350259442       -6.1526672711963970E-016  -1.0245577790710017E-015
   6.8386872262181948E-003   3.3513597788726831E-004   1.5421750938125324E-003   1.2181560554088761E-015  -1.3011274124235537E-002   8.8092980018246198E-004   4.0537217334994735E-003  -9.5979282453468807E-016  -3.6307590031231464E-016   9.8748423556029896E-016   9.7795908966336454E-017  -5.9655419085928038E-016  -9.2449941801654675E-016  -3.0443346935184182E-016  -4.0739383159583463E-003   5.1908518898275270E-004   2.3886431264788428E-003   1.9955409106812088        2.7031103458086608E-004   1.2438740470098043E-003   4.5936899460608614E-016  -1.2377458260058085E-016
   3.3513597788693221E-004   1.0116251975317762E-002   1.5238247425918179E-002   2.0333434686104260E-015   8.8092980018322201E-004  -4.3959518370899940E-003   4.0054864728902823E-002  -7.3461558369472087E-016  -1.2619784787341850E-017   6.8042787859579552E-016  -5.2634559119790077E-017  -2.5693856217502308E-016   2.6551206107442720E-016  -1.0070465688525102E-015   5.1908518898288638E-004   1.0026139775772551E-003   2.3602206467710978E-002   2.7031103458086608E-004   1.9981845000798271        1.2290731818379128E-002   9.1401910952168501E-016   6.2746783332841758E-017
   1.5421750938130745E-003   1.5238247425916635E-002   7.6925697683564526E-002  -2.0931246237332992E-015   4.0537217334985880E-003   4.0054864728904752E-002  0.17121763650147234        4.0107475838274028E-015   1.4352432211541371E-015  -3.1543758746474610E-016  -7.2690126151739294E-017   5.0034481851946662E-016   2.0383764706846151E-016  -5.8890854373791998E-016   2.3886431264791563E-003   2.3602206467712099E-002  0.10448238350259442        1.2438740470098043E-003   1.2290731818379128E-002   2.0520710762183807        1.0716026449413604E-015  -7.1723240477459195E-016
   1.6241456595662063E-015   1.4452232091783410E-016  -1.1394725263391978E-015   1.6560886155797764E-002  -1.6434724257790516E-015  -5.7818079865568272E-016   3.2459611770707644E-015  -4.0016711860199207E-002  -1.6848420690765019E-005   2.6661492994701345E-007   1.2268659087182857E-006  -1.4590309486135447E-005   1.2122674231550504E-005   3.1438730175939500E-005   9.3045542682226669E-016   6.5272770090639426E-016  -6.1526672711963970E-016   4.5936899460608614E-016   9.1401910952168501E-016   1.0716026449413604E-015   2.1162047922595386      -0.53809725074699144     
   1.2023979890289863E-015   2.2305458354366550E-016  -2.3353261600688773E-015  -9.8541603209962424E-003  -1.3622666459218668E-015  -1.8356035515486496E-016   1.8314121871924061E-015   2.0453782680305101E-002  -9.6308503543737326E-007   1.5240173480541721E-008   7.0129790182216956E-008  -8.3400747006801724E-007   6.9295314765682868E-007   1.7970925045499241E-006   8.0164606485025432E-016   7.6800685046959451E-016  -1.0245577790710017E-015  -1.2377458260058085E-016   6.2746783332841758E-017  -7.1723240477459195E-016 -0.53809725074699144        2.1374009830786043     
